5 1000000 5000 5002
1 700000
5 700000
1 700002
5 700002
1 700004
5 700004
1 700006
5 700006
1 700008
5 700008
1 700010
5 700010
1 700012
5 700012
1 700014
5 700014
1 700016
5 700016
1 700018
5 700018
1 700020
5 700020
1 700022
5 700022
1 700024
5 700024
1 700026
5 700026
1 700028
5 700028
1 700030
5 700030
1 700032
5 700032
1 700034
5 700034
1 700036
5 700036
1 700038
5 700038
1 700040
5 700040
1 700042
5 700042
1 700044
5 700044
1 700046
5 700046
1 700048
5 700048
1 700050
5 700050
1 700052
5 700052
1 700054
5 700054
1 700056
5 700056
1 700058
5 700058
1 700060
5 700060
1 700062
5 700062
1 700064
5 700064
1 700066
5 700066
1 700068
5 700068
1 700070
5 700070
1 700072
5 700072
1 700074
5 700074
1 700076
5 700076
1 700078
5 700078
1 700080
5 700080
1 700082
5 700082
1 700084
5 700084
1 700086
5 700086
1 700088
5 700088
1 700090
5 700090
1 700092
5 700092
1 700094
5 700094
1 700096
5 700096
1 700098
5 700098
1 700100
5 700100
1 700102
5 700102
1 700104
5 700104
1 700106
5 700106
1 700108
5 700108
1 700110
5 700110
1 700112
5 700112
1 700114
5 700114
1 700116
5 700116
1 700118
5 700118
1 700120
5 700120
1 700122
5 700122
1 700124
5 700124
1 700126
5 700126
1 700128
5 700128
1 700130
5 700130
1 700132
5 700132
1 700134
5 700134
1 700136
5 700136
1 700138
5 700138
1 700140
5 700140
1 700142
5 700142
1 700144
5 700144
1 700146
5 700146
1 700148
5 700148
1 700150
5 700150
1 700152
5 700152
1 700154
5 700154
1 700156
5 700156
1 700158
5 700158
1 700160
5 700160
1 700162
5 700162
1 700164
5 700164
1 700166
5 700166
1 700168
5 700168
1 700170
5 700170
1 700172
5 700172
1 700174
5 700174
1 700176
5 700176
1 700178
5 700178
1 700180
5 700180
1 700182
5 700182
1 700184
5 700184
1 700186
5 700186
1 700188
5 700188
1 700190
5 700190
1 700192
5 700192
1 700194
5 700194
1 700196
5 700196
1 700198
5 700198
1 700200
5 700200
1 700202
5 700202
1 700204
5 700204
1 700206
5 700206
1 700208
5 700208
1 700210
5 700210
1 700212
5 700212
1 700214
5 700214
1 700216
5 700216
1 700218
5 700218
1 700220
5 700220
1 700222
5 700222
1 700224
5 700224
1 700226
5 700226
1 700228
5 700228
1 700230
5 700230
1 700232
5 700232
1 700234
5 700234
1 700236
5 700236
1 700238
5 700238
1 700240
5 700240
1 700242
5 700242
1 700244
5 700244
1 700246
5 700246
1 700248
5 700248
1 700250
5 700250
1 700252
5 700252
1 700254
5 700254
1 700256
5 700256
1 700258
5 700258
1 700260
5 700260
1 700262
5 700262
1 700264
5 700264
1 700266
5 700266
1 700268
5 700268
1 700270
5 700270
1 700272
5 700272
1 700274
5 700274
1 700276
5 700276
1 700278
5 700278
1 700280
5 700280
1 700282
5 700282
1 700284
5 700284
1 700286
5 700286
1 700288
5 700288
1 700290
5 700290
1 700292
5 700292
1 700294
5 700294
1 700296
5 700296
1 700298
5 700298
1 700300
5 700300
1 700302
5 700302
1 700304
5 700304
1 700306
5 700306
1 700308
5 700308
1 700310
5 700310
1 700312
5 700312
1 700314
5 700314
1 700316
5 700316
1 700318
5 700318
1 700320
5 700320
1 700322
5 700322
1 700324
5 700324
1 700326
5 700326
1 700328
5 700328
1 700330
5 700330
1 700332
5 700332
1 700334
5 700334
1 700336
5 700336
1 700338
5 700338
1 700340
5 700340
1 700342
5 700342
1 700344
5 700344
1 700346
5 700346
1 700348
5 700348
1 700350
5 700350
1 700352
5 700352
1 700354
5 700354
1 700356
5 700356
1 700358
5 700358
1 700360
5 700360
1 700362
5 700362
1 700364
5 700364
1 700366
5 700366
1 700368
5 700368
1 700370
5 700370
1 700372
5 700372
1 700374
5 700374
1 700376
5 700376
1 700378
5 700378
1 700380
5 700380
1 700382
5 700382
1 700384
5 700384
1 700386
5 700386
1 700388
5 700388
1 700390
5 700390
1 700392
5 700392
1 700394
5 700394
1 700396
5 700396
1 700398
5 700398
1 700400
5 700400
1 700402
5 700402
1 700404
5 700404
1 700406
5 700406
1 700408
5 700408
1 700410
5 700410
1 700412
5 700412
1 700414
5 700414
1 700416
5 700416
1 700418
5 700418
1 700420
5 700420
1 700422
5 700422
1 700424
5 700424
1 700426
5 700426
1 700428
5 700428
1 700430
5 700430
1 700432
5 700432
1 700434
5 700434
1 700436
5 700436
1 700438
5 700438
1 700440
5 700440
1 700442
5 700442
1 700444
5 700444
1 700446
5 700446
1 700448
5 700448
1 700450
5 700450
1 700452
5 700452
1 700454
5 700454
1 700456
5 700456
1 700458
5 700458
1 700460
5 700460
1 700462
5 700462
1 700464
5 700464
1 700466
5 700466
1 700468
5 700468
1 700470
5 700470
1 700472
5 700472
1 700474
5 700474
1 700476
5 700476
1 700478
5 700478
1 700480
5 700480
1 700482
5 700482
1 700484
5 700484
1 700486
5 700486
1 700488
5 700488
1 700490
5 700490
1 700492
5 700492
1 700494
5 700494
1 700496
5 700496
1 700498
5 700498
1 700500
5 700500
1 700502
5 700502
1 700504
5 700504
1 700506
5 700506
1 700508
5 700508
1 700510
5 700510
1 700512
5 700512
1 700514
5 700514
1 700516
5 700516
1 700518
5 700518
1 700520
5 700520
1 700522
5 700522
1 700524
5 700524
1 700526
5 700526
1 700528
5 700528
1 700530
5 700530
1 700532
5 700532
1 700534
5 700534
1 700536
5 700536
1 700538
5 700538
1 700540
5 700540
1 700542
5 700542
1 700544
5 700544
1 700546
5 700546
1 700548
5 700548
1 700550
5 700550
1 700552
5 700552
1 700554
5 700554
1 700556
5 700556
1 700558
5 700558
1 700560
5 700560
1 700562
5 700562
1 700564
5 700564
1 700566
5 700566
1 700568
5 700568
1 700570
5 700570
1 700572
5 700572
1 700574
5 700574
1 700576
5 700576
1 700578
5 700578
1 700580
5 700580
1 700582
5 700582
1 700584
5 700584
1 700586
5 700586
1 700588
5 700588
1 700590
5 700590
1 700592
5 700592
1 700594
5 700594
1 700596
5 700596
1 700598
5 700598
1 700600
5 700600
1 700602
5 700602
1 700604
5 700604
1 700606
5 700606
1 700608
5 700608
1 700610
5 700610
1 700612
5 700612
1 700614
5 700614
1 700616
5 700616
1 700618
5 700618
1 700620
5 700620
1 700622
5 700622
1 700624
5 700624
1 700626
5 700626
1 700628
5 700628
1 700630
5 700630
1 700632
5 700632
1 700634
5 700634
1 700636
5 700636
1 700638
5 700638
1 700640
5 700640
1 700642
5 700642
1 700644
5 700644
1 700646
5 700646
1 700648
5 700648
1 700650
5 700650
1 700652
5 700652
1 700654
5 700654
1 700656
5 700656
1 700658
5 700658
1 700660
5 700660
1 700662
5 700662
1 700664
5 700664
1 700666
5 700666
1 700668
5 700668
1 700670
5 700670
1 700672
5 700672
1 700674
5 700674
1 700676
5 700676
1 700678
5 700678
1 700680
5 700680
1 700682
5 700682
1 700684
5 700684
1 700686
5 700686
1 700688
5 700688
1 700690
5 700690
1 700692
5 700692
1 700694
5 700694
1 700696
5 700696
1 700698
5 700698
1 700700
5 700700
1 700702
5 700702
1 700704
5 700704
1 700706
5 700706
1 700708
5 700708
1 700710
5 700710
1 700712
5 700712
1 700714
5 700714
1 700716
5 700716
1 700718
5 700718
1 700720
5 700720
1 700722
5 700722
1 700724
5 700724
1 700726
5 700726
1 700728
5 700728
1 700730
5 700730
1 700732
5 700732
1 700734
5 700734
1 700736
5 700736
1 700738
5 700738
1 700740
5 700740
1 700742
5 700742
1 700744
5 700744
1 700746
5 700746
1 700748
5 700748
1 700750
5 700750
1 700752
5 700752
1 700754
5 700754
1 700756
5 700756
1 700758
5 700758
1 700760
5 700760
1 700762
5 700762
1 700764
5 700764
1 700766
5 700766
1 700768
5 700768
1 700770
5 700770
1 700772
5 700772
1 700774
5 700774
1 700776
5 700776
1 700778
5 700778
1 700780
5 700780
1 700782
5 700782
1 700784
5 700784
1 700786
5 700786
1 700788
5 700788
1 700790
5 700790
1 700792
5 700792
1 700794
5 700794
1 700796
5 700796
1 700798
5 700798
1 700800
5 700800
1 700802
5 700802
1 700804
5 700804
1 700806
5 700806
1 700808
5 700808
1 700810
5 700810
1 700812
5 700812
1 700814
5 700814
1 700816
5 700816
1 700818
5 700818
1 700820
5 700820
1 700822
5 700822
1 700824
5 700824
1 700826
5 700826
1 700828
5 700828
1 700830
5 700830
1 700832
5 700832
1 700834
5 700834
1 700836
5 700836
1 700838
5 700838
1 700840
5 700840
1 700842
5 700842
1 700844
5 700844
1 700846
5 700846
1 700848
5 700848
1 700850
5 700850
1 700852
5 700852
1 700854
5 700854
1 700856
5 700856
1 700858
5 700858
1 700860
5 700860
1 700862
5 700862
1 700864
5 700864
1 700866
5 700866
1 700868
5 700868
1 700870
5 700870
1 700872
5 700872
1 700874
5 700874
1 700876
5 700876
1 700878
5 700878
1 700880
5 700880
1 700882
5 700882
1 700884
5 700884
1 700886
5 700886
1 700888
5 700888
1 700890
5 700890
1 700892
5 700892
1 700894
5 700894
1 700896
5 700896
1 700898
5 700898
1 700900
5 700900
1 700902
5 700902
1 700904
5 700904
1 700906
5 700906
1 700908
5 700908
1 700910
5 700910
1 700912
5 700912
1 700914
5 700914
1 700916
5 700916
1 700918
5 700918
1 700920
5 700920
1 700922
5 700922
1 700924
5 700924
1 700926
5 700926
1 700928
5 700928
1 700930
5 700930
1 700932
5 700932
1 700934
5 700934
1 700936
5 700936
1 700938
5 700938
1 700940
5 700940
1 700942
5 700942
1 700944
5 700944
1 700946
5 700946
1 700948
5 700948
1 700950
5 700950
1 700952
5 700952
1 700954
5 700954
1 700956
5 700956
1 700958
5 700958
1 700960
5 700960
1 700962
5 700962
1 700964
5 700964
1 700966
5 700966
1 700968
5 700968
1 700970
5 700970
1 700972
5 700972
1 700974
5 700974
1 700976
5 700976
1 700978
5 700978
1 700980
5 700980
1 700982
5 700982
1 700984
5 700984
1 700986
5 700986
1 700988
5 700988
1 700990
5 700990
1 700992
5 700992
1 700994
5 700994
1 700996
5 700996
1 700998
5 700998
1 701000
5 701000
1 701002
5 701002
1 701004
5 701004
1 701006
5 701006
1 701008
5 701008
1 701010
5 701010
1 701012
5 701012
1 701014
5 701014
1 701016
5 701016
1 701018
5 701018
1 701020
5 701020
1 701022
5 701022
1 701024
5 701024
1 701026
5 701026
1 701028
5 701028
1 701030
5 701030
1 701032
5 701032
1 701034
5 701034
1 701036
5 701036
1 701038
5 701038
1 701040
5 701040
1 701042
5 701042
1 701044
5 701044
1 701046
5 701046
1 701048
5 701048
1 701050
5 701050
1 701052
5 701052
1 701054
5 701054
1 701056
5 701056
1 701058
5 701058
1 701060
5 701060
1 701062
5 701062
1 701064
5 701064
1 701066
5 701066
1 701068
5 701068
1 701070
5 701070
1 701072
5 701072
1 701074
5 701074
1 701076
5 701076
1 701078
5 701078
1 701080
5 701080
1 701082
5 701082
1 701084
5 701084
1 701086
5 701086
1 701088
5 701088
1 701090
5 701090
1 701092
5 701092
1 701094
5 701094
1 701096
5 701096
1 701098
5 701098
1 701100
5 701100
1 701102
5 701102
1 701104
5 701104
1 701106
5 701106
1 701108
5 701108
1 701110
5 701110
1 701112
5 701112
1 701114
5 701114
1 701116
5 701116
1 701118
5 701118
1 701120
5 701120
1 701122
5 701122
1 701124
5 701124
1 701126
5 701126
1 701128
5 701128
1 701130
5 701130
1 701132
5 701132
1 701134
5 701134
1 701136
5 701136
1 701138
5 701138
1 701140
5 701140
1 701142
5 701142
1 701144
5 701144
1 701146
5 701146
1 701148
5 701148
1 701150
5 701150
1 701152
5 701152
1 701154
5 701154
1 701156
5 701156
1 701158
5 701158
1 701160
5 701160
1 701162
5 701162
1 701164
5 701164
1 701166
5 701166
1 701168
5 701168
1 701170
5 701170
1 701172
5 701172
1 701174
5 701174
1 701176
5 701176
1 701178
5 701178
1 701180
5 701180
1 701182
5 701182
1 701184
5 701184
1 701186
5 701186
1 701188
5 701188
1 701190
5 701190
1 701192
5 701192
1 701194
5 701194
1 701196
5 701196
1 701198
5 701198
1 701200
5 701200
1 701202
5 701202
1 701204
5 701204
1 701206
5 701206
1 701208
5 701208
1 701210
5 701210
1 701212
5 701212
1 701214
5 701214
1 701216
5 701216
1 701218
5 701218
1 701220
5 701220
1 701222
5 701222
1 701224
5 701224
1 701226
5 701226
1 701228
5 701228
1 701230
5 701230
1 701232
5 701232
1 701234
5 701234
1 701236
5 701236
1 701238
5 701238
1 701240
5 701240
1 701242
5 701242
1 701244
5 701244
1 701246
5 701246
1 701248
5 701248
1 701250
5 701250
1 701252
5 701252
1 701254
5 701254
1 701256
5 701256
1 701258
5 701258
1 701260
5 701260
1 701262
5 701262
1 701264
5 701264
1 701266
5 701266
1 701268
5 701268
1 701270
5 701270
1 701272
5 701272
1 701274
5 701274
1 701276
5 701276
1 701278
5 701278
1 701280
5 701280
1 701282
5 701282
1 701284
5 701284
1 701286
5 701286
1 701288
5 701288
1 701290
5 701290
1 701292
5 701292
1 701294
5 701294
1 701296
5 701296
1 701298
5 701298
1 701300
5 701300
1 701302
5 701302
1 701304
5 701304
1 701306
5 701306
1 701308
5 701308
1 701310
5 701310
1 701312
5 701312
1 701314
5 701314
1 701316
5 701316
1 701318
5 701318
1 701320
5 701320
1 701322
5 701322
1 701324
5 701324
1 701326
5 701326
1 701328
5 701328
1 701330
5 701330
1 701332
5 701332
1 701334
5 701334
1 701336
5 701336
1 701338
5 701338
1 701340
5 701340
1 701342
5 701342
1 701344
5 701344
1 701346
5 701346
1 701348
5 701348
1 701350
5 701350
1 701352
5 701352
1 701354
5 701354
1 701356
5 701356
1 701358
5 701358
1 701360
5 701360
1 701362
5 701362
1 701364
5 701364
1 701366
5 701366
1 701368
5 701368
1 701370
5 701370
1 701372
5 701372
1 701374
5 701374
1 701376
5 701376
1 701378
5 701378
1 701380
5 701380
1 701382
5 701382
1 701384
5 701384
1 701386
5 701386
1 701388
5 701388
1 701390
5 701390
1 701392
5 701392
1 701394
5 701394
1 701396
5 701396
1 701398
5 701398
1 701400
5 701400
1 701402
5 701402
1 701404
5 701404
1 701406
5 701406
1 701408
5 701408
1 701410
5 701410
1 701412
5 701412
1 701414
5 701414
1 701416
5 701416
1 701418
5 701418
1 701420
5 701420
1 701422
5 701422
1 701424
5 701424
1 701426
5 701426
1 701428
5 701428
1 701430
5 701430
1 701432
5 701432
1 701434
5 701434
1 701436
5 701436
1 701438
5 701438
1 701440
5 701440
1 701442
5 701442
1 701444
5 701444
1 701446
5 701446
1 701448
5 701448
1 701450
5 701450
1 701452
5 701452
1 701454
5 701454
1 701456
5 701456
1 701458
5 701458
1 701460
5 701460
1 701462
5 701462
1 701464
5 701464
1 701466
5 701466
1 701468
5 701468
1 701470
5 701470
1 701472
5 701472
1 701474
5 701474
1 701476
5 701476
1 701478
5 701478
1 701480
5 701480
1 701482
5 701482
1 701484
5 701484
1 701486
5 701486
1 701488
5 701488
1 701490
5 701490
1 701492
5 701492
1 701494
5 701494
1 701496
5 701496
1 701498
5 701498
1 701500
5 701500
1 701502
5 701502
1 701504
5 701504
1 701506
5 701506
1 701508
5 701508
1 701510
5 701510
1 701512
5 701512
1 701514
5 701514
1 701516
5 701516
1 701518
5 701518
1 701520
5 701520
1 701522
5 701522
1 701524
5 701524
1 701526
5 701526
1 701528
5 701528
1 701530
5 701530
1 701532
5 701532
1 701534
5 701534
1 701536
5 701536
1 701538
5 701538
1 701540
5 701540
1 701542
5 701542
1 701544
5 701544
1 701546
5 701546
1 701548
5 701548
1 701550
5 701550
1 701552
5 701552
1 701554
5 701554
1 701556
5 701556
1 701558
5 701558
1 701560
5 701560
1 701562
5 701562
1 701564
5 701564
1 701566
5 701566
1 701568
5 701568
1 701570
5 701570
1 701572
5 701572
1 701574
5 701574
1 701576
5 701576
1 701578
5 701578
1 701580
5 701580
1 701582
5 701582
1 701584
5 701584
1 701586
5 701586
1 701588
5 701588
1 701590
5 701590
1 701592
5 701592
1 701594
5 701594
1 701596
5 701596
1 701598
5 701598
1 701600
5 701600
1 701602
5 701602
1 701604
5 701604
1 701606
5 701606
1 701608
5 701608
1 701610
5 701610
1 701612
5 701612
1 701614
5 701614
1 701616
5 701616
1 701618
5 701618
1 701620
5 701620
1 701622
5 701622
1 701624
5 701624
1 701626
5 701626
1 701628
5 701628
1 701630
5 701630
1 701632
5 701632
1 701634
5 701634
1 701636
5 701636
1 701638
5 701638
1 701640
5 701640
1 701642
5 701642
1 701644
5 701644
1 701646
5 701646
1 701648
5 701648
1 701650
5 701650
1 701652
5 701652
1 701654
5 701654
1 701656
5 701656
1 701658
5 701658
1 701660
5 701660
1 701662
5 701662
1 701664
5 701664
1 701666
5 701666
1 701668
5 701668
1 701670
5 701670
1 701672
5 701672
1 701674
5 701674
1 701676
5 701676
1 701678
5 701678
1 701680
5 701680
1 701682
5 701682
1 701684
5 701684
1 701686
5 701686
1 701688
5 701688
1 701690
5 701690
1 701692
5 701692
1 701694
5 701694
1 701696
5 701696
1 701698
5 701698
1 701700
5 701700
1 701702
5 701702
1 701704
5 701704
1 701706
5 701706
1 701708
5 701708
1 701710
5 701710
1 701712
5 701712
1 701714
5 701714
1 701716
5 701716
1 701718
5 701718
1 701720
5 701720
1 701722
5 701722
1 701724
5 701724
1 701726
5 701726
1 701728
5 701728
1 701730
5 701730
1 701732
5 701732
1 701734
5 701734
1 701736
5 701736
1 701738
5 701738
1 701740
5 701740
1 701742
5 701742
1 701744
5 701744
1 701746
5 701746
1 701748
5 701748
1 701750
5 701750
1 701752
5 701752
1 701754
5 701754
1 701756
5 701756
1 701758
5 701758
1 701760
5 701760
1 701762
5 701762
1 701764
5 701764
1 701766
5 701766
1 701768
5 701768
1 701770
5 701770
1 701772
5 701772
1 701774
5 701774
1 701776
5 701776
1 701778
5 701778
1 701780
5 701780
1 701782
5 701782
1 701784
5 701784
1 701786
5 701786
1 701788
5 701788
1 701790
5 701790
1 701792
5 701792
1 701794
5 701794
1 701796
5 701796
1 701798
5 701798
1 701800
5 701800
1 701802
5 701802
1 701804
5 701804
1 701806
5 701806
1 701808
5 701808
1 701810
5 701810
1 701812
5 701812
1 701814
5 701814
1 701816
5 701816
1 701818
5 701818
1 701820
5 701820
1 701822
5 701822
1 701824
5 701824
1 701826
5 701826
1 701828
5 701828
1 701830
5 701830
1 701832
5 701832
1 701834
5 701834
1 701836
5 701836
1 701838
5 701838
1 701840
5 701840
1 701842
5 701842
1 701844
5 701844
1 701846
5 701846
1 701848
5 701848
1 701850
5 701850
1 701852
5 701852
1 701854
5 701854
1 701856
5 701856
1 701858
5 701858
1 701860
5 701860
1 701862
5 701862
1 701864
5 701864
1 701866
5 701866
1 701868
5 701868
1 701870
5 701870
1 701872
5 701872
1 701874
5 701874
1 701876
5 701876
1 701878
5 701878
1 701880
5 701880
1 701882
5 701882
1 701884
5 701884
1 701886
5 701886
1 701888
5 701888
1 701890
5 701890
1 701892
5 701892
1 701894
5 701894
1 701896
5 701896
1 701898
5 701898
1 701900
5 701900
1 701902
5 701902
1 701904
5 701904
1 701906
5 701906
1 701908
5 701908
1 701910
5 701910
1 701912
5 701912
1 701914
5 701914
1 701916
5 701916
1 701918
5 701918
1 701920
5 701920
1 701922
5 701922
1 701924
5 701924
1 701926
5 701926
1 701928
5 701928
1 701930
5 701930
1 701932
5 701932
1 701934
5 701934
1 701936
5 701936
1 701938
5 701938
1 701940
5 701940
1 701942
5 701942
1 701944
5 701944
1 701946
5 701946
1 701948
5 701948
1 701950
5 701950
1 701952
5 701952
1 701954
5 701954
1 701956
5 701956
1 701958
5 701958
1 701960
5 701960
1 701962
5 701962
1 701964
5 701964
1 701966
5 701966
1 701968
5 701968
1 701970
5 701970
1 701972
5 701972
1 701974
5 701974
1 701976
5 701976
1 701978
5 701978
1 701980
5 701980
1 701982
5 701982
1 701984
5 701984
1 701986
5 701986
1 701988
5 701988
1 701990
5 701990
1 701992
5 701992
1 701994
5 701994
1 701996
5 701996
1 701998
5 701998
1 702000
5 702000
1 702002
5 702002
1 702004
5 702004
1 702006
5 702006
1 702008
5 702008
1 702010
5 702010
1 702012
5 702012
1 702014
5 702014
1 702016
5 702016
1 702018
5 702018
1 702020
5 702020
1 702022
5 702022
1 702024
5 702024
1 702026
5 702026
1 702028
5 702028
1 702030
5 702030
1 702032
5 702032
1 702034
5 702034
1 702036
5 702036
1 702038
5 702038
1 702040
5 702040
1 702042
5 702042
1 702044
5 702044
1 702046
5 702046
1 702048
5 702048
1 702050
5 702050
1 702052
5 702052
1 702054
5 702054
1 702056
5 702056
1 702058
5 702058
1 702060
5 702060
1 702062
5 702062
1 702064
5 702064
1 702066
5 702066
1 702068
5 702068
1 702070
5 702070
1 702072
5 702072
1 702074
5 702074
1 702076
5 702076
1 702078
5 702078
1 702080
5 702080
1 702082
5 702082
1 702084
5 702084
1 702086
5 702086
1 702088
5 702088
1 702090
5 702090
1 702092
5 702092
1 702094
5 702094
1 702096
5 702096
1 702098
5 702098
1 702100
5 702100
1 702102
5 702102
1 702104
5 702104
1 702106
5 702106
1 702108
5 702108
1 702110
5 702110
1 702112
5 702112
1 702114
5 702114
1 702116
5 702116
1 702118
5 702118
1 702120
5 702120
1 702122
5 702122
1 702124
5 702124
1 702126
5 702126
1 702128
5 702128
1 702130
5 702130
1 702132
5 702132
1 702134
5 702134
1 702136
5 702136
1 702138
5 702138
1 702140
5 702140
1 702142
5 702142
1 702144
5 702144
1 702146
5 702146
1 702148
5 702148
1 702150
5 702150
1 702152
5 702152
1 702154
5 702154
1 702156
5 702156
1 702158
5 702158
1 702160
5 702160
1 702162
5 702162
1 702164
5 702164
1 702166
5 702166
1 702168
5 702168
1 702170
5 702170
1 702172
5 702172
1 702174
5 702174
1 702176
5 702176
1 702178
5 702178
1 702180
5 702180
1 702182
5 702182
1 702184
5 702184
1 702186
5 702186
1 702188
5 702188
1 702190
5 702190
1 702192
5 702192
1 702194
5 702194
1 702196
5 702196
1 702198
5 702198
1 702200
5 702200
1 702202
5 702202
1 702204
5 702204
1 702206
5 702206
1 702208
5 702208
1 702210
5 702210
1 702212
5 702212
1 702214
5 702214
1 702216
5 702216
1 702218
5 702218
1 702220
5 702220
1 702222
5 702222
1 702224
5 702224
1 702226
5 702226
1 702228
5 702228
1 702230
5 702230
1 702232
5 702232
1 702234
5 702234
1 702236
5 702236
1 702238
5 702238
1 702240
5 702240
1 702242
5 702242
1 702244
5 702244
1 702246
5 702246
1 702248
5 702248
1 702250
5 702250
1 702252
5 702252
1 702254
5 702254
1 702256
5 702256
1 702258
5 702258
1 702260
5 702260
1 702262
5 702262
1 702264
5 702264
1 702266
5 702266
1 702268
5 702268
1 702270
5 702270
1 702272
5 702272
1 702274
5 702274
1 702276
5 702276
1 702278
5 702278
1 702280
5 702280
1 702282
5 702282
1 702284
5 702284
1 702286
5 702286
1 702288
5 702288
1 702290
5 702290
1 702292
5 702292
1 702294
5 702294
1 702296
5 702296
1 702298
5 702298
1 702300
5 702300
1 702302
5 702302
1 702304
5 702304
1 702306
5 702306
1 702308
5 702308
1 702310
5 702310
1 702312
5 702312
1 702314
5 702314
1 702316
5 702316
1 702318
5 702318
1 702320
5 702320
1 702322
5 702322
1 702324
5 702324
1 702326
5 702326
1 702328
5 702328
1 702330
5 702330
1 702332
5 702332
1 702334
5 702334
1 702336
5 702336
1 702338
5 702338
1 702340
5 702340
1 702342
5 702342
1 702344
5 702344
1 702346
5 702346
1 702348
5 702348
1 702350
5 702350
1 702352
5 702352
1 702354
5 702354
1 702356
5 702356
1 702358
5 702358
1 702360
5 702360
1 702362
5 702362
1 702364
5 702364
1 702366
5 702366
1 702368
5 702368
1 702370
5 702370
1 702372
5 702372
1 702374
5 702374
1 702376
5 702376
1 702378
5 702378
1 702380
5 702380
1 702382
5 702382
1 702384
5 702384
1 702386
5 702386
1 702388
5 702388
1 702390
5 702390
1 702392
5 702392
1 702394
5 702394
1 702396
5 702396
1 702398
5 702398
1 702400
5 702400
1 702402
5 702402
1 702404
5 702404
1 702406
5 702406
1 702408
5 702408
1 702410
5 702410
1 702412
5 702412
1 702414
5 702414
1 702416
5 702416
1 702418
5 702418
1 702420
5 702420
1 702422
5 702422
1 702424
5 702424
1 702426
5 702426
1 702428
5 702428
1 702430
5 702430
1 702432
5 702432
1 702434
5 702434
1 702436
5 702436
1 702438
5 702438
1 702440
5 702440
1 702442
5 702442
1 702444
5 702444
1 702446
5 702446
1 702448
5 702448
1 702450
5 702450
1 702452
5 702452
1 702454
5 702454
1 702456
5 702456
1 702458
5 702458
1 702460
5 702460
1 702462
5 702462
1 702464
5 702464
1 702466
5 702466
1 702468
5 702468
1 702470
5 702470
1 702472
5 702472
1 702474
5 702474
1 702476
5 702476
1 702478
5 702478
1 702480
5 702480
1 702482
5 702482
1 702484
5 702484
1 702486
5 702486
1 702488
5 702488
1 702490
5 702490
1 702492
5 702492
1 702494
5 702494
1 702496
5 702496
1 702498
5 702498
1 702500
5 702500
1 702502
5 702502
1 702504
5 702504
1 702506
5 702506
1 702508
5 702508
1 702510
5 702510
1 702512
5 702512
1 702514
5 702514
1 702516
5 702516
1 702518
5 702518
1 702520
5 702520
1 702522
5 702522
1 702524
5 702524
1 702526
5 702526
1 702528
5 702528
1 702530
5 702530
1 702532
5 702532
1 702534
5 702534
1 702536
5 702536
1 702538
5 702538
1 702540
5 702540
1 702542
5 702542
1 702544
5 702544
1 702546
5 702546
1 702548
5 702548
1 702550
5 702550
1 702552
5 702552
1 702554
5 702554
1 702556
5 702556
1 702558
5 702558
1 702560
5 702560
1 702562
5 702562
1 702564
5 702564
1 702566
5 702566
1 702568
5 702568
1 702570
5 702570
1 702572
5 702572
1 702574
5 702574
1 702576
5 702576
1 702578
5 702578
1 702580
5 702580
1 702582
5 702582
1 702584
5 702584
1 702586
5 702586
1 702588
5 702588
1 702590
5 702590
1 702592
5 702592
1 702594
5 702594
1 702596
5 702596
1 702598
5 702598
1 702600
5 702600
1 702602
5 702602
1 702604
5 702604
1 702606
5 702606
1 702608
5 702608
1 702610
5 702610
1 702612
5 702612
1 702614
5 702614
1 702616
5 702616
1 702618
5 702618
1 702620
5 702620
1 702622
5 702622
1 702624
5 702624
1 702626
5 702626
1 702628
5 702628
1 702630
5 702630
1 702632
5 702632
1 702634
5 702634
1 702636
5 702636
1 702638
5 702638
1 702640
5 702640
1 702642
5 702642
1 702644
5 702644
1 702646
5 702646
1 702648
5 702648
1 702650
5 702650
1 702652
5 702652
1 702654
5 702654
1 702656
5 702656
1 702658
5 702658
1 702660
5 702660
1 702662
5 702662
1 702664
5 702664
1 702666
5 702666
1 702668
5 702668
1 702670
5 702670
1 702672
5 702672
1 702674
5 702674
1 702676
5 702676
1 702678
5 702678
1 702680
5 702680
1 702682
5 702682
1 702684
5 702684
1 702686
5 702686
1 702688
5 702688
1 702690
5 702690
1 702692
5 702692
1 702694
5 702694
1 702696
5 702696
1 702698
5 702698
1 702700
5 702700
1 702702
5 702702
1 702704
5 702704
1 702706
5 702706
1 702708
5 702708
1 702710
5 702710
1 702712
5 702712
1 702714
5 702714
1 702716
5 702716
1 702718
5 702718
1 702720
5 702720
1 702722
5 702722
1 702724
5 702724
1 702726
5 702726
1 702728
5 702728
1 702730
5 702730
1 702732
5 702732
1 702734
5 702734
1 702736
5 702736
1 702738
5 702738
1 702740
5 702740
1 702742
5 702742
1 702744
5 702744
1 702746
5 702746
1 702748
5 702748
1 702750
5 702750
1 702752
5 702752
1 702754
5 702754
1 702756
5 702756
1 702758
5 702758
1 702760
5 702760
1 702762
5 702762
1 702764
5 702764
1 702766
5 702766
1 702768
5 702768
1 702770
5 702770
1 702772
5 702772
1 702774
5 702774
1 702776
5 702776
1 702778
5 702778
1 702780
5 702780
1 702782
5 702782
1 702784
5 702784
1 702786
5 702786
1 702788
5 702788
1 702790
5 702790
1 702792
5 702792
1 702794
5 702794
1 702796
5 702796
1 702798
5 702798
1 702800
5 702800
1 702802
5 702802
1 702804
5 702804
1 702806
5 702806
1 702808
5 702808
1 702810
5 702810
1 702812
5 702812
1 702814
5 702814
1 702816
5 702816
1 702818
5 702818
1 702820
5 702820
1 702822
5 702822
1 702824
5 702824
1 702826
5 702826
1 702828
5 702828
1 702830
5 702830
1 702832
5 702832
1 702834
5 702834
1 702836
5 702836
1 702838
5 702838
1 702840
5 702840
1 702842
5 702842
1 702844
5 702844
1 702846
5 702846
1 702848
5 702848
1 702850
5 702850
1 702852
5 702852
1 702854
5 702854
1 702856
5 702856
1 702858
5 702858
1 702860
5 702860
1 702862
5 702862
1 702864
5 702864
1 702866
5 702866
1 702868
5 702868
1 702870
5 702870
1 702872
5 702872
1 702874
5 702874
1 702876
5 702876
1 702878
5 702878
1 702880
5 702880
1 702882
5 702882
1 702884
5 702884
1 702886
5 702886
1 702888
5 702888
1 702890
5 702890
1 702892
5 702892
1 702894
5 702894
1 702896
5 702896
1 702898
5 702898
1 702900
5 702900
1 702902
5 702902
1 702904
5 702904
1 702906
5 702906
1 702908
5 702908
1 702910
5 702910
1 702912
5 702912
1 702914
5 702914
1 702916
5 702916
1 702918
5 702918
1 702920
5 702920
1 702922
5 702922
1 702924
5 702924
1 702926
5 702926
1 702928
5 702928
1 702930
5 702930
1 702932
5 702932
1 702934
5 702934
1 702936
5 702936
1 702938
5 702938
1 702940
5 702940
1 702942
5 702942
1 702944
5 702944
1 702946
5 702946
1 702948
5 702948
1 702950
5 702950
1 702952
5 702952
1 702954
5 702954
1 702956
5 702956
1 702958
5 702958
1 702960
5 702960
1 702962
5 702962
1 702964
5 702964
1 702966
5 702966
1 702968
5 702968
1 702970
5 702970
1 702972
5 702972
1 702974
5 702974
1 702976
5 702976
1 702978
5 702978
1 702980
5 702980
1 702982
5 702982
1 702984
5 702984
1 702986
5 702986
1 702988
5 702988
1 702990
5 702990
1 702992
5 702992
1 702994
5 702994
1 702996
5 702996
1 702998
5 702998
1 703000
5 703000
1 703002
5 703002
1 703004
5 703004
1 703006
5 703006
1 703008
5 703008
1 703010
5 703010
1 703012
5 703012
1 703014
5 703014
1 703016
5 703016
1 703018
5 703018
1 703020
5 703020
1 703022
5 703022
1 703024
5 703024
1 703026
5 703026
1 703028
5 703028
1 703030
5 703030
1 703032
5 703032
1 703034
5 703034
1 703036
5 703036
1 703038
5 703038
1 703040
5 703040
1 703042
5 703042
1 703044
5 703044
1 703046
5 703046
1 703048
5 703048
1 703050
5 703050
1 703052
5 703052
1 703054
5 703054
1 703056
5 703056
1 703058
5 703058
1 703060
5 703060
1 703062
5 703062
1 703064
5 703064
1 703066
5 703066
1 703068
5 703068
1 703070
5 703070
1 703072
5 703072
1 703074
5 703074
1 703076
5 703076
1 703078
5 703078
1 703080
5 703080
1 703082
5 703082
1 703084
5 703084
1 703086
5 703086
1 703088
5 703088
1 703090
5 703090
1 703092
5 703092
1 703094
5 703094
1 703096
5 703096
1 703098
5 703098
1 703100
5 703100
1 703102
5 703102
1 703104
5 703104
1 703106
5 703106
1 703108
5 703108
1 703110
5 703110
1 703112
5 703112
1 703114
5 703114
1 703116
5 703116
1 703118
5 703118
1 703120
5 703120
1 703122
5 703122
1 703124
5 703124
1 703126
5 703126
1 703128
5 703128
1 703130
5 703130
1 703132
5 703132
1 703134
5 703134
1 703136
5 703136
1 703138
5 703138
1 703140
5 703140
1 703142
5 703142
1 703144
5 703144
1 703146
5 703146
1 703148
5 703148
1 703150
5 703150
1 703152
5 703152
1 703154
5 703154
1 703156
5 703156
1 703158
5 703158
1 703160
5 703160
1 703162
5 703162
1 703164
5 703164
1 703166
5 703166
1 703168
5 703168
1 703170
5 703170
1 703172
5 703172
1 703174
5 703174
1 703176
5 703176
1 703178
5 703178
1 703180
5 703180
1 703182
5 703182
1 703184
5 703184
1 703186
5 703186
1 703188
5 703188
1 703190
5 703190
1 703192
5 703192
1 703194
5 703194
1 703196
5 703196
1 703198
5 703198
1 703200
5 703200
1 703202
5 703202
1 703204
5 703204
1 703206
5 703206
1 703208
5 703208
1 703210
5 703210
1 703212
5 703212
1 703214
5 703214
1 703216
5 703216
1 703218
5 703218
1 703220
5 703220
1 703222
5 703222
1 703224
5 703224
1 703226
5 703226
1 703228
5 703228
1 703230
5 703230
1 703232
5 703232
1 703234
5 703234
1 703236
5 703236
1 703238
5 703238
1 703240
5 703240
1 703242
5 703242
1 703244
5 703244
1 703246
5 703246
1 703248
5 703248
1 703250
5 703250
1 703252
5 703252
1 703254
5 703254
1 703256
5 703256
1 703258
5 703258
1 703260
5 703260
1 703262
5 703262
1 703264
5 703264
1 703266
5 703266
1 703268
5 703268
1 703270
5 703270
1 703272
5 703272
1 703274
5 703274
1 703276
5 703276
1 703278
5 703278
1 703280
5 703280
1 703282
5 703282
1 703284
5 703284
1 703286
5 703286
1 703288
5 703288
1 703290
5 703290
1 703292
5 703292
1 703294
5 703294
1 703296
5 703296
1 703298
5 703298
1 703300
5 703300
1 703302
5 703302
1 703304
5 703304
1 703306
5 703306
1 703308
5 703308
1 703310
5 703310
1 703312
5 703312
1 703314
5 703314
1 703316
5 703316
1 703318
5 703318
1 703320
5 703320
1 703322
5 703322
1 703324
5 703324
1 703326
5 703326
1 703328
5 703328
1 703330
5 703330
1 703332
5 703332
1 703334
5 703334
1 703336
5 703336
1 703338
5 703338
1 703340
5 703340
1 703342
5 703342
1 703344
5 703344
1 703346
5 703346
1 703348
5 703348
1 703350
5 703350
1 703352
5 703352
1 703354
5 703354
1 703356
5 703356
1 703358
5 703358
1 703360
5 703360
1 703362
5 703362
1 703364
5 703364
1 703366
5 703366
1 703368
5 703368
1 703370
5 703370
1 703372
5 703372
1 703374
5 703374
1 703376
5 703376
1 703378
5 703378
1 703380
5 703380
1 703382
5 703382
1 703384
5 703384
1 703386
5 703386
1 703388
5 703388
1 703390
5 703390
1 703392
5 703392
1 703394
5 703394
1 703396
5 703396
1 703398
5 703398
1 703400
5 703400
1 703402
5 703402
1 703404
5 703404
1 703406
5 703406
1 703408
5 703408
1 703410
5 703410
1 703412
5 703412
1 703414
5 703414
1 703416
5 703416
1 703418
5 703418
1 703420
5 703420
1 703422
5 703422
1 703424
5 703424
1 703426
5 703426
1 703428
5 703428
1 703430
5 703430
1 703432
5 703432
1 703434
5 703434
1 703436
5 703436
1 703438
5 703438
1 703440
5 703440
1 703442
5 703442
1 703444
5 703444
1 703446
5 703446
1 703448
5 703448
1 703450
5 703450
1 703452
5 703452
1 703454
5 703454
1 703456
5 703456
1 703458
5 703458
1 703460
5 703460
1 703462
5 703462
1 703464
5 703464
1 703466
5 703466
1 703468
5 703468
1 703470
5 703470
1 703472
5 703472
1 703474
5 703474
1 703476
5 703476
1 703478
5 703478
1 703480
5 703480
1 703482
5 703482
1 703484
5 703484
1 703486
5 703486
1 703488
5 703488
1 703490
5 703490
1 703492
5 703492
1 703494
5 703494
1 703496
5 703496
1 703498
5 703498
1 703500
5 703500
1 703502
5 703502
1 703504
5 703504
1 703506
5 703506
1 703508
5 703508
1 703510
5 703510
1 703512
5 703512
1 703514
5 703514
1 703516
5 703516
1 703518
5 703518
1 703520
5 703520
1 703522
5 703522
1 703524
5 703524
1 703526
5 703526
1 703528
5 703528
1 703530
5 703530
1 703532
5 703532
1 703534
5 703534
1 703536
5 703536
1 703538
5 703538
1 703540
5 703540
1 703542
5 703542
1 703544
5 703544
1 703546
5 703546
1 703548
5 703548
1 703550
5 703550
1 703552
5 703552
1 703554
5 703554
1 703556
5 703556
1 703558
5 703558
1 703560
5 703560
1 703562
5 703562
1 703564
5 703564
1 703566
5 703566
1 703568
5 703568
1 703570
5 703570
1 703572
5 703572
1 703574
5 703574
1 703576
5 703576
1 703578
5 703578
1 703580
5 703580
1 703582
5 703582
1 703584
5 703584
1 703586
5 703586
1 703588
5 703588
1 703590
5 703590
1 703592
5 703592
1 703594
5 703594
1 703596
5 703596
1 703598
5 703598
1 703600
5 703600
1 703602
5 703602
1 703604
5 703604
1 703606
5 703606
1 703608
5 703608
1 703610
5 703610
1 703612
5 703612
1 703614
5 703614
1 703616
5 703616
1 703618
5 703618
1 703620
5 703620
1 703622
5 703622
1 703624
5 703624
1 703626
5 703626
1 703628
5 703628
1 703630
5 703630
1 703632
5 703632
1 703634
5 703634
1 703636
5 703636
1 703638
5 703638
1 703640
5 703640
1 703642
5 703642
1 703644
5 703644
1 703646
5 703646
1 703648
5 703648
1 703650
5 703650
1 703652
5 703652
1 703654
5 703654
1 703656
5 703656
1 703658
5 703658
1 703660
5 703660
1 703662
5 703662
1 703664
5 703664
1 703666
5 703666
1 703668
5 703668
1 703670
5 703670
1 703672
5 703672
1 703674
5 703674
1 703676
5 703676
1 703678
5 703678
1 703680
5 703680
1 703682
5 703682
1 703684
5 703684
1 703686
5 703686
1 703688
5 703688
1 703690
5 703690
1 703692
5 703692
1 703694
5 703694
1 703696
5 703696
1 703698
5 703698
1 703700
5 703700
1 703702
5 703702
1 703704
5 703704
1 703706
5 703706
1 703708
5 703708
1 703710
5 703710
1 703712
5 703712
1 703714
5 703714
1 703716
5 703716
1 703718
5 703718
1 703720
5 703720
1 703722
5 703722
1 703724
5 703724
1 703726
5 703726
1 703728
5 703728
1 703730
5 703730
1 703732
5 703732
1 703734
5 703734
1 703736
5 703736
1 703738
5 703738
1 703740
5 703740
1 703742
5 703742
1 703744
5 703744
1 703746
5 703746
1 703748
5 703748
1 703750
5 703750
1 703752
5 703752
1 703754
5 703754
1 703756
5 703756
1 703758
5 703758
1 703760
5 703760
1 703762
5 703762
1 703764
5 703764
1 703766
5 703766
1 703768
5 703768
1 703770
5 703770
1 703772
5 703772
1 703774
5 703774
1 703776
5 703776
1 703778
5 703778
1 703780
5 703780
1 703782
5 703782
1 703784
5 703784
1 703786
5 703786
1 703788
5 703788
1 703790
5 703790
1 703792
5 703792
1 703794
5 703794
1 703796
5 703796
1 703798
5 703798
1 703800
5 703800
1 703802
5 703802
1 703804
5 703804
1 703806
5 703806
1 703808
5 703808
1 703810
5 703810
1 703812
5 703812
1 703814
5 703814
1 703816
5 703816
1 703818
5 703818
1 703820
5 703820
1 703822
5 703822
1 703824
5 703824
1 703826
5 703826
1 703828
5 703828
1 703830
5 703830
1 703832
5 703832
1 703834
5 703834
1 703836
5 703836
1 703838
5 703838
1 703840
5 703840
1 703842
5 703842
1 703844
5 703844
1 703846
5 703846
1 703848
5 703848
1 703850
5 703850
1 703852
5 703852
1 703854
5 703854
1 703856
5 703856
1 703858
5 703858
1 703860
5 703860
1 703862
5 703862
1 703864
5 703864
1 703866
5 703866
1 703868
5 703868
1 703870
5 703870
1 703872
5 703872
1 703874
5 703874
1 703876
5 703876
1 703878
5 703878
1 703880
5 703880
1 703882
5 703882
1 703884
5 703884
1 703886
5 703886
1 703888
5 703888
1 703890
5 703890
1 703892
5 703892
1 703894
5 703894
1 703896
5 703896
1 703898
5 703898
1 703900
5 703900
1 703902
5 703902
1 703904
5 703904
1 703906
5 703906
1 703908
5 703908
1 703910
5 703910
1 703912
5 703912
1 703914
5 703914
1 703916
5 703916
1 703918
5 703918
1 703920
5 703920
1 703922
5 703922
1 703924
5 703924
1 703926
5 703926
1 703928
5 703928
1 703930
5 703930
1 703932
5 703932
1 703934
5 703934
1 703936
5 703936
1 703938
5 703938
1 703940
5 703940
1 703942
5 703942
1 703944
5 703944
1 703946
5 703946
1 703948
5 703948
1 703950
5 703950
1 703952
5 703952
1 703954
5 703954
1 703956
5 703956
1 703958
5 703958
1 703960
5 703960
1 703962
5 703962
1 703964
5 703964
1 703966
5 703966
1 703968
5 703968
1 703970
5 703970
1 703972
5 703972
1 703974
5 703974
1 703976
5 703976
1 703978
5 703978
1 703980
5 703980
1 703982
5 703982
1 703984
5 703984
1 703986
5 703986
1 703988
5 703988
1 703990
5 703990
1 703992
5 703992
1 703994
5 703994
1 703996
5 703996
1 703998
5 703998
1 704000
5 704000
1 704002
5 704002
1 704004
5 704004
1 704006
5 704006
1 704008
5 704008
1 704010
5 704010
1 704012
5 704012
1 704014
5 704014
1 704016
5 704016
1 704018
5 704018
1 704020
5 704020
1 704022
5 704022
1 704024
5 704024
1 704026
5 704026
1 704028
5 704028
1 704030
5 704030
1 704032
5 704032
1 704034
5 704034
1 704036
5 704036
1 704038
5 704038
1 704040
5 704040
1 704042
5 704042
1 704044
5 704044
1 704046
5 704046
1 704048
5 704048
1 704050
5 704050
1 704052
5 704052
1 704054
5 704054
1 704056
5 704056
1 704058
5 704058
1 704060
5 704060
1 704062
5 704062
1 704064
5 704064
1 704066
5 704066
1 704068
5 704068
1 704070
5 704070
1 704072
5 704072
1 704074
5 704074
1 704076
5 704076
1 704078
5 704078
1 704080
5 704080
1 704082
5 704082
1 704084
5 704084
1 704086
5 704086
1 704088
5 704088
1 704090
5 704090
1 704092
5 704092
1 704094
5 704094
1 704096
5 704096
1 704098
5 704098
1 704100
5 704100
1 704102
5 704102
1 704104
5 704104
1 704106
5 704106
1 704108
5 704108
1 704110
5 704110
1 704112
5 704112
1 704114
5 704114
1 704116
5 704116
1 704118
5 704118
1 704120
5 704120
1 704122
5 704122
1 704124
5 704124
1 704126
5 704126
1 704128
5 704128
1 704130
5 704130
1 704132
5 704132
1 704134
5 704134
1 704136
5 704136
1 704138
5 704138
1 704140
5 704140
1 704142
5 704142
1 704144
5 704144
1 704146
5 704146
1 704148
5 704148
1 704150
5 704150
1 704152
5 704152
1 704154
5 704154
1 704156
5 704156
1 704158
5 704158
1 704160
5 704160
1 704162
5 704162
1 704164
5 704164
1 704166
5 704166
1 704168
5 704168
1 704170
5 704170
1 704172
5 704172
1 704174
5 704174
1 704176
5 704176
1 704178
5 704178
1 704180
5 704180
1 704182
5 704182
1 704184
5 704184
1 704186
5 704186
1 704188
5 704188
1 704190
5 704190
1 704192
5 704192
1 704194
5 704194
1 704196
5 704196
1 704198
5 704198
1 704200
5 704200
1 704202
5 704202
1 704204
5 704204
1 704206
5 704206
1 704208
5 704208
1 704210
5 704210
1 704212
5 704212
1 704214
5 704214
1 704216
5 704216
1 704218
5 704218
1 704220
5 704220
1 704222
5 704222
1 704224
5 704224
1 704226
5 704226
1 704228
5 704228
1 704230
5 704230
1 704232
5 704232
1 704234
5 704234
1 704236
5 704236
1 704238
5 704238
1 704240
5 704240
1 704242
5 704242
1 704244
5 704244
1 704246
5 704246
1 704248
5 704248
1 704250
5 704250
1 704252
5 704252
1 704254
5 704254
1 704256
5 704256
1 704258
5 704258
1 704260
5 704260
1 704262
5 704262
1 704264
5 704264
1 704266
5 704266
1 704268
5 704268
1 704270
5 704270
1 704272
5 704272
1 704274
5 704274
1 704276
5 704276
1 704278
5 704278
1 704280
5 704280
1 704282
5 704282
1 704284
5 704284
1 704286
5 704286
1 704288
5 704288
1 704290
5 704290
1 704292
5 704292
1 704294
5 704294
1 704296
5 704296
1 704298
5 704298
1 704300
5 704300
1 704302
5 704302
1 704304
5 704304
1 704306
5 704306
1 704308
5 704308
1 704310
5 704310
1 704312
5 704312
1 704314
5 704314
1 704316
5 704316
1 704318
5 704318
1 704320
5 704320
1 704322
5 704322
1 704324
5 704324
1 704326
5 704326
1 704328
5 704328
1 704330
5 704330
1 704332
5 704332
1 704334
5 704334
1 704336
5 704336
1 704338
5 704338
1 704340
5 704340
1 704342
5 704342
1 704344
5 704344
1 704346
5 704346
1 704348
5 704348
1 704350
5 704350
1 704352
5 704352
1 704354
5 704354
1 704356
5 704356
1 704358
5 704358
1 704360
5 704360
1 704362
5 704362
1 704364
5 704364
1 704366
5 704366
1 704368
5 704368
1 704370
5 704370
1 704372
5 704372
1 704374
5 704374
1 704376
5 704376
1 704378
5 704378
1 704380
5 704380
1 704382
5 704382
1 704384
5 704384
1 704386
5 704386
1 704388
5 704388
1 704390
5 704390
1 704392
5 704392
1 704394
5 704394
1 704396
5 704396
1 704398
5 704398
1 704400
5 704400
1 704402
5 704402
1 704404
5 704404
1 704406
5 704406
1 704408
5 704408
1 704410
5 704410
1 704412
5 704412
1 704414
5 704414
1 704416
5 704416
1 704418
5 704418
1 704420
5 704420
1 704422
5 704422
1 704424
5 704424
1 704426
5 704426
1 704428
5 704428
1 704430
5 704430
1 704432
5 704432
1 704434
5 704434
1 704436
5 704436
1 704438
5 704438
1 704440
5 704440
1 704442
5 704442
1 704444
5 704444
1 704446
5 704446
1 704448
5 704448
1 704450
5 704450
1 704452
5 704452
1 704454
5 704454
1 704456
5 704456
1 704458
5 704458
1 704460
5 704460
1 704462
5 704462
1 704464
5 704464
1 704466
5 704466
1 704468
5 704468
1 704470
5 704470
1 704472
5 704472
1 704474
5 704474
1 704476
5 704476
1 704478
5 704478
1 704480
5 704480
1 704482
5 704482
1 704484
5 704484
1 704486
5 704486
1 704488
5 704488
1 704490
5 704490
1 704492
5 704492
1 704494
5 704494
1 704496
5 704496
1 704498
5 704498
1 704500
5 704500
1 704502
5 704502
1 704504
5 704504
1 704506
5 704506
1 704508
5 704508
1 704510
5 704510
1 704512
5 704512
1 704514
5 704514
1 704516
5 704516
1 704518
5 704518
1 704520
5 704520
1 704522
5 704522
1 704524
5 704524
1 704526
5 704526
1 704528
5 704528
1 704530
5 704530
1 704532
5 704532
1 704534
5 704534
1 704536
5 704536
1 704538
5 704538
1 704540
5 704540
1 704542
5 704542
1 704544
5 704544
1 704546
5 704546
1 704548
5 704548
1 704550
5 704550
1 704552
5 704552
1 704554
5 704554
1 704556
5 704556
1 704558
5 704558
1 704560
5 704560
1 704562
5 704562
1 704564
5 704564
1 704566
5 704566
1 704568
5 704568
1 704570
5 704570
1 704572
5 704572
1 704574
5 704574
1 704576
5 704576
1 704578
5 704578
1 704580
5 704580
1 704582
5 704582
1 704584
5 704584
1 704586
5 704586
1 704588
5 704588
1 704590
5 704590
1 704592
5 704592
1 704594
5 704594
1 704596
5 704596
1 704598
5 704598
1 704600
5 704600
1 704602
5 704602
1 704604
5 704604
1 704606
5 704606
1 704608
5 704608
1 704610
5 704610
1 704612
5 704612
1 704614
5 704614
1 704616
5 704616
1 704618
5 704618
1 704620
5 704620
1 704622
5 704622
1 704624
5 704624
1 704626
5 704626
1 704628
5 704628
1 704630
5 704630
1 704632
5 704632
1 704634
5 704634
1 704636
5 704636
1 704638
5 704638
1 704640
5 704640
1 704642
5 704642
1 704644
5 704644
1 704646
5 704646
1 704648
5 704648
1 704650
5 704650
1 704652
5 704652
1 704654
5 704654
1 704656
5 704656
1 704658
5 704658
1 704660
5 704660
1 704662
5 704662
1 704664
5 704664
1 704666
5 704666
1 704668
5 704668
1 704670
5 704670
1 704672
5 704672
1 704674
5 704674
1 704676
5 704676
1 704678
5 704678
1 704680
5 704680
1 704682
5 704682
1 704684
5 704684
1 704686
5 704686
1 704688
5 704688
1 704690
5 704690
1 704692
5 704692
1 704694
5 704694
1 704696
5 704696
1 704698
5 704698
1 704700
5 704700
1 704702
5 704702
1 704704
5 704704
1 704706
5 704706
1 704708
5 704708
1 704710
5 704710
1 704712
5 704712
1 704714
5 704714
1 704716
5 704716
1 704718
5 704718
1 704720
5 704720
1 704722
5 704722
1 704724
5 704724
1 704726
5 704726
1 704728
5 704728
1 704730
5 704730
1 704732
5 704732
1 704734
5 704734
1 704736
5 704736
1 704738
5 704738
1 704740
5 704740
1 704742
5 704742
1 704744
5 704744
1 704746
5 704746
1 704748
5 704748
1 704750
5 704750
1 704752
5 704752
1 704754
5 704754
1 704756
5 704756
1 704758
5 704758
1 704760
5 704760
1 704762
5 704762
1 704764
5 704764
1 704766
5 704766
1 704768
5 704768
1 704770
5 704770
1 704772
5 704772
1 704774
5 704774
1 704776
5 704776
1 704778
5 704778
1 704780
5 704780
1 704782
5 704782
1 704784
5 704784
1 704786
5 704786
1 704788
5 704788
1 704790
5 704790
1 704792
5 704792
1 704794
5 704794
1 704796
5 704796
1 704798
5 704798
1 704800
5 704800
1 704802
5 704802
1 704804
5 704804
1 704806
5 704806
1 704808
5 704808
1 704810
5 704810
1 704812
5 704812
1 704814
5 704814
1 704816
5 704816
1 704818
5 704818
1 704820
5 704820
1 704822
5 704822
1 704824
5 704824
1 704826
5 704826
1 704828
5 704828
1 704830
5 704830
1 704832
5 704832
1 704834
5 704834
1 704836
5 704836
1 704838
5 704838
1 704840
5 704840
1 704842
5 704842
1 704844
5 704844
1 704846
5 704846
1 704848
5 704848
1 704850
5 704850
1 704852
5 704852
1 704854
5 704854
1 704856
5 704856
1 704858
5 704858
1 704860
5 704860
1 704862
5 704862
1 704864
5 704864
1 704866
5 704866
1 704868
5 704868
1 704870
5 704870
1 704872
5 704872
1 704874
5 704874
1 704876
5 704876
1 704878
5 704878
1 704880
5 704880
1 704882
5 704882
1 704884
5 704884
1 704886
5 704886
1 704888
5 704888
1 704890
5 704890
1 704892
5 704892
1 704894
5 704894
1 704896
5 704896
1 704898
5 704898
1 704900
5 704900
1 704902
5 704902
1 704904
5 704904
1 704906
5 704906
1 704908
5 704908
1 704910
5 704910
1 704912
5 704912
1 704914
5 704914
1 704916
5 704916
1 704918
5 704918
1 704920
5 704920
1 704922
5 704922
1 704924
5 704924
1 704926
5 704926
1 704928
5 704928
1 704930
5 704930
1 704932
5 704932
1 704934
5 704934
1 704936
5 704936
1 704938
5 704938
1 704940
5 704940
1 704942
5 704942
1 704944
5 704944
1 704946
5 704946
1 704948
5 704948
1 704950
5 704950
1 704952
5 704952
1 704954
5 704954
1 704956
5 704956
1 704958
5 704958
1 704960
5 704960
1 704962
5 704962
1 704964
5 704964
1 704966
5 704966
1 704968
5 704968
1 704970
5 704970
1 704972
5 704972
1 704974
5 704974
1 704976
5 704976
1 704978
5 704978
1 704980
5 704980
1 704982
5 704982
1 704984
5 704984
1 704986
5 704986
1 704988
5 704988
1 704990
5 704990
1 704992
5 704992
1 704994
5 704994
1 704996
5 704996
1 704998
5 704998
1 700001
5 700001
1 700003
5 700003
1 700005
5 700005
1 700007
5 700007
1 700009
5 700009
1 700011
5 700011
1 700013
5 700013
1 700015
5 700015
1 700017
5 700017
1 700019
5 700019
1 700021
5 700021
1 700023
5 700023
1 700025
5 700025
1 700027
5 700027
1 700029
5 700029
1 700031
5 700031
1 700033
5 700033
1 700035
5 700035
1 700037
5 700037
1 700039
5 700039
1 700041
5 700041
1 700043
5 700043
1 700045
5 700045
1 700047
5 700047
1 700049
5 700049
1 700051
5 700051
1 700053
5 700053
1 700055
5 700055
1 700057
5 700057
1 700059
5 700059
1 700061
5 700061
1 700063
5 700063
1 700065
5 700065
1 700067
5 700067
1 700069
5 700069
1 700071
5 700071
1 700073
5 700073
1 700075
5 700075
1 700077
5 700077
1 700079
5 700079
1 700081
5 700081
1 700083
5 700083
1 700085
5 700085
1 700087
5 700087
1 700089
5 700089
1 700091
5 700091
1 700093
5 700093
1 700095
5 700095
1 700097
5 700097
1 700099
5 700099
1 700101
5 700101
1 700103
5 700103
1 700105
5 700105
1 700107
5 700107
1 700109
5 700109
1 700111
5 700111
1 700113
5 700113
1 700115
5 700115
1 700117
5 700117
1 700119
5 700119
1 700121
5 700121
1 700123
5 700123
1 700125
5 700125
1 700127
5 700127
1 700129
5 700129
1 700131
5 700131
1 700133
5 700133
1 700135
5 700135
1 700137
5 700137
1 700139
5 700139
1 700141
5 700141
1 700143
5 700143
1 700145
5 700145
1 700147
5 700147
1 700149
5 700149
1 700151
5 700151
1 700153
5 700153
1 700155
5 700155
1 700157
5 700157
1 700159
5 700159
1 700161
5 700161
1 700163
5 700163
1 700165
5 700165
1 700167
5 700167
1 700169
5 700169
1 700171
5 700171
1 700173
5 700173
1 700175
5 700175
1 700177
5 700177
1 700179
5 700179
1 700181
5 700181
1 700183
5 700183
1 700185
5 700185
1 700187
5 700187
1 700189
5 700189
1 700191
5 700191
1 700193
5 700193
1 700195
5 700195
1 700197
5 700197
1 700199
5 700199
1 700201
5 700201
1 700203
5 700203
1 700205
5 700205
1 700207
5 700207
1 700209
5 700209
1 700211
5 700211
1 700213
5 700213
1 700215
5 700215
1 700217
5 700217
1 700219
5 700219
1 700221
5 700221
1 700223
5 700223
1 700225
5 700225
1 700227
5 700227
1 700229
5 700229
1 700231
5 700231
1 700233
5 700233
1 700235
5 700235
1 700237
5 700237
1 700239
5 700239
1 700241
5 700241
1 700243
5 700243
1 700245
5 700245
1 700247
5 700247
1 700249
5 700249
1 700251
5 700251
1 700253
5 700253
1 700255
5 700255
1 700257
5 700257
1 700259
5 700259
1 700261
5 700261
1 700263
5 700263
1 700265
5 700265
1 700267
5 700267
1 700269
5 700269
1 700271
5 700271
1 700273
5 700273
1 700275
5 700275
1 700277
5 700277
1 700279
5 700279
1 700281
5 700281
1 700283
5 700283
1 700285
5 700285
1 700287
5 700287
1 700289
5 700289
1 700291
5 700291
1 700293
5 700293
1 700295
5 700295
1 700297
5 700297
1 700299
5 700299
1 700301
5 700301
1 700303
5 700303
1 700305
5 700305
1 700307
5 700307
1 700309
5 700309
1 700311
5 700311
1 700313
5 700313
1 700315
5 700315
1 700317
5 700317
1 700319
5 700319
1 700321
5 700321
1 700323
5 700323
1 700325
5 700325
1 700327
5 700327
1 700329
5 700329
1 700331
5 700331
1 700333
5 700333
1 700335
5 700335
1 700337
5 700337
1 700339
5 700339
1 700341
5 700341
1 700343
5 700343
1 700345
5 700345
1 700347
5 700347
1 700349
5 700349
1 700351
5 700351
1 700353
5 700353
1 700355
5 700355
1 700357
5 700357
1 700359
5 700359
1 700361
5 700361
1 700363
5 700363
1 700365
5 700365
1 700367
5 700367
1 700369
5 700369
1 700371
5 700371
1 700373
5 700373
1 700375
5 700375
1 700377
5 700377
1 700379
5 700379
1 700381
5 700381
1 700383
5 700383
1 700385
5 700385
1 700387
5 700387
1 700389
5 700389
1 700391
5 700391
1 700393
5 700393
1 700395
5 700395
1 700397
5 700397
1 700399
5 700399
1 700401
5 700401
1 700403
5 700403
1 700405
5 700405
1 700407
5 700407
1 700409
5 700409
1 700411
5 700411
1 700413
5 700413
1 700415
5 700415
1 700417
5 700417
1 700419
5 700419
1 700421
5 700421
1 700423
5 700423
1 700425
5 700425
1 700427
5 700427
1 700429
5 700429
1 700431
5 700431
1 700433
5 700433
1 700435
5 700435
1 700437
5 700437
1 700439
5 700439
1 700441
5 700441
1 700443
5 700443
1 700445
5 700445
1 700447
5 700447
1 700449
5 700449
1 700451
5 700451
1 700453
5 700453
1 700455
5 700455
1 700457
5 700457
1 700459
5 700459
1 700461
5 700461
1 700463
5 700463
1 700465
5 700465
1 700467
5 700467
1 700469
5 700469
1 700471
5 700471
1 700473
5 700473
1 700475
5 700475
1 700477
5 700477
1 700479
5 700479
1 700481
5 700481
1 700483
5 700483
1 700485
5 700485
1 700487
5 700487
1 700489
5 700489
1 700491
5 700491
1 700493
5 700493
1 700495
5 700495
1 700497
5 700497
1 700499
5 700499
1 700501
5 700501
1 700503
5 700503
1 700505
5 700505
1 700507
5 700507
1 700509
5 700509
1 700511
5 700511
1 700513
5 700513
1 700515
5 700515
1 700517
5 700517
1 700519
5 700519
1 700521
5 700521
1 700523
5 700523
1 700525
5 700525
1 700527
5 700527
1 700529
5 700529
1 700531
5 700531
1 700533
5 700533
1 700535
5 700535
1 700537
5 700537
1 700539
5 700539
1 700541
5 700541
1 700543
5 700543
1 700545
5 700545
1 700547
5 700547
1 700549
5 700549
1 700551
5 700551
1 700553
5 700553
1 700555
5 700555
1 700557
5 700557
1 700559
5 700559
1 700561
5 700561
1 700563
5 700563
1 700565
5 700565
1 700567
5 700567
1 700569
5 700569
1 700571
5 700571
1 700573
5 700573
1 700575
5 700575
1 700577
5 700577
1 700579
5 700579
1 700581
5 700581
1 700583
5 700583
1 700585
5 700585
1 700587
5 700587
1 700589
5 700589
1 700591
5 700591
1 700593
5 700593
1 700595
5 700595
1 700597
5 700597
1 700599
5 700599
1 700601
5 700601
1 700603
5 700603
1 700605
5 700605
1 700607
5 700607
1 700609
5 700609
1 700611
5 700611
1 700613
5 700613
1 700615
5 700615
1 700617
5 700617
1 700619
5 700619
1 700621
5 700621
1 700623
5 700623
1 700625
5 700625
1 700627
5 700627
1 700629
5 700629
1 700631
5 700631
1 700633
5 700633
1 700635
5 700635
1 700637
5 700637
1 700639
5 700639
1 700641
5 700641
1 700643
5 700643
1 700645
5 700645
1 700647
5 700647
1 700649
5 700649
1 700651
5 700651
1 700653
5 700653
1 700655
5 700655
1 700657
5 700657
1 700659
5 700659
1 700661
5 700661
1 700663
5 700663
1 700665
5 700665
1 700667
5 700667
1 700669
5 700669
1 700671
5 700671
1 700673
5 700673
1 700675
5 700675
1 700677
5 700677
1 700679
5 700679
1 700681
5 700681
1 700683
5 700683
1 700685
5 700685
1 700687
5 700687
1 700689
5 700689
1 700691
5 700691
1 700693
5 700693
1 700695
5 700695
1 700697
5 700697
1 700699
5 700699
1 700701
5 700701
1 700703
5 700703
1 700705
5 700705
1 700707
5 700707
1 700709
5 700709
1 700711
5 700711
1 700713
5 700713
1 700715
5 700715
1 700717
5 700717
1 700719
5 700719
1 700721
5 700721
1 700723
5 700723
1 700725
5 700725
1 700727
5 700727
1 700729
5 700729
1 700731
5 700731
1 700733
5 700733
1 700735
5 700735
1 700737
5 700737
1 700739
5 700739
1 700741
5 700741
1 700743
5 700743
1 700745
5 700745
1 700747
5 700747
1 700749
5 700749
1 700751
5 700751
1 700753
5 700753
1 700755
5 700755
1 700757
5 700757
1 700759
5 700759
1 700761
5 700761
1 700763
5 700763
1 700765
5 700765
1 700767
5 700767
1 700769
5 700769
1 700771
5 700771
1 700773
5 700773
1 700775
5 700775
1 700777
5 700777
1 700779
5 700779
1 700781
5 700781
1 700783
5 700783
1 700785
5 700785
1 700787
5 700787
1 700789
5 700789
1 700791
5 700791
1 700793
5 700793
1 700795
5 700795
1 700797
5 700797
1 700799
5 700799
1 700801
5 700801
1 700803
5 700803
1 700805
5 700805
1 700807
5 700807
1 700809
5 700809
1 700811
5 700811
1 700813
5 700813
1 700815
5 700815
1 700817
5 700817
1 700819
5 700819
1 700821
5 700821
1 700823
5 700823
1 700825
5 700825
1 700827
5 700827
1 700829
5 700829
1 700831
5 700831
1 700833
5 700833
1 700835
5 700835
1 700837
5 700837
1 700839
5 700839
1 700841
5 700841
1 700843
5 700843
1 700845
5 700845
1 700847
5 700847
1 700849
5 700849
1 700851
5 700851
1 700853
5 700853
1 700855
5 700855
1 700857
5 700857
1 700859
5 700859
1 700861
5 700861
1 700863
5 700863
1 700865
5 700865
1 700867
5 700867
1 700869
5 700869
1 700871
5 700871
1 700873
5 700873
1 700875
5 700875
1 700877
5 700877
1 700879
5 700879
1 700881
5 700881
1 700883
5 700883
1 700885
5 700885
1 700887
5 700887
1 700889
5 700889
1 700891
5 700891
1 700893
5 700893
1 700895
5 700895
1 700897
5 700897
1 700899
5 700899
1 700901
5 700901
1 700903
5 700903
1 700905
5 700905
1 700907
5 700907
1 700909
5 700909
1 700911
5 700911
1 700913
5 700913
1 700915
5 700915
1 700917
5 700917
1 700919
5 700919
1 700921
5 700921
1 700923
5 700923
1 700925
5 700925
1 700927
5 700927
1 700929
5 700929
1 700931
5 700931
1 700933
5 700933
1 700935
5 700935
1 700937
5 700937
1 700939
5 700939
1 700941
5 700941
1 700943
5 700943
1 700945
5 700945
1 700947
5 700947
1 700949
5 700949
1 700951
5 700951
1 700953
5 700953
1 700955
5 700955
1 700957
5 700957
1 700959
5 700959
1 700961
5 700961
1 700963
5 700963
1 700965
5 700965
1 700967
5 700967
1 700969
5 700969
1 700971
5 700971
1 700973
5 700973
1 700975
5 700975
1 700977
5 700977
1 700979
5 700979
1 700981
5 700981
1 700983
5 700983
1 700985
5 700985
1 700987
5 700987
1 700989
5 700989
1 700991
5 700991
1 700993
5 700993
1 700995
5 700995
1 700997
5 700997
1 700999
5 700999
1 701001
5 701001
1 701003
5 701003
1 701005
5 701005
1 701007
5 701007
1 701009
5 701009
1 701011
5 701011
1 701013
5 701013
1 701015
5 701015
1 701017
5 701017
1 701019
5 701019
1 701021
5 701021
1 701023
5 701023
1 701025
5 701025
1 701027
5 701027
1 701029
5 701029
1 701031
5 701031
1 701033
5 701033
1 701035
5 701035
1 701037
5 701037
1 701039
5 701039
1 701041
5 701041
1 701043
5 701043
1 701045
5 701045
1 701047
5 701047
1 701049
5 701049
1 701051
5 701051
1 701053
5 701053
1 701055
5 701055
1 701057
5 701057
1 701059
5 701059
1 701061
5 701061
1 701063
5 701063
1 701065
5 701065
1 701067
5 701067
1 701069
5 701069
1 701071
5 701071
1 701073
5 701073
1 701075
5 701075
1 701077
5 701077
1 701079
5 701079
1 701081
5 701081
1 701083
5 701083
1 701085
5 701085
1 701087
5 701087
1 701089
5 701089
1 701091
5 701091
1 701093
5 701093
1 701095
5 701095
1 701097
5 701097
1 701099
5 701099
1 701101
5 701101
1 701103
5 701103
1 701105
5 701105
1 701107
5 701107
1 701109
5 701109
1 701111
5 701111
1 701113
5 701113
1 701115
5 701115
1 701117
5 701117
1 701119
5 701119
1 701121
5 701121
1 701123
5 701123
1 701125
5 701125
1 701127
5 701127
1 701129
5 701129
1 701131
5 701131
1 701133
5 701133
1 701135
5 701135
1 701137
5 701137
1 701139
5 701139
1 701141
5 701141
1 701143
5 701143
1 701145
5 701145
1 701147
5 701147
1 701149
5 701149
1 701151
5 701151
1 701153
5 701153
1 701155
5 701155
1 701157
5 701157
1 701159
5 701159
1 701161
5 701161
1 701163
5 701163
1 701165
5 701165
1 701167
5 701167
1 701169
5 701169
1 701171
5 701171
1 701173
5 701173
1 701175
5 701175
1 701177
5 701177
1 701179
5 701179
1 701181
5 701181
1 701183
5 701183
1 701185
5 701185
1 701187
5 701187
1 701189
5 701189
1 701191
5 701191
1 701193
5 701193
1 701195
5 701195
1 701197
5 701197
1 701199
5 701199
1 701201
5 701201
1 701203
5 701203
1 701205
5 701205
1 701207
5 701207
1 701209
5 701209
1 701211
5 701211
1 701213
5 701213
1 701215
5 701215
1 701217
5 701217
1 701219
5 701219
1 701221
5 701221
1 701223
5 701223
1 701225
5 701225
1 701227
5 701227
1 701229
5 701229
1 701231
5 701231
1 701233
5 701233
1 701235
5 701235
1 701237
5 701237
1 701239
5 701239
1 701241
5 701241
1 701243
5 701243
1 701245
5 701245
1 701247
5 701247
1 701249
5 701249
1 701251
5 701251
1 701253
5 701253
1 701255
5 701255
1 701257
5 701257
1 701259
5 701259
1 701261
5 701261
1 701263
5 701263
1 701265
5 701265
1 701267
5 701267
1 701269
5 701269
1 701271
5 701271
1 701273
5 701273
1 701275
5 701275
1 701277
5 701277
1 701279
5 701279
1 701281
5 701281
1 701283
5 701283
1 701285
5 701285
1 701287
5 701287
1 701289
5 701289
1 701291
5 701291
1 701293
5 701293
1 701295
5 701295
1 701297
5 701297
1 701299
5 701299
1 701301
5 701301
1 701303
5 701303
1 701305
5 701305
1 701307
5 701307
1 701309
5 701309
1 701311
5 701311
1 701313
5 701313
1 701315
5 701315
1 701317
5 701317
1 701319
5 701319
1 701321
5 701321
1 701323
5 701323
1 701325
5 701325
1 701327
5 701327
1 701329
5 701329
1 701331
5 701331
1 701333
5 701333
1 701335
5 701335
1 701337
5 701337
1 701339
5 701339
1 701341
5 701341
1 701343
5 701343
1 701345
5 701345
1 701347
5 701347
1 701349
5 701349
1 701351
5 701351
1 701353
5 701353
1 701355
5 701355
1 701357
5 701357
1 701359
5 701359
1 701361
5 701361
1 701363
5 701363
1 701365
5 701365
1 701367
5 701367
1 701369
5 701369
1 701371
5 701371
1 701373
5 701373
1 701375
5 701375
1 701377
5 701377
1 701379
5 701379
1 701381
5 701381
1 701383
5 701383
1 701385
5 701385
1 701387
5 701387
1 701389
5 701389
1 701391
5 701391
1 701393
5 701393
1 701395
5 701395
1 701397
5 701397
1 701399
5 701399
1 701401
5 701401
1 701403
5 701403
1 701405
5 701405
1 701407
5 701407
1 701409
5 701409
1 701411
5 701411
1 701413
5 701413
1 701415
5 701415
1 701417
5 701417
1 701419
5 701419
1 701421
5 701421
1 701423
5 701423
1 701425
5 701425
1 701427
5 701427
1 701429
5 701429
1 701431
5 701431
1 701433
5 701433
1 701435
5 701435
1 701437
5 701437
1 701439
5 701439
1 701441
5 701441
1 701443
5 701443
1 701445
5 701445
1 701447
5 701447
1 701449
5 701449
1 701451
5 701451
1 701453
5 701453
1 701455
5 701455
1 701457
5 701457
1 701459
5 701459
1 701461
5 701461
1 701463
5 701463
1 701465
5 701465
1 701467
5 701467
1 701469
5 701469
1 701471
5 701471
1 701473
5 701473
1 701475
5 701475
1 701477
5 701477
1 701479
5 701479
1 701481
5 701481
1 701483
5 701483
1 701485
5 701485
1 701487
5 701487
1 701489
5 701489
1 701491
5 701491
1 701493
5 701493
1 701495
5 701495
1 701497
5 701497
1 701499
5 701499
1 701501
5 701501
1 701503
5 701503
1 701505
5 701505
1 701507
5 701507
1 701509
5 701509
1 701511
5 701511
1 701513
5 701513
1 701515
5 701515
1 701517
5 701517
1 701519
5 701519
1 701521
5 701521
1 701523
5 701523
1 701525
5 701525
1 701527
5 701527
1 701529
5 701529
1 701531
5 701531
1 701533
5 701533
1 701535
5 701535
1 701537
5 701537
1 701539
5 701539
1 701541
5 701541
1 701543
5 701543
1 701545
5 701545
1 701547
5 701547
1 701549
5 701549
1 701551
5 701551
1 701553
5 701553
1 701555
5 701555
1 701557
5 701557
1 701559
5 701559
1 701561
5 701561
1 701563
5 701563
1 701565
5 701565
1 701567
5 701567
1 701569
5 701569
1 701571
5 701571
1 701573
5 701573
1 701575
5 701575
1 701577
5 701577
1 701579
5 701579
1 701581
5 701581
1 701583
5 701583
1 701585
5 701585
1 701587
5 701587
1 701589
5 701589
1 701591
5 701591
1 701593
5 701593
1 701595
5 701595
1 701597
5 701597
1 701599
5 701599
1 701601
5 701601
1 701603
5 701603
1 701605
5 701605
1 701607
5 701607
1 701609
5 701609
1 701611
5 701611
1 701613
5 701613
1 701615
5 701615
1 701617
5 701617
1 701619
5 701619
1 701621
5 701621
1 701623
5 701623
1 701625
5 701625
1 701627
5 701627
1 701629
5 701629
1 701631
5 701631
1 701633
5 701633
1 701635
5 701635
1 701637
5 701637
1 701639
5 701639
1 701641
5 701641
1 701643
5 701643
1 701645
5 701645
1 701647
5 701647
1 701649
5 701649
1 701651
5 701651
1 701653
5 701653
1 701655
5 701655
1 701657
5 701657
1 701659
5 701659
1 701661
5 701661
1 701663
5 701663
1 701665
5 701665
1 701667
5 701667
1 701669
5 701669
1 701671
5 701671
1 701673
5 701673
1 701675
5 701675
1 701677
5 701677
1 701679
5 701679
1 701681
5 701681
1 701683
5 701683
1 701685
5 701685
1 701687
5 701687
1 701689
5 701689
1 701691
5 701691
1 701693
5 701693
1 701695
5 701695
1 701697
5 701697
1 701699
5 701699
1 701701
5 701701
1 701703
5 701703
1 701705
5 701705
1 701707
5 701707
1 701709
5 701709
1 701711
5 701711
1 701713
5 701713
1 701715
5 701715
1 701717
5 701717
1 701719
5 701719
1 701721
5 701721
1 701723
5 701723
1 701725
5 701725
1 701727
5 701727
1 701729
5 701729
1 701731
5 701731
1 701733
5 701733
1 701735
5 701735
1 701737
5 701737
1 701739
5 701739
1 701741
5 701741
1 701743
5 701743
1 701745
5 701745
1 701747
5 701747
1 701749
5 701749
1 701751
5 701751
1 701753
5 701753
1 701755
5 701755
1 701757
5 701757
1 701759
5 701759
1 701761
5 701761
1 701763
5 701763
1 701765
5 701765
1 701767
5 701767
1 701769
5 701769
1 701771
5 701771
1 701773
5 701773
1 701775
5 701775
1 701777
5 701777
1 701779
5 701779
1 701781
5 701781
1 701783
5 701783
1 701785
5 701785
1 701787
5 701787
1 701789
5 701789
1 701791
5 701791
1 701793
5 701793
1 701795
5 701795
1 701797
5 701797
1 701799
5 701799
1 701801
5 701801
1 701803
5 701803
1 701805
5 701805
1 701807
5 701807
1 701809
5 701809
1 701811
5 701811
1 701813
5 701813
1 701815
5 701815
1 701817
5 701817
1 701819
5 701819
1 701821
5 701821
1 701823
5 701823
1 701825
5 701825
1 701827
5 701827
1 701829
5 701829
1 701831
5 701831
1 701833
5 701833
1 701835
5 701835
1 701837
5 701837
1 701839
5 701839
1 701841
5 701841
1 701843
5 701843
1 701845
5 701845
1 701847
5 701847
1 701849
5 701849
1 701851
5 701851
1 701853
5 701853
1 701855
5 701855
1 701857
5 701857
1 701859
5 701859
1 701861
5 701861
1 701863
5 701863
1 701865
5 701865
1 701867
5 701867
1 701869
5 701869
1 701871
5 701871
1 701873
5 701873
1 701875
5 701875
1 701877
5 701877
1 701879
5 701879
1 701881
5 701881
1 701883
5 701883
1 701885
5 701885
1 701887
5 701887
1 701889
5 701889
1 701891
5 701891
1 701893
5 701893
1 701895
5 701895
1 701897
5 701897
1 701899
5 701899
1 701901
5 701901
1 701903
5 701903
1 701905
5 701905
1 701907
5 701907
1 701909
5 701909
1 701911
5 701911
1 701913
5 701913
1 701915
5 701915
1 701917
5 701917
1 701919
5 701919
1 701921
5 701921
1 701923
5 701923
1 701925
5 701925
1 701927
5 701927
1 701929
5 701929
1 701931
5 701931
1 701933
5 701933
1 701935
5 701935
1 701937
5 701937
1 701939
5 701939
1 701941
5 701941
1 701943
5 701943
1 701945
5 701945
1 701947
5 701947
1 701949
5 701949
1 701951
5 701951
1 701953
5 701953
1 701955
5 701955
1 701957
5 701957
1 701959
5 701959
1 701961
5 701961
1 701963
5 701963
1 701965
5 701965
1 701967
5 701967
1 701969
5 701969
1 701971
5 701971
1 701973
5 701973
1 701975
5 701975
1 701977
5 701977
1 701979
5 701979
1 701981
5 701981
1 701983
5 701983
1 701985
5 701985
1 701987
5 701987
1 701989
5 701989
1 701991
5 701991
1 701993
5 701993
1 701995
5 701995
1 701997
5 701997
1 701999
5 701999
1 702001
5 702001
1 702003
5 702003
1 702005
5 702005
1 702007
5 702007
1 702009
5 702009
1 702011
5 702011
1 702013
5 702013
1 702015
5 702015
1 702017
5 702017
1 702019
5 702019
1 702021
5 702021
1 702023
5 702023
1 702025
5 702025
1 702027
5 702027
1 702029
5 702029
1 702031
5 702031
1 702033
5 702033
1 702035
5 702035
1 702037
5 702037
1 702039
5 702039
1 702041
5 702041
1 702043
5 702043
1 702045
5 702045
1 702047
5 702047
1 702049
5 702049
1 702051
5 702051
1 702053
5 702053
1 702055
5 702055
1 702057
5 702057
1 702059
5 702059
1 702061
5 702061
1 702063
5 702063
1 702065
5 702065
1 702067
5 702067
1 702069
5 702069
1 702071
5 702071
1 702073
5 702073
1 702075
5 702075
1 702077
5 702077
1 702079
5 702079
1 702081
5 702081
1 702083
5 702083
1 702085
5 702085
1 702087
5 702087
1 702089
5 702089
1 702091
5 702091
1 702093
5 702093
1 702095
5 702095
1 702097
5 702097
1 702099
5 702099
1 702101
5 702101
1 702103
5 702103
1 702105
5 702105
1 702107
5 702107
1 702109
5 702109
1 702111
5 702111
1 702113
5 702113
1 702115
5 702115
1 702117
5 702117
1 702119
5 702119
1 702121
5 702121
1 702123
5 702123
1 702125
5 702125
1 702127
5 702127
1 702129
5 702129
1 702131
5 702131
1 702133
5 702133
1 702135
5 702135
1 702137
5 702137
1 702139
5 702139
1 702141
5 702141
1 702143
5 702143
1 702145
5 702145
1 702147
5 702147
1 702149
5 702149
1 702151
5 702151
1 702153
5 702153
1 702155
5 702155
1 702157
5 702157
1 702159
5 702159
1 702161
5 702161
1 702163
5 702163
1 702165
5 702165
1 702167
5 702167
1 702169
5 702169
1 702171
5 702171
1 702173
5 702173
1 702175
5 702175
1 702177
5 702177
1 702179
5 702179
1 702181
5 702181
1 702183
5 702183
1 702185
5 702185
1 702187
5 702187
1 702189
5 702189
1 702191
5 702191
1 702193
5 702193
1 702195
5 702195
1 702197
5 702197
1 702199
5 702199
1 702201
5 702201
1 702203
5 702203
1 702205
5 702205
1 702207
5 702207
1 702209
5 702209
1 702211
5 702211
1 702213
5 702213
1 702215
5 702215
1 702217
5 702217
1 702219
5 702219
1 702221
5 702221
1 702223
5 702223
1 702225
5 702225
1 702227
5 702227
1 702229
5 702229
1 702231
5 702231
1 702233
5 702233
1 702235
5 702235
1 702237
5 702237
1 702239
5 702239
1 702241
5 702241
1 702243
5 702243
1 702245
5 702245
1 702247
5 702247
1 702249
5 702249
1 702251
5 702251
1 702253
5 702253
1 702255
5 702255
1 702257
5 702257
1 702259
5 702259
1 702261
5 702261
1 702263
5 702263
1 702265
5 702265
1 702267
5 702267
1 702269
5 702269
1 702271
5 702271
1 702273
5 702273
1 702275
5 702275
1 702277
5 702277
1 702279
5 702279
1 702281
5 702281
1 702283
5 702283
1 702285
5 702285
1 702287
5 702287
1 702289
5 702289
1 702291
5 702291
1 702293
5 702293
1 702295
5 702295
1 702297
5 702297
1 702299
5 702299
1 702301
5 702301
1 702303
5 702303
1 702305
5 702305
1 702307
5 702307
1 702309
5 702309
1 702311
5 702311
1 702313
5 702313
1 702315
5 702315
1 702317
5 702317
1 702319
5 702319
1 702321
5 702321
1 702323
5 702323
1 702325
5 702325
1 702327
5 702327
1 702329
5 702329
1 702331
5 702331
1 702333
5 702333
1 702335
5 702335
1 702337
5 702337
1 702339
5 702339
1 702341
5 702341
1 702343
5 702343
1 702345
5 702345
1 702347
5 702347
1 702349
5 702349
1 702351
5 702351
1 702353
5 702353
1 702355
5 702355
1 702357
5 702357
1 702359
5 702359
1 702361
5 702361
1 702363
5 702363
1 702365
5 702365
1 702367
5 702367
1 702369
5 702369
1 702371
5 702371
1 702373
5 702373
1 702375
5 702375
1 702377
5 702377
1 702379
5 702379
1 702381
5 702381
1 702383
5 702383
1 702385
5 702385
1 702387
5 702387
1 702389
5 702389
1 702391
5 702391
1 702393
5 702393
1 702395
5 702395
1 702397
5 702397
1 702399
5 702399
1 702401
5 702401
1 702403
5 702403
1 702405
5 702405
1 702407
5 702407
1 702409
5 702409
1 702411
5 702411
1 702413
5 702413
1 702415
5 702415
1 702417
5 702417
1 702419
5 702419
1 702421
5 702421
1 702423
5 702423
1 702425
5 702425
1 702427
5 702427
1 702429
5 702429
1 702431
5 702431
1 702433
5 702433
1 702435
5 702435
1 702437
5 702437
1 702439
5 702439
1 702441
5 702441
1 702443
5 702443
1 702445
5 702445
1 702447
5 702447
1 702449
5 702449
1 702451
5 702451
1 702453
5 702453
1 702455
5 702455
1 702457
5 702457
1 702459
5 702459
1 702461
5 702461
1 702463
5 702463
1 702465
5 702465
1 702467
5 702467
1 702469
5 702469
1 702471
5 702471
1 702473
5 702473
1 702475
5 702475
1 702477
5 702477
1 702479
5 702479
1 702481
5 702481
1 702483
5 702483
1 702485
5 702485
1 702487
5 702487
1 702489
5 702489
1 702491
5 702491
1 702493
5 702493
1 702495
5 702495
1 702497
5 702497
1 702499
5 702499
1 702501
5 702501
1 702503
5 702503
1 702505
5 702505
1 702507
5 702507
1 702509
5 702509
1 702511
5 702511
1 702513
5 702513
1 702515
5 702515
1 702517
5 702517
1 702519
5 702519
1 702521
5 702521
1 702523
5 702523
1 702525
5 702525
1 702527
5 702527
1 702529
5 702529
1 702531
5 702531
1 702533
5 702533
1 702535
5 702535
1 702537
5 702537
1 702539
5 702539
1 702541
5 702541
1 702543
5 702543
1 702545
5 702545
1 702547
5 702547
1 702549
5 702549
1 702551
5 702551
1 702553
5 702553
1 702555
5 702555
1 702557
5 702557
1 702559
5 702559
1 702561
5 702561
1 702563
5 702563
1 702565
5 702565
1 702567
5 702567
1 702569
5 702569
1 702571
5 702571
1 702573
5 702573
1 702575
5 702575
1 702577
5 702577
1 702579
5 702579
1 702581
5 702581
1 702583
5 702583
1 702585
5 702585
1 702587
5 702587
1 702589
5 702589
1 702591
5 702591
1 702593
5 702593
1 702595
5 702595
1 702597
5 702597
1 702599
5 702599
1 702601
5 702601
1 702603
5 702603
1 702605
5 702605
1 702607
5 702607
1 702609
5 702609
1 702611
5 702611
1 702613
5 702613
1 702615
5 702615
1 702617
5 702617
1 702619
5 702619
1 702621
5 702621
1 702623
5 702623
1 702625
5 702625
1 702627
5 702627
1 702629
5 702629
1 702631
5 702631
1 702633
5 702633
1 702635
5 702635
1 702637
5 702637
1 702639
5 702639
1 702641
5 702641
1 702643
5 702643
1 702645
5 702645
1 702647
5 702647
1 702649
5 702649
1 702651
5 702651
1 702653
5 702653
1 702655
5 702655
1 702657
5 702657
1 702659
5 702659
1 702661
5 702661
1 702663
5 702663
1 702665
5 702665
1 702667
5 702667
1 702669
5 702669
1 702671
5 702671
1 702673
5 702673
1 702675
5 702675
1 702677
5 702677
1 702679
5 702679
1 702681
5 702681
1 702683
5 702683
1 702685
5 702685
1 702687
5 702687
1 702689
5 702689
1 702691
5 702691
1 702693
5 702693
1 702695
5 702695
1 702697
5 702697
1 702699
5 702699
1 702701
5 702701
1 702703
5 702703
1 702705
5 702705
1 702707
5 702707
1 702709
5 702709
1 702711
5 702711
1 702713
5 702713
1 702715
5 702715
1 702717
5 702717
1 702719
5 702719
1 702721
5 702721
1 702723
5 702723
1 702725
5 702725
1 702727
5 702727
1 702729
5 702729
1 702731
5 702731
1 702733
5 702733
1 702735
5 702735
1 702737
5 702737
1 702739
5 702739
1 702741
5 702741
1 702743
5 702743
1 702745
5 702745
1 702747
5 702747
1 702749
5 702749
1 702751
5 702751
1 702753
5 702753
1 702755
5 702755
1 702757
5 702757
1 702759
5 702759
1 702761
5 702761
1 702763
5 702763
1 702765
5 702765
1 702767
5 702767
1 702769
5 702769
1 702771
5 702771
1 702773
5 702773
1 702775
5 702775
1 702777
5 702777
1 702779
5 702779
1 702781
5 702781
1 702783
5 702783
1 702785
5 702785
1 702787
5 702787
1 702789
5 702789
1 702791
5 702791
1 702793
5 702793
1 702795
5 702795
1 702797
5 702797
1 702799
5 702799
1 702801
5 702801
1 702803
5 702803
1 702805
5 702805
1 702807
5 702807
1 702809
5 702809
1 702811
5 702811
1 702813
5 702813
1 702815
5 702815
1 702817
5 702817
1 702819
5 702819
1 702821
5 702821
1 702823
5 702823
1 702825
5 702825
1 702827
5 702827
1 702829
5 702829
1 702831
5 702831
1 702833
5 702833
1 702835
5 702835
1 702837
5 702837
1 702839
5 702839
1 702841
5 702841
1 702843
5 702843
1 702845
5 702845
1 702847
5 702847
1 702849
5 702849
1 702851
5 702851
1 702853
5 702853
1 702855
5 702855
1 702857
5 702857
1 702859
5 702859
1 702861
5 702861
1 702863
5 702863
1 702865
5 702865
1 702867
5 702867
1 702869
5 702869
1 702871
5 702871
1 702873
5 702873
1 702875
5 702875
1 702877
5 702877
1 702879
5 702879
1 702881
5 702881
1 702883
5 702883
1 702885
5 702885
1 702887
5 702887
1 702889
5 702889
1 702891
5 702891
1 702893
5 702893
1 702895
5 702895
1 702897
5 702897
1 702899
5 702899
1 702901
5 702901
1 702903
5 702903
1 702905
5 702905
1 702907
5 702907
1 702909
5 702909
1 702911
5 702911
1 702913
5 702913
1 702915
5 702915
1 702917
5 702917
1 702919
5 702919
1 702921
5 702921
1 702923
5 702923
1 702925
5 702925
1 702927
5 702927
1 702929
5 702929
1 702931
5 702931
1 702933
5 702933
1 702935
5 702935
1 702937
5 702937
1 702939
5 702939
1 702941
5 702941
1 702943
5 702943
1 702945
5 702945
1 702947
5 702947
1 702949
5 702949
1 702951
5 702951
1 702953
5 702953
1 702955
5 702955
1 702957
5 702957
1 702959
5 702959
1 702961
5 702961
1 702963
5 702963
1 702965
5 702965
1 702967
5 702967
1 702969
5 702969
1 702971
5 702971
1 702973
5 702973
1 702975
5 702975
1 702977
5 702977
1 702979
5 702979
1 702981
5 702981
1 702983
5 702983
1 702985
5 702985
1 702987
5 702987
1 702989
5 702989
1 702991
5 702991
1 702993
5 702993
1 702995
5 702995
1 702997
5 702997
1 702999
5 702999
1 703001
5 703001
1 703003
5 703003
1 703005
5 703005
1 703007
5 703007
1 703009
5 703009
1 703011
5 703011
1 703013
5 703013
1 703015
5 703015
1 703017
5 703017
1 703019
5 703019
1 703021
5 703021
1 703023
5 703023
1 703025
5 703025
1 703027
5 703027
1 703029
5 703029
1 703031
5 703031
1 703033
5 703033
1 703035
5 703035
1 703037
5 703037
1 703039
5 703039
1 703041
5 703041
1 703043
5 703043
1 703045
5 703045
1 703047
5 703047
1 703049
5 703049
1 703051
5 703051
1 703053
5 703053
1 703055
5 703055
1 703057
5 703057
1 703059
5 703059
1 703061
5 703061
1 703063
5 703063
1 703065
5 703065
1 703067
5 703067
1 703069
5 703069
1 703071
5 703071
1 703073
5 703073
1 703075
5 703075
1 703077
5 703077
1 703079
5 703079
1 703081
5 703081
1 703083
5 703083
1 703085
5 703085
1 703087
5 703087
1 703089
5 703089
1 703091
5 703091
1 703093
5 703093
1 703095
5 703095
1 703097
5 703097
1 703099
5 703099
1 703101
5 703101
1 703103
5 703103
1 703105
5 703105
1 703107
5 703107
1 703109
5 703109
1 703111
5 703111
1 703113
5 703113
1 703115
5 703115
1 703117
5 703117
1 703119
5 703119
1 703121
5 703121
1 703123
5 703123
1 703125
5 703125
1 703127
5 703127
1 703129
5 703129
1 703131
5 703131
1 703133
5 703133
1 703135
5 703135
1 703137
5 703137
1 703139
5 703139
1 703141
5 703141
1 703143
5 703143
1 703145
5 703145
1 703147
5 703147
1 703149
5 703149
1 703151
5 703151
1 703153
5 703153
1 703155
5 703155
1 703157
5 703157
1 703159
5 703159
1 703161
5 703161
1 703163
5 703163
1 703165
5 703165
1 703167
5 703167
1 703169
5 703169
1 703171
5 703171
1 703173
5 703173
1 703175
5 703175
1 703177
5 703177
1 703179
5 703179
1 703181
5 703181
1 703183
5 703183
1 703185
5 703185
1 703187
5 703187
1 703189
5 703189
1 703191
5 703191
1 703193
5 703193
1 703195
5 703195
1 703197
5 703197
1 703199
5 703199
1 703201
5 703201
1 703203
5 703203
1 703205
5 703205
1 703207
5 703207
1 703209
5 703209
1 703211
5 703211
1 703213
5 703213
1 703215
5 703215
1 703217
5 703217
1 703219
5 703219
1 703221
5 703221
1 703223
5 703223
1 703225
5 703225
1 703227
5 703227
1 703229
5 703229
1 703231
5 703231
1 703233
5 703233
1 703235
5 703235
1 703237
5 703237
1 703239
5 703239
1 703241
5 703241
1 703243
5 703243
1 703245
5 703245
1 703247
5 703247
1 703249
5 703249
1 703251
5 703251
1 703253
5 703253
1 703255
5 703255
1 703257
5 703257
1 703259
5 703259
1 703261
5 703261
1 703263
5 703263
1 703265
5 703265
1 703267
5 703267
1 703269
5 703269
1 703271
5 703271
1 703273
5 703273
1 703275
5 703275
1 703277
5 703277
1 703279
5 703279
1 703281
5 703281
1 703283
5 703283
1 703285
5 703285
1 703287
5 703287
1 703289
5 703289
1 703291
5 703291
1 703293
5 703293
1 703295
5 703295
1 703297
5 703297
1 703299
5 703299
1 703301
5 703301
1 703303
5 703303
1 703305
5 703305
1 703307
5 703307
1 703309
5 703309
1 703311
5 703311
1 703313
5 703313
1 703315
5 703315
1 703317
5 703317
1 703319
5 703319
1 703321
5 703321
1 703323
5 703323
1 703325
5 703325
1 703327
5 703327
1 703329
5 703329
1 703331
5 703331
1 703333
5 703333
1 703335
5 703335
1 703337
5 703337
1 703339
5 703339
1 703341
5 703341
1 703343
5 703343
1 703345
5 703345
1 703347
5 703347
1 703349
5 703349
1 703351
5 703351
1 703353
5 703353
1 703355
5 703355
1 703357
5 703357
1 703359
5 703359
1 703361
5 703361
1 703363
5 703363
1 703365
5 703365
1 703367
5 703367
1 703369
5 703369
1 703371
5 703371
1 703373
5 703373
1 703375
5 703375
1 703377
5 703377
1 703379
5 703379
1 703381
5 703381
1 703383
5 703383
1 703385
5 703385
1 703387
5 703387
1 703389
5 703389
1 703391
5 703391
1 703393
5 703393
1 703395
5 703395
1 703397
5 703397
1 703399
5 703399
1 703401
5 703401
1 703403
5 703403
1 703405
5 703405
1 703407
5 703407
1 703409
5 703409
1 703411
5 703411
1 703413
5 703413
1 703415
5 703415
1 703417
5 703417
1 703419
5 703419
1 703421
5 703421
1 703423
5 703423
1 703425
5 703425
1 703427
5 703427
1 703429
5 703429
1 703431
5 703431
1 703433
5 703433
1 703435
5 703435
1 703437
5 703437
1 703439
5 703439
1 703441
5 703441
1 703443
5 703443
1 703445
5 703445
1 703447
5 703447
1 703449
5 703449
1 703451
5 703451
1 703453
5 703453
1 703455
5 703455
1 703457
5 703457
1 703459
5 703459
1 703461
5 703461
1 703463
5 703463
1 703465
5 703465
1 703467
5 703467
1 703469
5 703469
1 703471
5 703471
1 703473
5 703473
1 703475
5 703475
1 703477
5 703477
1 703479
5 703479
1 703481
5 703481
1 703483
5 703483
1 703485
5 703485
1 703487
5 703487
1 703489
5 703489
1 703491
5 703491
1 703493
5 703493
1 703495
5 703495
1 703497
5 703497
1 703499
5 703499
1 703501
5 703501
1 703503
5 703503
1 703505
5 703505
1 703507
5 703507
1 703509
5 703509
1 703511
5 703511
1 703513
5 703513
1 703515
5 703515
1 703517
5 703517
1 703519
5 703519
1 703521
5 703521
1 703523
5 703523
1 703525
5 703525
1 703527
5 703527
1 703529
5 703529
1 703531
5 703531
1 703533
5 703533
1 703535
5 703535
1 703537
5 703537
1 703539
5 703539
1 703541
5 703541
1 703543
5 703543
1 703545
5 703545
1 703547
5 703547
1 703549
5 703549
1 703551
5 703551
1 703553
5 703553
1 703555
5 703555
1 703557
5 703557
1 703559
5 703559
1 703561
5 703561
1 703563
5 703563
1 703565
5 703565
1 703567
5 703567
1 703569
5 703569
1 703571
5 703571
1 703573
5 703573
1 703575
5 703575
1 703577
5 703577
1 703579
5 703579
1 703581
5 703581
1 703583
5 703583
1 703585
5 703585
1 703587
5 703587
1 703589
5 703589
1 703591
5 703591
1 703593
5 703593
1 703595
5 703595
1 703597
5 703597
1 703599
5 703599
1 703601
5 703601
1 703603
5 703603
1 703605
5 703605
1 703607
5 703607
1 703609
5 703609
1 703611
5 703611
1 703613
5 703613
1 703615
5 703615
1 703617
5 703617
1 703619
5 703619
1 703621
5 703621
1 703623
5 703623
1 703625
5 703625
1 703627
5 703627
1 703629
5 703629
1 703631
5 703631
1 703633
5 703633
1 703635
5 703635
1 703637
5 703637
1 703639
5 703639
1 703641
5 703641
1 703643
5 703643
1 703645
5 703645
1 703647
5 703647
1 703649
5 703649
1 703651
5 703651
1 703653
5 703653
1 703655
5 703655
1 703657
5 703657
1 703659
5 703659
1 703661
5 703661
1 703663
5 703663
1 703665
5 703665
1 703667
5 703667
1 703669
5 703669
1 703671
5 703671
1 703673
5 703673
1 703675
5 703675
1 703677
5 703677
1 703679
5 703679
1 703681
5 703681
1 703683
5 703683
1 703685
5 703685
1 703687
5 703687
1 703689
5 703689
1 703691
5 703691
1 703693
5 703693
1 703695
5 703695
1 703697
5 703697
1 703699
5 703699
1 703701
5 703701
1 703703
5 703703
1 703705
5 703705
1 703707
5 703707
1 703709
5 703709
1 703711
5 703711
1 703713
5 703713
1 703715
5 703715
1 703717
5 703717
1 703719
5 703719
1 703721
5 703721
1 703723
5 703723
1 703725
5 703725
1 703727
5 703727
1 703729
5 703729
1 703731
5 703731
1 703733
5 703733
1 703735
5 703735
1 703737
5 703737
1 703739
5 703739
1 703741
5 703741
1 703743
5 703743
1 703745
5 703745
1 703747
5 703747
1 703749
5 703749
1 703751
5 703751
1 703753
5 703753
1 703755
5 703755
1 703757
5 703757
1 703759
5 703759
1 703761
5 703761
1 703763
5 703763
1 703765
5 703765
1 703767
5 703767
1 703769
5 703769
1 703771
5 703771
1 703773
5 703773
1 703775
5 703775
1 703777
5 703777
1 703779
5 703779
1 703781
5 703781
1 703783
5 703783
1 703785
5 703785
1 703787
5 703787
1 703789
5 703789
1 703791
5 703791
1 703793
5 703793
1 703795
5 703795
1 703797
5 703797
1 703799
5 703799
1 703801
5 703801
1 703803
5 703803
1 703805
5 703805
1 703807
5 703807
1 703809
5 703809
1 703811
5 703811
1 703813
5 703813
1 703815
5 703815
1 703817
5 703817
1 703819
5 703819
1 703821
5 703821
1 703823
5 703823
1 703825
5 703825
1 703827
5 703827
1 703829
5 703829
1 703831
5 703831
1 703833
5 703833
1 703835
5 703835
1 703837
5 703837
1 703839
5 703839
1 703841
5 703841
1 703843
5 703843
1 703845
5 703845
1 703847
5 703847
1 703849
5 703849
1 703851
5 703851
1 703853
5 703853
1 703855
5 703855
1 703857
5 703857
1 703859
5 703859
1 703861
5 703861
1 703863
5 703863
1 703865
5 703865
1 703867
5 703867
1 703869
5 703869
1 703871
5 703871
1 703873
5 703873
1 703875
5 703875
1 703877
5 703877
1 703879
5 703879
1 703881
5 703881
1 703883
5 703883
1 703885
5 703885
1 703887
5 703887
1 703889
5 703889
1 703891
5 703891
1 703893
5 703893
1 703895
5 703895
1 703897
5 703897
1 703899
5 703899
1 703901
5 703901
1 703903
5 703903
1 703905
5 703905
1 703907
5 703907
1 703909
5 703909
1 703911
5 703911
1 703913
5 703913
1 703915
5 703915
1 703917
5 703917
1 703919
5 703919
1 703921
5 703921
1 703923
5 703923
1 703925
5 703925
1 703927
5 703927
1 703929
5 703929
1 703931
5 703931
1 703933
5 703933
1 703935
5 703935
1 703937
5 703937
1 703939
5 703939
1 703941
5 703941
1 703943
5 703943
1 703945
5 703945
1 703947
5 703947
1 703949
5 703949
1 703951
5 703951
1 703953
5 703953
1 703955
5 703955
1 703957
5 703957
1 703959
5 703959
1 703961
5 703961
1 703963
5 703963
1 703965
5 703965
1 703967
5 703967
1 703969
5 703969
1 703971
5 703971
1 703973
5 703973
1 703975
5 703975
1 703977
5 703977
1 703979
5 703979
1 703981
5 703981
1 703983
5 703983
1 703985
5 703985
1 703987
5 703987
1 703989
5 703989
1 703991
5 703991
1 703993
5 703993
1 703995
5 703995
1 703997
5 703997
1 703999
5 703999
1 704001
5 704001
1 704003
5 704003
1 704005
5 704005
1 704007
5 704007
1 704009
5 704009
1 704011
5 704011
1 704013
5 704013
1 704015
5 704015
1 704017
5 704017
1 704019
5 704019
1 704021
5 704021
1 704023
5 704023
1 704025
5 704025
1 704027
5 704027
1 704029
5 704029
1 704031
5 704031
1 704033
5 704033
1 704035
5 704035
1 704037
5 704037
1 704039
5 704039
1 704041
5 704041
1 704043
5 704043
1 704045
5 704045
1 704047
5 704047
1 704049
5 704049
1 704051
5 704051
1 704053
5 704053
1 704055
5 704055
1 704057
5 704057
1 704059
5 704059
1 704061
5 704061
1 704063
5 704063
1 704065
5 704065
1 704067
5 704067
1 704069
5 704069
1 704071
5 704071
1 704073
5 704073
1 704075
5 704075
1 704077
5 704077
1 704079
5 704079
1 704081
5 704081
1 704083
5 704083
1 704085
5 704085
1 704087
5 704087
1 704089
5 704089
1 704091
5 704091
1 704093
5 704093
1 704095
5 704095
1 704097
5 704097
1 704099
5 704099
1 704101
5 704101
1 704103
5 704103
1 704105
5 704105
1 704107
5 704107
1 704109
5 704109
1 704111
5 704111
1 704113
5 704113
1 704115
5 704115
1 704117
5 704117
1 704119
5 704119
1 704121
5 704121
1 704123
5 704123
1 704125
5 704125
1 704127
5 704127
1 704129
5 704129
1 704131
5 704131
1 704133
5 704133
1 704135
5 704135
1 704137
5 704137
1 704139
5 704139
1 704141
5 704141
1 704143
5 704143
1 704145
5 704145
1 704147
5 704147
1 704149
5 704149
1 704151
5 704151
1 704153
5 704153
1 704155
5 704155
1 704157
5 704157
1 704159
5 704159
1 704161
5 704161
1 704163
5 704163
1 704165
5 704165
1 704167
5 704167
1 704169
5 704169
1 704171
5 704171
1 704173
5 704173
1 704175
5 704175
1 704177
5 704177
1 704179
5 704179
1 704181
5 704181
1 704183
5 704183
1 704185
5 704185
1 704187
5 704187
1 704189
5 704189
1 704191
5 704191
1 704193
5 704193
1 704195
5 704195
1 704197
5 704197
1 704199
5 704199
1 704201
5 704201
1 704203
5 704203
1 704205
5 704205
1 704207
5 704207
1 704209
5 704209
1 704211
5 704211
1 704213
5 704213
1 704215
5 704215
1 704217
5 704217
1 704219
5 704219
1 704221
5 704221
1 704223
5 704223
1 704225
5 704225
1 704227
5 704227
1 704229
5 704229
1 704231
5 704231
1 704233
5 704233
1 704235
5 704235
1 704237
5 704237
1 704239
5 704239
1 704241
5 704241
1 704243
5 704243
1 704245
5 704245
1 704247
5 704247
1 704249
5 704249
1 704251
5 704251
1 704253
5 704253
1 704255
5 704255
1 704257
5 704257
1 704259
5 704259
1 704261
5 704261
1 704263
5 704263
1 704265
5 704265
1 704267
5 704267
1 704269
5 704269
1 704271
5 704271
1 704273
5 704273
1 704275
5 704275
1 704277
5 704277
1 704279
5 704279
1 704281
5 704281
1 704283
5 704283
1 704285
5 704285
1 704287
5 704287
1 704289
5 704289
1 704291
5 704291
1 704293
5 704293
1 704295
5 704295
1 704297
5 704297
1 704299
5 704299
1 704301
5 704301
1 704303
5 704303
1 704305
5 704305
1 704307
5 704307
1 704309
5 704309
1 704311
5 704311
1 704313
5 704313
1 704315
5 704315
1 704317
5 704317
1 704319
5 704319
1 704321
5 704321
1 704323
5 704323
1 704325
5 704325
1 704327
5 704327
1 704329
5 704329
1 704331
5 704331
1 704333
5 704333
1 704335
5 704335
1 704337
5 704337
1 704339
5 704339
1 704341
5 704341
1 704343
5 704343
1 704345
5 704345
1 704347
5 704347
1 704349
5 704349
1 704351
5 704351
1 704353
5 704353
1 704355
5 704355
1 704357
5 704357
1 704359
5 704359
1 704361
5 704361
1 704363
5 704363
1 704365
5 704365
1 704367
5 704367
1 704369
5 704369
1 704371
5 704371
1 704373
5 704373
1 704375
5 704375
1 704377
5 704377
1 704379
5 704379
1 704381
5 704381
1 704383
5 704383
1 704385
5 704385
1 704387
5 704387
1 704389
5 704389
1 704391
5 704391
1 704393
5 704393
1 704395
5 704395
1 704397
5 704397
1 704399
5 704399
1 704401
5 704401
1 704403
5 704403
1 704405
5 704405
1 704407
5 704407
1 704409
5 704409
1 704411
5 704411
1 704413
5 704413
1 704415
5 704415
1 704417
5 704417
1 704419
5 704419
1 704421
5 704421
1 704423
5 704423
1 704425
5 704425
1 704427
5 704427
1 704429
5 704429
1 704431
5 704431
1 704433
5 704433
1 704435
5 704435
1 704437
5 704437
1 704439
5 704439
1 704441
5 704441
1 704443
5 704443
1 704445
5 704445
1 704447
5 704447
1 704449
5 704449
1 704451
5 704451
1 704453
5 704453
1 704455
5 704455
1 704457
5 704457
1 704459
5 704459
1 704461
5 704461
1 704463
5 704463
1 704465
5 704465
1 704467
5 704467
1 704469
5 704469
1 704471
5 704471
1 704473
5 704473
1 704475
5 704475
1 704477
5 704477
1 704479
5 704479
1 704481
5 704481
1 704483
5 704483
1 704485
5 704485
1 704487
5 704487
1 704489
5 704489
1 704491
5 704491
1 704493
5 704493
1 704495
5 704495
1 704497
5 704497
1 704499
5 704499
1 704501
5 704501
1 704503
5 704503
1 704505
5 704505
1 704507
5 704507
1 704509
5 704509
1 704511
5 704511
1 704513
5 704513
1 704515
5 704515
1 704517
5 704517
1 704519
5 704519
1 704521
5 704521
1 704523
5 704523
1 704525
5 704525
1 704527
5 704527
1 704529
5 704529
1 704531
5 704531
1 704533
5 704533
1 704535
5 704535
1 704537
5 704537
1 704539
5 704539
1 704541
5 704541
1 704543
5 704543
1 704545
5 704545
1 704547
5 704547
1 704549
5 704549
1 704551
5 704551
1 704553
5 704553
1 704555
5 704555
1 704557
5 704557
1 704559
5 704559
1 704561
5 704561
1 704563
5 704563
1 704565
5 704565
1 704567
5 704567
1 704569
5 704569
1 704571
5 704571
1 704573
5 704573
1 704575
5 704575
1 704577
5 704577
1 704579
5 704579
1 704581
5 704581
1 704583
5 704583
1 704585
5 704585
1 704587
5 704587
1 704589
5 704589
1 704591
5 704591
1 704593
5 704593
1 704595
5 704595
1 704597
5 704597
1 704599
5 704599
1 704601
5 704601
1 704603
5 704603
1 704605
5 704605
1 704607
5 704607
1 704609
5 704609
1 704611
5 704611
1 704613
5 704613
1 704615
5 704615
1 704617
5 704617
1 704619
5 704619
1 704621
5 704621
1 704623
5 704623
1 704625
5 704625
1 704627
5 704627
1 704629
5 704629
1 704631
5 704631
1 704633
5 704633
1 704635
5 704635
1 704637
5 704637
1 704639
5 704639
1 704641
5 704641
1 704643
5 704643
1 704645
5 704645
1 704647
5 704647
1 704649
5 704649
1 704651
5 704651
1 704653
5 704653
1 704655
5 704655
1 704657
5 704657
1 704659
5 704659
1 704661
5 704661
1 704663
5 704663
1 704665
5 704665
1 704667
5 704667
1 704669
5 704669
1 704671
5 704671
1 704673
5 704673
1 704675
5 704675
1 704677
5 704677
1 704679
5 704679
1 704681
5 704681
1 704683
5 704683
1 704685
5 704685
1 704687
5 704687
1 704689
5 704689
1 704691
5 704691
1 704693
5 704693
1 704695
5 704695
1 704697
5 704697
1 704699
5 704699
1 704701
5 704701
1 704703
5 704703
1 704705
5 704705
1 704707
5 704707
1 704709
5 704709
1 704711
5 704711
1 704713
5 704713
1 704715
5 704715
1 704717
5 704717
1 704719
5 704719
1 704721
5 704721
1 704723
5 704723
1 704725
5 704725
1 704727
5 704727
1 704729
5 704729
1 704731
5 704731
1 704733
5 704733
1 704735
5 704735
1 704737
5 704737
1 704739
5 704739
1 704741
5 704741
1 704743
5 704743
1 704745
5 704745
1 704747
5 704747
1 704749
5 704749
1 704751
5 704751
1 704753
5 704753
1 704755
5 704755
1 704757
5 704757
1 704759
5 704759
1 704761
5 704761
1 704763
5 704763
1 704765
5 704765
1 704767
5 704767
1 704769
5 704769
1 704771
5 704771
1 704773
5 704773
1 704775
5 704775
1 704777
5 704777
1 704779
5 704779
1 704781
5 704781
1 704783
5 704783
1 704785
5 704785
1 704787
5 704787
1 704789
5 704789
1 704791
5 704791
1 704793
5 704793
1 704795
5 704795
1 704797
5 704797
1 704799
5 704799
1 704801
5 704801
1 704803
5 704803
1 704805
5 704805
1 704807
5 704807
1 704809
5 704809
1 704811
5 704811
1 704813
5 704813
1 704815
5 704815
1 704817
5 704817
1 704819
5 704819
1 704821
5 704821
1 704823
5 704823
1 704825
5 704825
1 704827
5 704827
1 704829
5 704829
1 704831
5 704831
1 704833
5 704833
1 704835
5 704835
1 704837
5 704837
1 704839
5 704839
1 704841
5 704841
1 704843
5 704843
1 704845
5 704845
1 704847
5 704847
1 704849
5 704849
1 704851
5 704851
1 704853
5 704853
1 704855
5 704855
1 704857
5 704857
1 704859
5 704859
1 704861
5 704861
1 704863
5 704863
1 704865
5 704865
1 704867
5 704867
1 704869
5 704869
1 704871
5 704871
1 704873
5 704873
1 704875
5 704875
1 704877
5 704877
1 704879
5 704879
1 704881
5 704881
1 704883
5 704883
1 704885
5 704885
1 704887
5 704887
1 704889
5 704889
1 704891
5 704891
1 704893
5 704893
1 704895
5 704895
1 704897
5 704897
1 704899
5 704899
1 704901
5 704901
1 704903
5 704903
1 704905
5 704905
1 704907
5 704907
1 704909
5 704909
1 704911
5 704911
1 704913
5 704913
1 704915
5 704915
1 704917
5 704917
1 704919
5 704919
1 704921
5 704921
1 704923
5 704923
1 704925
5 704925
1 704927
5 704927
1 704929
5 704929
1 704931
5 704931
1 704933
5 704933
1 704935
5 704935
1 704937
5 704937
1 704939
5 704939
1 704941
5 704941
1 704943
5 704943
1 704945
5 704945
1 704947
5 704947
1 704949
5 704949
1 704951
5 704951
1 704953
5 704953
1 704955
5 704955
1 704957
5 704957
1 704959
5 704959
1 704961
5 704961
1 704963
5 704963
1 704965
5 704965
1 704967
5 704967
1 704969
5 704969
1 704971
5 704971
1 704973
5 704973
1 704975
5 704975
1 704977
5 704977
1 704979
5 704979
1 704981
5 704981
1 704983
5 704983
1 704985
5 704985
1 704987
5 704987
1 704989
5 704989
1 704991
5 704991
1 704993
5 704993
1 704995
5 704995
1 704997
5 704997
1 704999
5 704999
1 1
3 1
