2512 6421 2317 2419
3 3631
4 1712
4 4783
4 5585
4 6403
5 349
5 6174
6 408
7 2487
8 5250
9 196
9 3806
9 5004
13 2411
15 3120
15 3768
16 1417
17 6
17 2512
19 4661
20 3848
21 1285
22 331
22 1401
22 1730
24 2066
24 2471
24 5134
25 1323
25 2877
25 4596
26 6223
27 5726
30 91
30 4400
31 86
31 5146
32 2625
32 4693
34 1734
37 2181
41 915
41 3954
41 6099
43 2309
45 3363
47 740
51 244
52 3883
53 5762
55 1624
55 2681
56 5461
57 5566
59 5863
61 139
61 6180
63 181
64 6043
66 4533
66 6058
67 4440
69 4750
69 5797
71 2609
71 2760
74 4687
76 2538
76 4406
79 6086
80 2085
80 2627
82 3845
83 6097
86 3514
88 5968
90 3122
92 1738
92 4008
93 1235
93 3327
94 4521
97 4157
98 4517
99 5409
100 738
100 1255
101 5342
102 3738
103 3383
103 4245
103 4287
103 4903
104 1524
104 4011
106 165
106 1043
109 1713
109 2634
114 2555
114 4742
116 4648
117 2525
118 835
118 5485
120 4942
125 2340
125 3998
127 250
127 5600
128 1048
129 522
130 1079
130 5493
131 465
132 840
132 1358
132 3086
133 2380
134 283
134 6031
135 4056
136 4508
137 2535
138 4204
139 2933
139 5814
140 1448
140 1608
142 4193
145 217
148 2380
149 555
150 3373
152 3722
153 4711
154 5966
155 4328
155 4461
157 835
159 1955
159 2506
160 2643
161 6148
166 3249
166 4421
167 2650
168 234
169 4067
169 4199
169 4382
170 1722
171 3224
175 1593
175 5737
176 751
176 1058
178 1133
178 2096
179 5023
184 1212
184 2614
187 3833
187 6293
189 1135
190 1092
192 2445
193 2433
194 2308
194 5482
195 4436
196 2397
196 3724
201 5981
201 6017
202 3006
202 3843
204 2512
205 2878
208 839
210 6089
212 2312
212 2824
212 3449
213 4636
215 481
215 2971
216 2278
217 4742
218 6302
220 3863
222 4272
222 4975
223 1868
224 1170
224 4647
224 5954
225 1427
225 5033
230 6138
232 2233
233 3642
234 423
237 1141
237 1534
237 2586
239 737
240 5634
243 352
244 2628
246 4048
247 250
247 1666
249 909
249 2866
250 3546
251 683
252 649
253 4653
255 509
255 1288
255 4768
256 1944
256 2791
259 3148
261 497
261 3833
262 267
262 1012
264 1751
266 247
266 927
268 4294
270 227
270 3084
271 1415
271 4289
274 3858
275 5837
276 138
278 5373
279 3208
282 330
282 5756
285 5564
287 2562
289 3168
289 3614
289 4133
292 1666
293 2155
293 4306
295 2172
296 435
296 1888
296 3716
296 5229
298 242
300 3058
300 4166
300 5228
301 2210
302 5188
304 1878
305 4614
305 6255
306 2990
306 4132
306 5530
307 6382
310 4011
310 4537
312 3979
314 1219
315 872
315 1776
315 2013
316 1785
316 3704
320 2246
323 2511
324 168
324 6313
325 2757
326 4866
327 2616
327 3292
327 3437
330 4237
331 1694
331 3098
333 1804
334 5885
336 2437
336 4238
336 5108
337 1199
338 3781
340 597
341 2467
341 2884
342 4212
343 6101
344 253
344 4146
344 4655
345 2421
345 3106
348 5585
350 343
351 5544
355 5242
357 1613
358 2966
360 1266
360 6171
362 4831
364 2288
364 4720
366 538
367 1028
367 1880
367 3245
368 3075
369 1847
369 3436
371 4874
372 1869
372 3766
372 5679
373 734
374 4545
374 5334
375 3247
376 5915
378 4908
378 5610
380 4521
380 6391
381 542
382 5590
383 456
384 118
385 2236
386 3523
387 1357
387 6034
388 3635
391 1474
392 1995
392 3711
393 2472
393 3219
393 3693
394 5296
396 4462
397 1054
398 4428
398 5425
399 2116
402 458
403 2600
404 5502
407 3659
407 5099
411 329
414 3056
414 3363
415 5305
421 1081
421 4367
423 834
424 3588
424 3925
427 362
427 1519
428 5755
430 2825
431 1795
431 4645
434 4044
434 4463
436 2853
437 129
437 3768
437 5166
438 4366
440 1764
440 2357
440 3618
442 4715
444 879
445 1189
445 2400
446 89
447 2404
447 5753
448 6231
448 6236
448 6337
450 5628
451 5423
454 1797
456 4759
456 6382
457 5191
457 5420
459 4525
460 2091
462 1723
463 550
467 1199
468 1825
469 3687
469 4935
473 2124
473 2867
473 3031
476 358
477 1523
479 3810
479 5223
480 3978
481 5292
483 831
483 1710
485 4415
485 6208
487 817
487 2038
487 4465
487 5177
491 2881
491 3650
491 3972
492 1644
492 3156
493 2978
495 6210
495 6218
496 4453
498 2259
500 623
501 4173
503 1269
504 952
505 1003
507 1294
507 3447
508 1084
509 1525
510 1321
511 1096
514 3744
515 2761
516 1431
516 3854
517 776
517 2350
518 1916
519 974
522 4830
523 4778
526 5908
528 1629
528 6115
531 6270
532 3367
534 4997
536 561
537 2176
537 3718
537 5764
537 5983
538 840
538 4995
538 5399
538 5874
539 4009
539 4517
539 6407
540 1156
541 3256
541 3936
543 888
543 3091
548 5905
551 910
552 15
553 3264
553 4746
553 5968
555 6095
555 6123
557 387
557 2016
557 5023
560 4798
560 5469
563 1321
563 2190
564 2853
565 4605
567 842
567 3457
568 6389
571 1760
571 5162
572 1349
575 1215
576 3132
579 2179
581 590
581 3759
581 6098
583 2917
584 4343
585 1320
586 1705
587 371
588 5197
589 130
589 2479
589 5105
590 2986
590 4814
591 2668
592 3035
593 2695
594 2458
595 165
595 2735
596 609
597 2803
598 4332
600 922
601 3383
602 116
602 4180
604 4168
604 4223
604 5183
605 2300
606 1897
608 707
608 5740
609 2834
610 1833
612 4918
613 201
613 5692
615 3383
619 4729
620 299
621 4956
621 5518
622 1413
622 3986
622 4888
623 3523
623 3909
624 1371
625 6054
626 5041
628 4608
629 1166
629 3760
630 5503
631 3851
634 1638
634 3452
635 5859
636 3043
636 3447
636 3664
638 2473
639 530
639 2295
640 5640
640 6158
642 568
645 11
645 5365
646 519
647 653
647 5216
650 1543
650 4116
652 4183
654 2419
655 1165
656 156
656 740
656 4319
658 4786
662 630
665 3576
665 4868
667 912
667 1311
667 3596
667 5802
668 615
669 3147
672 1822
672 1848
672 4528
673 1990
673 4022
674 606
676 745
676 792
676 4617
677 5007
678 5269
680 2338
682 686
682 2551
683 2479
685 45
686 2065
688 827
688 5552
689 551
690 1659
690 4914
690 5004
690 5895
693 963
693 2352
696 3338
697 86
697 2535
697 3273
698 343
698 2291
698 5090
699 3997
700 2389
700 2942
700 6145
702 1084
702 3752
703 2709
704 661
706 4839
709 6398
711 1651
714 5252
714 6330
715 4136
716 3902
718 3312
720 5723
721 167
721 3667
725 872
725 1612
726 5594
728 4948
728 5217
729 1192
732 3291
733 458
734 1067
734 4347
734 5175
736 1298
736 4421
739 2159
741 3522
742 4339
743 3483
743 4207
743 4734
745 2786
745 3270
746 1279
748 5161
749 4582
751 4799
754 4070
755 5762
756 4793
758 6275
759 3435
759 5372
760 5411
761 4247
762 442
763 1785
763 3715
763 5239
766 1968
768 1292
769 362
769 5087
770 1411
770 4093
771 2997
771 4298
773 2272
774 4081
775 2745
776 4961
777 6324
778 533
780 875
780 5556
785 1703
786 2008
786 4198
786 5750
789 1915
792 2450
794 198
799 203
801 3642
802 3915
802 5691
803 1697
804 3049
807 1550
807 2827
810 4927
810 5909
812 22
812 76
813 409
813 1081
813 3471
814 866
814 1491
815 3134
815 5988
817 3711
819 1085
821 6125
823 3473
824 626
824 733
825 6110
826 2451
828 1013
828 2463
828 3729
833 4805
835 5199
836 1489
836 2415
837 516
837 1283
838 3075
838 5895
841 5894
842 5732
845 3550
845 4454
846 2442
848 691
848 2545
850 1981
850 2063
852 5562
853 82
853 2872
853 4489
853 4620
854 1603
854 4727
857 5589
858 2025
858 2839
860 33
861 3497
863 6345
864 6071
865 4849
868 1555
868 2018
868 2606
870 2978
870 5091
871 3213
872 601
872 4345
872 5845
874 798
875 3642
876 3083
878 4284
878 5878
879 2115
879 3563
881 6239
882 6251
883 3234
884 2629
885 174
885 3135
885 5044
887 2621
887 6373
890 2258
892 557
892 5904
895 3001
895 4797
896 95
896 612
896 5264
898 341
898 3410
899 2737
899 4720
900 5266
901 4881
902 3016
903 4135
904 1999
909 5948
911 1614
911 4436
913 2287
913 2329
913 3692
914 4135
915 5115
917 4865
918 1819
919 5076
919 5866
920 4234
921 1372
923 85
923 1930
923 2900
923 4565
924 3078
928 388
928 4046
929 2466
932 1681
933 1137
933 1826
933 5583
934 2895
934 5592
935 2879
936 742
937 5854
939 1909
940 5124
942 224
943 3411
944 5510
945 745
947 2558
948 2739
948 5936
951 4668
952 681
953 3013
953 6384
954 192
955 168
955 1411
957 3509
959 1328
959 4185
961 1612
961 3727
965 4580
968 778
968 5043
970 1918
971 560
971 2951
971 6110
975 3183
975 5737
977 2180
977 5331
977 6328
981 2089
983 80
984 97
985 962
985 1075
985 6209
989 450
989 2016
990 5627
991 2786
992 5978
994 345
995 2137
996 681
997 3249
998 3595
1000 6143
1001 1538
1002 1893
1004 959
1007 143
1008 5760
1010 3129
1012 1779
1012 5916
1012 6260
1013 1472
1016 2621
1018 5441
1019 2649
1021 1400
1022 3562
1023 1185
1023 5439
1024 636
1024 1836
1024 3640
1026 665
1026 2552
1028 2328
1029 2250
1030 314
1030 1849
1031 3130
1032 5750
1034 3152
1037 6209
1038 5282
1041 1158
1041 5292
1043 726
1043 4407
1045 4240
1045 5597
1049 1062
1049 3077
1051 1464
1051 3700
1053 4205
1053 4257
1053 6358
1056 3110
1056 6386
1056 6396
1058 1093
1058 2397
1058 3428
1058 6262
1059 4723
1062 5740
1063 2767
1063 4068
1064 2576
1064 3442
1069 3877
1070 4138
1072 4619
1073 3076
1075 6
1076 434
1076 2670
1076 5430
1077 3045
1077 4736
1078 3673
1079 3633
1080 3171
1080 4708
1081 1509
1081 3076
1082 1157
1082 1338
1084 314
1084 2568
1085 437
1085 2382
1085 4288
1087 3176
1087 4131
1088 177
1088 4450
1090 989
1090 1555
1090 3974
1092 2925
1093 1211
1093 5853
1095 1137
1097 2521
1098 2833
1102 5483
1103 2386
1104 955
1105 1382
1107 3733
1108 841
1108 3944
1108 5978
1111 3717
1114 3742
1114 6135
1116 1837
1116 2616
1121 1010
1121 2028
1122 812
1129 2621
1129 2668
1130 4224
1131 1817
1131 2128
1132 1856
1133 3602
1134 3256
1135 4452
1136 1328
1137 3092
1137 3548
1137 4332
1137 5555
1138 4
1138 3375
1144 5631
1145 305
1146 1178
1146 2726
1146 4598
1151 492
1151 4186
1151 4329
1152 1072
1152 2074
1155 2576
1156 4014
1156 4305
1156 5044
1158 5802
1159 3176
1159 4959
1159 6317
1160 3522
1163 2494
1164 1523
1164 3139
1164 3408
1164 6022
1168 5369
1169 2621
1169 5328
1171 96
1172 4921
1174 3709
1176 1762
1176 6023
1179 3277
1181 1731
1182 5470
1183 1688
1183 3181
1184 2684
1185 4053
1188 4097
1188 4375
1191 2472
1193 5612
1194 2071
1196 2335
1199 155
1199 945
1199 2120
1201 2678
1201 5937
1202 4677
1202 4939
1202 5604
1203 2147
1203 3872
1205 251
1205 1556
1209 1890
1209 3327
1209 5834
1211 5617
1212 364
1212 1431
1216 2727
1217 1451
1217 1642
1218 2056
1218 2606
1218 4716
1219 2251
1219 3777
1220 770
1220 4569
1221 631
1221 4543
1221 5168
1223 1582
1227 3657
1228 6120
1231 1985
1232 3385
1233 5591
1234 572
1234 5561
1235 3522
1236 1052
1236 2194
1236 3690
1238 4846
1239 3089
1239 6133
1241 413
1244 5018
1245 1789
1245 5406
1246 161
1246 4158
1248 889
1249 122
1250 5391
1251 2394
1253 1620
1255 2334
1259 4355
1259 5380
1260 1486
1263 779
1263 1268
1263 4914
1264 3144
1264 3595
1266 5265
1268 66
1268 3810
1268 4512
1269 18
1270 1037
1271 2577
1272 243
1272 635
1273 1961
1275 2068
1277 6201
1279 3819
1281 5590
1282 2760
1282 5292
1283 4920
1284 865
1284 994
1287 1400
1288 2915
1288 3267
1288 3678
1289 2767
1289 3219
1289 4180
1291 1292
1292 1130
1292 3242
1293 2045
1295 3536
1296 2179
1297 680
1297 4093
1298 233
1298 1970
1299 2038
1301 2925
1303 5622
1304 2685
1304 5365
1305 1898
1311 3726
1312 3069
1313 2276
1313 4660
1313 6370
1314 740
1314 1605
1321 1959
1323 18
1323 4544
1325 3702
1326 3175
1326 4492
1329 5364
1330 2422
1332 87
1333 1816
1333 5336
1335 5414
1336 1812
1336 2335
1338 143
1338 668
1338 1150
1338 3472
1340 1718
1340 3853
1344 412
1346 595
1346 5556
1346 5750
1349 1386
1349 3929
1350 3776
1358 621
1363 1748
1365 1376
1368 900
1369 5496
1370 3760
1370 5623
1371 628
1371 2538
1371 6106
1372 1701
1372 2957
1373 2945
1374 1900
1375 3859
1376 3925
1378 1998
1378 4525
1379 2703
1380 2709
1381 153
1382 2129
1383 3006
1383 3966
1383 5427
1384 544
1385 2980
1385 3389
1388 3445
1388 5439
1389 485
1389 698
1390 96
1390 4101
1391 359
1391 1829
1391 5342
1392 1903
1393 3046
1393 6198
1394 1623
1394 4792
1395 1456
1395 4642
1395 4834
1395 5695
1396 2472
1396 6195
1397 4726
1398 575
1399 2264
1400 1817
1400 5225
1401 1889
1401 4415
1402 1983
1403 543
1404 128
1404 4114
1406 3231
1406 3335
1408 3329
1409 2927
1410 3887
1411 4200
1412 1531
1412 2776
1414 2412
1415 5062
1416 2887
1416 5052
1419 2270
1419 6137
1420 3248
1421 188
1421 1045
1421 5966
1422 464
1422 5722
1424 2857
1426 3335
1426 4485
1426 4893
1428 2761
1429 94
1429 1373
1431 3583
1432 245
1432 3099
1434 2443
1435 3274
1435 3465
1438 4488
1439 2304
1440 6334
1441 3669
1442 5429
1444 2881
1447 2338
1449 13
1449 5050
1450 2648
1452 1752
1454 1051
1455 89
1456 545
1456 957
1460 622
1462 1474
1462 6054
1463 4637
1464 4861
1464 5262
1467 155
1468 4329
1468 5715
1471 1930
1471 5608
1472 4467
1475 3162
1475 3448
1477 4385
1477 5091
1478 2308
1481 75
1484 3537
1484 4578
1486 3586
1487 5110
1488 3161
1489 2936
1493 6058
1495 133
1496 2047
1496 4252
1497 965
1498 5256
1499 5576
1500 504
1500 2331
1500 3704
1501 6380
1502 292
1502 3896
1502 5105
1504 5137
1506 4236
1507 759
1507 4039
1510 1279
1510 5098
1511 5812
1513 3608
1514 1456
1518 4458
1520 1421
1521 3408
1522 1007
1522 1817
1522 3170
1522 3686
1522 6405
1523 413
1523 1875
1524 4535
1526 2673
1527 4675
1528 610
1528 2660
1528 5164
1531 4597
1532 2235
1532 3209
1532 3905
1537 6317
1538 3437
1539 2675
1541 4813
1543 1463
1544 5159
1545 3609
1547 1168
1547 1346
1548 5607
1550 3641
1551 4060
1552 5386
1552 5941
1553 3838
1553 5908
1554 6340
1555 1474
1556 4875
1559 3937
1560 2850
1560 5194
1561 2994
1562 4453
1564 5937
1566 5291
1567 401
1567 418
1569 2250
1570 6074
1571 5528
1572 3877
1573 5424
1574 1271
1574 5758
1575 6145
1576 312
1576 2971
1577 4810
1578 2966
1578 3092
1578 3175
1578 4464
1580 487
1580 3474
1580 3504
1580 3942
1580 4300
1581 1093
1581 2254
1583 176
1583 878
1583 5989
1585 4637
1587 552
1587 1302
1588 96
1588 2497
1588 6140
1590 1702
1592 2741
1592 3191
1596 2986
1597 5613
1597 6404
1599 1537
1599 1729
1599 3768
1601 4617
1601 6403
1602 3069
1604 2673
1605 624
1607 5028
1609 5137
1611 2358
1612 3370
1614 564
1615 2213
1615 2908
1615 3411
1615 3764
1615 5595
1616 306
1616 4526
1617 406
1618 2366
1618 3176
1620 2753
1622 1276
1623 4055
1623 6100
1624 2106
1625 828
1625 2428
1625 5406
1626 3319
1626 3478
1627 2748
1628 5353
1630 1905
1630 2697
1631 3809
1631 5883
1632 2234
1633 3443
1633 4366
1634 4641
1635 2542
1638 4378
1639 2184
1639 4482
1640 221
1641 1612
1641 5423
1643 4067
1644 5694
1644 6420
1645 4461
1646 2477
1646 4858
1648 1301
1648 4635
1648 6035
1649 3278
1649 4809
1649 5023
1650 592
1651 3370
1653 1874
1655 1247
1659 1722
1660 526
1660 2530
1660 4130
1661 1181
1661 4664
1661 6269
1662 3886
1663 2995
1664 1391
1665 2593
1665 4044
1665 6112
1667 4390
1667 6348
1669 3755
1669 4616
1669 5384
1671 556
1672 2936
1672 4133
1672 5927
1673 6270
1676 1053
1676 6282
1677 373
1677 2234
1677 4892
1681 5655
1687 1477
1689 935
1690 224
1690 3758
1691 411
1693 1313
1693 1903
1693 4059
1694 3391
1695 5827
1699 4736
1699 5782
1699 5907
1700 336
1700 4242
1701 6034
1702 2170
1702 3484
1704 3003
1705 5064
1705 5195
1706 2562
1706 3222
1708 259
1708 2839
1708 3024
1710 1818
1710 3740
1710 4025
1710 6296
1711 4459
1712 4443
1713 2859
1713 3500
1713 4471
1715 1732
1715 3577
1716 2567
1719 3814
1719 5740
1721 849
1722 348
1722 1741
1722 4362
1725 5693
1726 5117
1728 2770
1729 1165
1731 384
1732 5669
1733 3256
1733 4340
1734 2029
1734 3900
1734 4053
1736 2223
1736 4176
1738 514
1738 3418
1740 5613
1746 4073
1747 801
1747 1498
1749 3994
1750 4112
1752 6022
1753 4646
1755 5596
1756 5736
1757 2505
1757 4855
1757 5133
1757 6115
1758 4975
1759 3093
1759 4970
1761 897
1763 1853
1763 5949
1764 2732
1767 525
1768 896
1768 4347
1769 1083
1769 1892
1770 5196
1772 1735
1772 2405
1774 1384
1775 3484
1776 6294
1777 245
1777 1830
1778 16
1779 6186
1780 3580
1780 5482
1781 297
1781 3593
1784 781
1784 2110
1785 6379
1786 3414
1787 2360
1789 6211
1794 5207
1797 647
1797 1176
1797 2253
1797 3160
1799 2825
1799 4730
1800 2637
1803 1577
1803 2543
1804 2795
1805 1971
1805 4845
1806 718
1806 2159
1806 5820
1807 3570
1807 4806
1807 5214
1809 260
1809 715
1809 4639
1811 3338
1811 5106
1812 3855
1813 2239
1813 5483
1815 1175
1816 1017
1816 1666
1816 2805
1817 902
1817 5230
1818 5460
1819 5021
1819 5622
1820 2259
1820 5539
1821 1780
1821 5006
1822 368
1822 4163
1823 229
1824 2063
1824 5475
1825 2090
1825 2773
1827 3845
1828 2115
1828 5613
1830 2169
1831 1123
1832 1002
1832 2540
1836 3657
1839 333
1839 1177
1839 2218
1841 1467
1841 4258
1843 611
1844 1362
1844 4434
1845 3148
1850 2164
1851 220
1852 4067
1855 1409
1855 4569
1856 1259
1856 1748
1856 2247
1856 2327
1857 2634
1861 1148
1862 4875
1864 3315
1864 4023
1864 5596
1865 6395
1865 6397
1867 647
1867 3720
1869 6153
1871 3281
1871 3597
1872 3442
1874 4749
1877 491
1877 3857
1878 1191
1878 1425
1878 5659
1879 2579
1880 2082
1881 4152
1881 4715
1882 5393
1883 4737
1884 1259
1885 1946
1887 3256
1888 1159
1890 1897
1890 2331
1890 4759
1891 1978
1891 1988
1893 1337
1895 224
1898 1424
1899 4627
1900 1101
1900 1383
1900 4870
1901 99
1902 1274
1903 4400
1904 5183
1906 5872
1907 224
1907 3667
1907 4759
1908 5038
1908 5167
1909 6100
1910 4363
1912 4018
1915 1650
1920 1815
1921 4797
1922 1793
1922 2403
1923 882
1923 1603
1924 2574
1924 4423
1925 2885
1925 5515
1925 5770
1926 4343
1927 4849
1931 730
1932 1267
1933 2520
1935 2314
1935 6224
1937 1030
1937 1602
1937 2846
1937 5934
1938 4351
1939 344
1942 6084
1944 557
1946 2660
1947 2303
1948 376
1948 2107
1948 4454
1953 5077
1956 1524
1956 5381
1961 4506
1963 1811
1963 3314
1963 4367
1967 685
1968 1990
1968 3435
1968 5373
1969 1878
1969 6417
1971 5777
1973 3873
1973 5439
1975 271
1975 295
1977 953
1978 2010
1979 1920
1981 438
1981 3563
1981 4860
1982 5332
1983 985
1983 4644
1985 2982
1985 4221
1986 2410
1987 2422
1988 4955
1989 272
1989 4311
1989 5805
1991 617
1992 2701
1993 3247
1994 3384
1996 370
1997 1281
1997 3964
1997 5464
1998 530
1998 3328
1998 4692
1998 4722
1999 2894
2000 4303
2001 5691
2002 2785
2004 1067
2007 308
2007 1191
2008 682
2008 5802
2010 4387
2011 1488
2011 2045
2012 5134
2016 3650
2016 5524
2017 2191
2017 4978
2020 2319
2021 2673
2021 2964
2022 1287
2022 6314
2023 1010
2023 1152
2023 1707
2025 223
2026 1038
2029 4430
2030 522
2034 426
2034 3977
2034 4720
2036 5536
2037 692
2037 4074
2038 1649
2040 784
2042 4491
2043 1449
2044 2523
2044 6032
2044 6039
2046 6307
2047 2794
2047 4573
2048 967
2051 2219
2053 1225
2053 1228
2053 1595
2053 2299
2053 4384
2054 1054
2054 3050
2057 3120
2057 4407
2058 43
2058 3701
2064 123
2064 1078
2068 4220
2069 5780
2070 3465
2070 4694
2071 582
2071 2269
2072 1377
2072 3789
2075 2968
2075 3510
2076 5735
2077 4223
2080 6079
2082 2295
2085 4001
2086 3208
2086 3687
2089 1591
2090 1018
2090 2818
2091 3526
2091 3617
2091 6194
2093 5046
2094 5142
2095 1924
2095 5411
2100 5931
2105 4229
2106 2583
2106 2880
2106 5352
2107 567
2107 5415
2108 2800
2111 1817
2112 4937
2116 3338
2116 5192
2118 1027
2119 733
2119 5886
2119 6285
2120 1871
2123 3548
2124 1988
2125 2085
2128 632
2128 2019
2128 3547
2129 789
2131 5465
2132 2095
2133 2351
2133 6072
2134 1592
2134 1821
2137 2523
2137 4997
2141 3471
2142 6348
2143 242
2144 1341
2145 1425
2147 90
2147 4611
2148 3625
2149 4882
2150 2378
2152 5604
2153 731
2153 4037
2153 5426
2156 349
2156 1537
2157 2210
2157 2698
2159 5720
2161 5117
2162 2541
2162 6301
2163 3469
2163 5498
2164 82
2172 1269
2172 3265
2172 4403
2172 4733
2173 2728
2174 709
2175 1139
2178 5741
2180 2704
2182 2493
2183 2071
2185 5674
2187 4081
2190 2671
2190 2878
2191 294
2194 651
2195 6327
2196 5135
2197 5955
2198 3681
2199 5982
2200 955
2201 1098
2201 1695
2203 2262
2203 3355
2204 3899
2206 1430
2206 2073
2207 357
2210 2905
2210 6374
2211 4134
2211 4493
2212 4485
2213 3068
2216 920
2216 3232
2216 5527
2221 2648
2221 4585
2222 415
2223 3164
2223 3555
2224 2456
2224 4129
2225 698
2225 4399
2226 1410
2226 5803
2228 3855
2231 450
2231 5319
2235 3521
2235 5388
2236 2499
2238 4235
2239 1539
2240 1300
2240 3657
2241 1046
2242 1655
2244 5197
2245 3511
2245 4044
2247 4754
2248 4265
2248 6332
2250 2820
2250 2821
2250 2963
2250 6258
2252 85
2252 1223
2256 3476
2257 2143
2258 1225
2258 3158
2259 1961
2259 2475
2259 3528
2261 2089
2261 3784
2266 3535
2267 1368
2268 3339
2268 3983
2270 5250
2271 808
2271 4340
2272 2086
2272 2126
2273 4401
2278 2351
2279 2980
2280 1467
2281 652
2281 1627
2282 3456
2284 152
2286 2033
2286 5096
2287 4663
2289 1920
2289 3068
2290 3927
2290 4906
2290 4990
2290 6233
2292 748
2293 487
2293 2490
2294 5169
2296 5192
2300 5032
2300 5079
2302 1354
2302 3433
2303 5833
2304 4040
2305 452
2307 5539
2309 649
2309 1280
2309 3052
2309 3878
2310 4347
2311 2843
2313 5586
2313 6167
2316 1572
2317 4287
2318 3861
2323 953
2323 1403
2324 788
2324 1634
2324 5213
2325 2353
2326 1412
2326 5456
2328 6057
2330 2585
2331 800
2333 13
2333 2720
2334 5043
2335 416
2336 91
2336 4709
2336 5522
2338 2144
2341 297
2341 920
2343 2269
2343 6159
2344 1947
2345 5076
2345 5576
2346 3201
2347 246
2347 3135
2348 1291
2349 1085
2349 1886
2349 3749
2352 2427
2355 3738
2358 85
2358 5624
2359 1390
2359 2058
2362 295
2362 5077
2364 2928
2364 4238
2366 1413
2366 1745
2367 291
2368 1346
2368 1359
2368 1778
2370 800
2370 1079
2370 4575
2372 2225
2372 3228
2372 5418
2374 1975
2374 3977
2375 5095
2376 6273
2378 649
2378 1421
2378 2160
2379 583
2379 759
2380 4697
2382 796
2382 2895
2385 1404
2386 2942
2387 1006
2387 2846
2387 4428
2389 3210
2389 6120
2390 4215
2390 4723
2390 6193
2391 1981
2392 2748
2393 5984
2399 669
2401 1946
2401 5182
2404 11
2404 4194
2406 2238
2407 2972
2407 5819
2409 3657
2409 4163
2411 982
2415 3592
2416 6049
2418 6211
2419 523
2419 695
2420 950
2420 4541
2421 1638
2422 4203
2423 352
2425 2240
2426 2401
2426 5005
2427 3069
2428 1214
2429 5955
2431 360
2432 386
2432 471
2433 2521
2433 5147
2433 5676
2435 6197
2436 655
2436 2948
2436 4543
2438 326
2440 3678
2440 3709
2441 68
2441 2719
2442 6209
2446 3909
2448 4779
2451 171
2451 3103
2451 5422
2451 6204
2452 2721
2453 5702
2459 3016
2460 4512
2460 5513
2461 1886
2462 4219
2463 3432
2464 1778
2464 4804
2465 4611
2468 1625
2468 3097
2471 3770
2471 4845
2472 4294
2474 5056
2482 1502
2482 2123
2482 3511
2482 3724
2482 5859
2483 1913
2483 3973
2486 2578
2487 32
2488 1772
2488 5278
2489 701
2489 2953
2489 3805
2491 65
2493 4895
2495 2479
2496 6286
2497 77
2497 976
2497 5408
2498 82
2498 3283
2499 778
2499 2749
2500 3304
2500 4781
2501 1353
2502 409
2503 1542
2506 3658
2510 3259
2510 5774
2511 2823
1 1517
7 3344
8 1800
8 3581
8 5764
8 6206
9 5636
11 4655
11 5151
12 3193
12 5680
13 4868
14 2577
14 6012
15 5827
17 3289
18 1193
19 5350
21 2104
21 2247
22 4801
22 5760
23 6097
24 2188
26 1978
27 1545
27 2304
27 2922
27 5664
28 830
28 929
28 1597
28 2978
28 4116
28 5991
29 881
29 4442
30 4415
31 345
32 2847
36 1513
40 2289
40 4419
40 4924
40 6018
42 6083
42 6255
43 1719
44 2964
44 3558
45 2359
47 3957
47 5798
48 4620
48 4723
50 4640
51 3987
52 2722
52 5583
53 654
54 646
54 1711
54 3559
54 3622
55 543
55 2576
56 949
59 1725
61 4266
62 2249
62 5766
62 6361
65 3679
66 2376
68 6199
69 3170
70 4870
74 2377
77 1883
80 733
81 2507
82 5317
83 2913
84 3945
84 4352
84 4552
86 1657
86 3653
86 4349
88 3693
88 4156
89 4507
91 5766
93 3436
93 5048
96 876
98 786
98 1464
99 3933
101 9
101 47
102 2040
102 5255
103 1403
103 1443
106 351
106 433
106 6171
108 3973
110 6263
111 3136
111 6160
111 6401
114 924
115 3570
118 3255
119 4948
119 6333
120 4183
121 3915
121 4374
123 5423
124 5722
125 4326
127 935
129 1662
130 2699
130 6184
134 1373
134 2984
137 825
137 898
138 2254
142 2934
142 6170
144 755
144 4564
148 4849
149 1807
150 1910
151 3754
152 997
152 6337
153 6153
154 5498
155 3653
155 4779
159 443
160 4612
162 4130
163 1189
165 2378
165 2644
166 2778
167 1312
167 6284
168 799
170 2686
170 4871
171 673
172 1035
172 6222
174 2976
174 4129
175 409
177 2673
177 5193
179 2215
179 2364
180 5931
181 2956
181 3556
183 1536
185 2012
185 2044
191 3614
191 4912
191 6138
192 469
193 5466
197 4245
197 5981
199 5649
200 2675
200 4726
201 4757
202 1258
203 570
203 2015
204 1594
207 384
207 1821
209 1458
209 4221
210 10
210 4726
212 2857
213 5983
217 1436
217 3343
218 4820
219 3267
222 5468
223 4068
224 4187
224 5591
226 6242
227 56
227 5376
227 6156
228 383
229 3331
230 6010
231 1065
231 5279
232 6062
234 1045
234 2064
234 3594
234 6280
237 2577
238 3182
239 2676
241 4538
242 1293
242 1640
243 5499
244 3562
244 5892
246 4744
247 2189
247 6365
248 2989
249 3526
249 6346
250 663
251 1529
251 4757
251 5380
252 3884
253 407
253 4250
254 1756
255 1405
255 2533
255 2861
256 3360
258 528
258 4517
259 3008
259 5012
260 583
260 3689
262 2617
262 4371
263 3193
265 3552
266 2259
267 3414
270 108
271 3375
272 5996
273 2086
273 5679
274 120
274 4979
275 2795
277 1153
277 2245
278 3167
278 5991
279 6212
280 4931
281 374
281 2107
284 3978
284 6033
285 4830
288 841
288 3256
290 1309
291 4533
292 3988
295 4485
297 4648
299 663
300 4405
301 836
301 2268
301 5070
302 4977
304 3228
305 744
306 6405
308 2963
308 5640
308 6033
310 3723
310 4292
311 857
311 6125
313 4727
314 2725
316 2064
316 6052
317 4971
317 5975
318 1807
318 2520
318 3853
318 4626
319 3821
319 3877
319 5223
320 679
325 3263
328 451
328 3241
329 5931
330 82
330 4786
332 6017
333 2106
333 3529
334 3036
335 4438
335 5528
336 2168
337 3782
338 1374
339 4508
341 1171
341 5459
342 1300
342 3251
343 191
344 943
345 6336
346 2159
346 3270
346 3843
347 337
348 685
349 5216
350 4103
353 1934
354 5077
359 136
359 1984
360 5328
361 5186
362 1640
363 1093
367 1397
370 3529
370 4636
373 762
374 3128
377 1268
377 1610
377 6002
378 793
380 1056
381 4940
382 4902
383 994
386 402
387 1762
388 1875
389 3340
393 1105
393 2320
393 3361
394 618
394 4766
396 3899
397 2655
398 4197
398 4303
399 5656
400 5418
400 6169
402 585
402 2682
404 2356
405 2084
406 2402
410 3416
412 711
414 1714
416 3072
418 3976
418 5645
419 4987
420 2461
421 2467
423 2456
425 1415
428 1426
429 757
431 4459
432 1549
432 5757
433 1756
434 1725
434 3551
435 1812
436 1187
436 6131
437 5272
437 6052
438 257
438 2085
439 4496
440 5942
441 1111
442 40
444 1128
446 2850
446 4767
448 5506
448 5636
449 272
450 1300
450 3081
451 3191
455 1434
455 3679
456 2284
456 4272
457 1451
458 4693
459 3953
459 4835
460 467
461 1398
461 2838
462 2424
462 5745
464 3210
465 462
465 3129
466 5618
467 4272
467 4287
467 4409
468 1620
471 4150
471 6372
474 179
474 1910
475 1117
476 5238
478 3308
480 3015
480 3852
481 412
481 2205
484 1108
484 5589
484 6081
485 914
485 1974
487 4280
487 6260
489 3771
490 3442
491 3113
495 3122
495 5985
499 2768
499 3857
499 5707
500 2913
501 5923
504 1510
506 835
508 5571
509 6191
510 5199
511 1059
511 3570
512 218
513 1002
513 1885
514 5378
515 2737
515 5194
517 2183
519 4196
519 4948
520 2925
520 5691
521 646
522 1919
522 4513
522 5684
523 5556
524 3952
524 6074
525 2276
526 1730
526 2003
526 3616
529 5952
530 3975
530 4061
531 1682
532 168
532 3951
534 3463
534 4586
535 2055
535 2975
541 4306
541 5596
544 3020
545 4167
546 671
546 1183
547 4028
547 4038
547 5237
547 6223
550 1958
550 5890
552 5052
553 2385
553 2957
553 4009
553 6047
554 94
554 3064
555 1617
556 2890
557 1046
557 3213
558 2542
559 1475
559 3270
562 560
562 2679
563 3902
563 4846
563 5642
564 464
564 705
564 2943
564 5925
566 1071
566 1128
571 2016
572 847
572 5901
574 545
574 923
575 5594
577 4848
579 2548
582 1787
583 4673
585 2952
586 4908
587 1599
591 628
591 2451
592 6104
593 3773
594 1236
595 1052
596 1785
596 4826
597 280
597 1580
597 5674
598 987
599 5464
600 333
602 1248
603 817
604 6009
605 169
605 4245
607 1448
608 105
609 158
609 2852
611 4165
611 4301
613 988
613 4954
614 2690
614 4352
615 1021
620 4910
623 5347
624 180
624 878
625 1710
626 23
628 86
628 4140
628 4500
629 1301
631 73
631 3958
632 4492
634 1152
635 4429
636 861
638 2931
639 1509
639 5275
640 2757
641 6325
645 675
645 3434
646 3253
647 3056
647 3415
648 4111
648 5489
649 2069
651 5906
652 4589
656 1060
656 2060
657 278
658 2691
659 297
659 2674
659 5571
662 4539
663 287
664 1117
666 2921
667 2300
669 1508
672 4922
673 4451
673 5429
674 5442
676 716
676 2033
679 837
679 2629
681 913
681 2862
681 4636
681 5961
681 6099
683 1271
684 4956
685 6078
687 1853
688 654
688 4727
689 5021
690 5698
692 2251
692 5893
693 2455
694 6069
695 3973
695 4320
697 4006
701 1833
701 3415
701 5613
702 5085
702 5971
704 355
705 5535
708 6159
709 1031
710 80
710 1895
711 1090
713 317
713 2372
713 3053
713 4104
714 3994
716 104
716 4214
719 5704
720 6036
720 6415
721 1058
721 1349
722 4598
723 1024
724 1649
724 4840
725 1728
726 5645
728 3631
729 795
731 4364
732 2089
732 3211
732 3517
734 3569
735 1238
735 1414
738 556
742 3316
743 4802
745 3732
747 4478
750 77
750 3951
750 5119
750 5204
751 2017
751 3116
752 1832
752 4659
752 5636
753 2394
754 3880
756 1717
756 1980
756 2622
758 3620
759 2425
760 2206
764 2200
768 2796
771 2703
771 3788
772 588
775 4640
776 583
777 1307
778 4915
778 6385
779 462
779 822
781 1590
782 1951
782 3731
784 818
784 2956
787 533
788 440
788 497
788 1263
789 795
789 1500
789 2110
790 2772
791 2320
792 4815
794 4923
797 296
797 2877
798 849
800 40
802 2223
806 2625
806 3473
807 2082
807 4609
807 5815
809 4447
809 4578
809 6090
811 2284
813 1400
814 2060
815 2290
815 2435
815 5433
818 2022
818 2754
821 1148
821 1901
823 1979
823 4501
823 5200
824 1005
826 2523
826 4246
829 20
831 750
833 5580
835 4599
836 916
836 3012
836 3530
837 812
838 992
838 4517
841 3388
842 4598
843 250
843 4695
847 1076
847 2244
847 6376
853 3988
854 778
860 1899
860 5990
861 5348
864 2348
865 157
866 5412
867 491
867 2352
867 4860
868 5726
870 4320
871 1213
872 4823
873 5864
877 3022
879 6243
880 1941
882 4140
883 921
883 4051
883 5342
884 2729
885 1877
888 4028
889 1136
889 1241
889 1993
890 2187
890 5878
892 4423
893 1344
893 4336
894 2001
894 3400
897 1531
898 457
898 2971
899 886
901 321
901 2665
901 4976
902 354
902 734
902 1922
903 2469
904 5930
905 3825
905 5603
906 1074
907 3355
907 4938
907 5228
910 5622
912 2087
914 4680
915 486
915 1091
915 1798
915 4353
916 4940
916 5979
918 2474
920 1871
920 2185
921 2001
923 532
923 5813
924 1557
925 5579
925 6035
927 4393
928 1231
928 2900
929 4762
931 2580
933 5329
935 3588
937 3249
938 5575
939 1521
939 1626
940 560
940 3280
940 3755
941 2880
943 1097
945 1394
946 32
946 37
948 790
948 2440
952 4544
957 5160
957 5838
958 4874
959 375
959 2838
959 5157
961 1827
963 3222
964 4685
964 5714
965 576
965 1065
966 1711
967 3990
967 5299
968 1017
968 2575
968 5949
969 205
970 752
973 1910
973 3501
974 2287
974 4127
977 4579
978 5754
980 5076
981 452
981 1245
981 3654
981 3766
981 4844
984 3163
986 697
986 978
987 2369
988 993
988 2475
991 1865
992 1571
993 3415
995 934
996 1835
998 3877
1000 4024
1003 244
1004 2692
1005 1293
1005 6014
1008 1312
1011 117
1013 80
1013 4027
1013 5239
1014 98
1014 2154
1015 1715
1015 5380
1017 5851
1018 1004
1018 5143
1019 433
1020 1364
1020 5524
1022 1291
1022 2795
1022 5710
1024 2281
1025 1421
1025 2107
1028 2055
1030 5163
1032 5023
1033 202
1034 3264
1035 1045
1037 3460
1038 3756
1041 2395
1042 831
1042 6069
1043 406
1045 681
1046 3349
1047 4337
1047 6013
1052 2283
1052 4588
1052 4941
1054 297
1054 2560
1055 443
1055 2266
1055 4974
1058 513
1058 2471
1059 2069
1059 5738
1060 3162
1060 6180
1061 3490
1063 1867
1063 3044
1065 2249
1065 5561
1067 1161
1067 2845
1067 5194
1067 6054
1068 4788
1070 5039
1075 4875
1076 3700
1077 6408
1079 913
1079 3207
1080 3249
1082 3454
1082 5206
1083 1937
1084 2022
1084 4614
1085 3228
1085 5002
1086 2033
1088 970
1088 1356
1088 5805
1092 4382
1093 1366
1095 535
1095 4854
1096 1087
1096 4146
1096 4793
1097 1919
1099 3654
1100 4582
1101 593
1101 948
1104 587
1104 935
1104 1307
1104 3681
1105 3438
1106 1524
1106 2638
1107 2775
1108 1488
1110 6088
1111 3011
1113 2517
1114 1976
1114 5686
1115 4435
1116 1639
1116 3695
1116 4328
1118 3822
1118 5793
1118 5941
1119 1924
1120 3098
1120 3660
1121 6278
1123 1586
1129 737
1129 4409
1132 4093
1135 4897
1137 5525
1138 5730
1139 4505
1139 4621
1140 1903
1141 2424
1143 5540
1144 4009
1146 2124
1148 3266
1148 3923
1149 1361
1150 615
1152 1861
1154 2521
1156 1602
1157 1838
1158 3182
1159 2278
1160 2367
1161 4235
1163 696
1163 3477
1165 97
1166 2003
1166 4794
1167 5082
1167 6134
1168 2370
1168 3989
1169 3806
1170 1414
1170 3708
1170 5153
1172 2319
1173 3099
1173 6267
1174 3288
1175 5302
1177 3383
1177 4579
1178 1296
1178 4166
1179 1230
1179 2200
1179 2797
1179 3808
1181 3981
1181 5713
1182 4300
1182 4702
1187 1020
1187 3786
1188 4192
1189 319
1190 5101
1190 5484
1191 1035
1193 1260
1193 4505
1193 5995
1194 3239
1194 5864
1195 113
1195 1693
1195 2616
1198 690
1199 3292
1199 4413
1204 5604
1205 2383
1205 4038
1205 5955
1206 5569
1206 6152
1208 4387
1209 457
1209 1538
1211 529
1211 4951
1211 5577
1214 868
1214 5898
1215 1659
1216 3489
1218 4251
1218 5819
1219 3355
1220 5365
1223 4480
1226 5157
1227 1238
1228 1110
1228 5895
1231 2635
1233 1362
1233 2944
1233 4613
1234 146
1234 1842
1236 5823
1238 3492
1239 2141
1239 2975
1241 1644
1242 2841
1245 7
1245 140
1246 4240
1246 5983
1247 1327
1248 2787
1251 620
1251 1421
1252 452
1252 881
1252 1640
1253 3623
1258 4177
1260 4146
1261 4466
1262 6415
1263 741
1263 5837
1264 4485
1264 5252
1266 1248
1271 1454
1271 3020
1272 4462
1273 6048
1274 1891
1274 3870
1276 629
1277 642
1277 4534
1278 1152
1278 1694
1278 5632
1280 332
1284 259
1285 3704
1286 223
1289 307
1289 2167
1289 3385
1289 4337
1290 6084
1292 2609
1292 4386
1292 5914
1293 1335
1293 2465
1294 134
1295 3339
1297 385
1297 4610
1298 1308
1299 3818
1300 1426
1301 815
1301 6133
1302 4100
1303 6096
1304 2325
1304 2964
1304 3678
1305 2300
1306 3629
1307 2106
1308 2903
1311 1178
1311 3604
1311 5050
1312 2254
1317 993
1317 4694
1317 6390
1318 4940
1318 5159
1322 5228
1323 4173
1324 5894
1324 6210
1325 202
1325 1109
1326 202
1327 1515
1330 742
1330 2771
1333 2988
1334 535
1335 1265
1335 5352
1336 3470
1337 688
1338 820
1340 3009
1341 1353
1341 6166
1342 2820
1342 4037
1343 1253
1345 3118
1345 5981
1346 1600
1346 1804
1346 1942
1346 2394
1347 615
1347 4275
1347 5975
1348 2169
1350 4024
1352 3573
1352 5804
1354 2979
1355 6409
1356 1032
1359 5796
1360 949
1360 5984
1360 6120
1361 4754
1363 4479
1366 4509
1367 1464
1369 5015
1369 6002
1372 3768
1374 4749
1376 3154
1376 5610
1378 2222
1378 5512
1379 2136
1379 2218
1379 3531
1380 4975
1380 6127
1381 3244
1383 1936
1384 1086
1384 1676
1385 447
1385 3076
1385 3560
1385 5087
1386 820
1386 5725
1387 1836
1391 1909
1391 5717
1392 3470
1392 3729
1392 3943
1393 2539
1394 3948
1395 3420
1396 548
1396 3235
1396 4740
1398 4650
1398 4773
1399 1666
1400 2180
1402 221
1403 2240
1404 2435
1404 5752
1405 1099
1405 4913
1405 5264
1407 2256
1407 2845
1411 1772
1412 6332
1413 5247
1415 728
1415 3835
1417 639
1417 3052
1418 145
1419 253
1420 4403
1421 3301
1422 1752
1422 3112
1422 5055
1423 5028
1425 5534
1426 1215
1427 6004
1429 2177
1429 3750
1430 1452
1430 4471
1431 3634
1432 2520
1432 3410
1433 2100
1435 852
1437 3249
1437 3284
1437 4676
1438 185
1438 249
1438 3456
1439 855
1439 5317
1441 1850
1443 2915
1444 829
1444 4162
1447 3719
1447 4542
1448 2843
1450 4402
1451 5132
1452 1410
1453 1132
1453 4843
1455 1798
1455 5989
1457 2994
1463 2142
1463 3437
1464 4249
1464 4362
1464 6193
1465 151
1465 800
1465 1035
1465 3077
1466 5333
1467 2546
1467 3428
1467 4729
1468 6383
1469 1048
1470 5197
1470 6134
1471 659
1472 2476
1473 5401
1474 3266
1475 223
1476 1556
1476 5827
1478 4984
1479 97
1479 2869
1480 1965
1482 2130
1482 3503
1483 546
1483 591
1483 713
1489 1941
1489 5630
1490 694
1490 3999
1491 3856
1494 3295
1494 4661
1495 858
1496 44
1496 4084
1497 6216
1499 891
1499 1232
1500 5409
1501 5046
1502 5141
1503 220
1504 1608
1504 3263
1505 2650
1507 5235
1509 2412
1509 5534
1510 3061
1513 4569
1517 4069
1518 2346
1518 5635
1519 4501
1520 5538
1522 2219
1525 1968
1526 3173
1526 4355
1526 4535
1528 2174
1529 797
1532 2608
1533 5933
1534 599
1535 218
1535 2997
1536 4135
1536 4918
1537 1880
1538 4814
1540 3937
1541 5107
1543 5406
1545 1623
1545 5924
1547 759
1547 5759
1548 69
1549 29
1550 2463
1551 4190
1556 226
1556 3144
1558 2573
1558 5997
1560 966
1561 4500
1561 5512
1562 6382
1563 2257
1563 3926
1566 3131
1568 4828
1568 6124
1573 1420
1574 6251
1576 4833
1577 4115
1577 5223
1579 1493
1582 2872
1586 1031
1586 3314
1588 3526
1588 4459
1590 118
1591 5427
1594 522
1595 25
1595 2874
1596 2802
1596 6157
1597 1319
1597 5184
1598 313
1598 3956
1603 3330
1603 4642
1604 2867
1604 4393
1604 6020
1605 4550
1607 2359
1607 2722
1608 1515
1609 3188
1610 4555
1610 5617
1611 5793
1612 3560
1612 5960
1613 710
1614 1974
1614 5932
1616 5332
1618 5098
1621 1322
1621 1533
1621 5964
1622 1206
1622 6126
1623 3898
1626 1412
1626 2859
1627 3352
1628 866
1629 2709
1629 4776
1631 2490
1631 6217
1632 2494
1632 5068
1632 5439
1633 3327
1633 4288
1634 574
1635 4394
1636 440
1637 3022
1637 3534
1638 4769
1641 826
1641 2022
1642 715
1645 674
1645 5288
1647 810
1648 5412
1650 1204
1650 1608
1650 4725
1651 747
1652 842
1653 2085
1653 4439
1654 3591
1655 584
1655 1125
1655 3632
1655 3824
1659 5119
1662 3493
1663 1225
1665 5526
1668 4538
1669 2803
1669 3110
1669 3559
1669 6042
1671 174
1672 919
1672 1782
1673 3430
1674 3522
1675 452
1675 1292
1676 956
1678 3810
1679 141
1679 3534
1680 2761
1680 4316
1682 2084
1682 3346
1683 1930
1684 3081
1685 2135
1686 1499
1686 1596
1686 4874
1687 2269
1688 5454
1688 5648
1689 183
1689 3225
1690 3626
1691 2572
1692 5566
1693 4890
1694 909
1694 1017
1694 1616
1694 3014
1695 1485
1695 4463
1696 174
1698 143
1698 4209
1698 6182
1699 6386
1700 1358
1701 5201
1702 150
1705 544
1710 2861
1710 3684
1711 893
1713 1392
1713 2645
1715 1656
1715 4468
1716 416
1718 1243
1719 3855
1721 379
1721 2722
1722 3725
1722 6106
1723 2193
1723 4557
1723 5301
1724 859
1724 3197
1725 2565
1726 3971
1726 5124
1726 6307
1727 5486
1727 5597
1728 6058
1729 4345
1731 191
1731 3331
1731 5094
1734 4022
1734 4903
1737 975
1739 2962
1741 891
1742 6112
1743 1905
1748 5936
1750 2745
1750 3258
1750 5482
1751 251
1752 1863
1754 823
1754 3337
1754 3967
1755 1395
1755 2203
1756 2382
1762 2775
1763 2282
1764 4703
1765 6331
1766 556
1766 5950
1768 4898
1769 2085
1769 6197
1771 4829
1771 5926
1774 5162
1776 4646
1777 805
1777 2967
1777 4049
1778 4605
1778 5106
1781 220
1781 2094
1782 2446
1783 3812
1784 3076
1788 212
1788 3619
1788 4273
1790 573
1790 2109
1790 4703
1791 2766
1791 3968
1791 5271
1792 2517
1793 275
1794 164
1794 5253
1795 114
1795 1338
1799 3701
1800 3920
1801 599
1802 3428
1804 1642
1806 2000
1806 2012
1806 4551
1807 4951
1809 4628
1810 206
1810 1999
1811 1022
1811 2963
1812 4899
1813 3023
1813 4548
1813 6131
1815 1940
1817 6169
1818 2082
1819 136
1819 1722
1820 6008
1821 6390
1823 4207
1824 4867
1826 960
1826 2116
1826 2606
1826 2810
1826 3285
1827 921
1828 98
1833 3960
1834 313
1834 368
1834 2080
1835 2272
1836 3414
1837 445
1837 2575
1837 3184
1840 6043
1842 1748
1842 6050
1843 704
1848 4017
1849 239
1850 5660
1851 2818
1851 4019
1856 30
1856 214
1857 3318
1859 3749
1860 5904
1861 334
1862 5958
1863 5215
1865 4108
1866 1171
1866 6080
1867 349
1867 4555
1868 1685
1868 4504
1870 3338
1871 823
1871 4673
1872 341
1874 1402
1876 4802
1877 2741
1880 5267
1883 94
1883 4897
1883 5160
1884 659
1886 4354
1887 5623
1888 942
1888 5680
1891 1286
1891 1832
1892 487
1893 1287
1893 5733
1895 3148
1895 5652
1897 4136
1899 5163
1901 808
1904 346
1905 6174
1906 283
1906 3603
1906 4422
1907 171
1907 4701
1908 2169
1910 6041
1911 850
1911 6322
1912 3307
1912 4942
1913 866
1914 3647
1915 4975
1915 6018
1916 713
1916 4695
1917 5739
1918 5788
1919 5044
1923 5691
1924 1548
1924 4690
1929 2172
1932 518
1934 6383
1935 5118
1938 6051
1939 2852
1939 4504
1940 2343
1940 3430
1941 4060
1941 5464
1942 3737
1942 5031
1943 839
1944 268
1944 5499
1945 3014
1946 3130
1948 1437
1948 5522
1952 5840
1953 2786
1953 4708
1953 6119
1954 434
1954 2533
1954 5038
1956 2811
1956 3955
1959 722
1959 4829
1960 2551
1962 3257
1966 3595
1968 6138
1969 2332
1971 2661
1971 3142
1972 6179
1974 4321
1975 4137
1975 4923
1975 6112
1976 703
1976 3300
1976 4841
1976 5390
1977 771
1977 4708
1978 2790
1979 2609
1980 1085
1980 4625
1981 1204
1982 1538
1982 1769
1985 1589
1985 3253
1986 6413
1988 4315
1990 5549
1991 3904
1992 1062
1992 2188
1993 5151
1993 6105
1994 2946
1994 3723
1996 13
1996 339
1996 2791
1997 2282
1997 2893
1997 4319
1998 2612
1999 2783
1999 4595
1999 5489
2003 5258
2003 6176
2004 910
2004 1805
2004 2382
2004 5373
2005 107
2005 6054
2011 111
2013 953
2014 3292
2014 5845
2015 4369
2016 5515
2018 3222
2018 6296
2019 4583
2021 3115
2022 3123
2022 5355
2025 1800
2025 4265
2026 4490
2029 3693
2032 6012
2036 4375
2036 5148
2040 3155
2040 5682
2043 5035
2045 3908
2047 399
2048 948
2049 3095
2049 6154
2050 2997
2052 2618
2053 4526
2053 5016
2053 6234
2055 1064
2055 6268
2056 4723
2059 2887
2061 4436
2062 3610
2062 6062
2063 6187
2065 1250
2066 5618
2069 5883
2071 3236
2072 308
2072 658
2072 1962
2072 6080
2073 815
2073 3081
2076 1496
2077 4475
2078 860
2078 1359
2078 1712
2078 4738
2079 2237
2079 5331
2080 2303
2080 3404
2081 768
2081 3470
2083 1840
2083 3104
2084 65
2084 4452
2085 1182
2085 1647
2086 647
2087 2450
2087 3430
2088 3761
2088 5019
2089 4300
2089 5232
2089 5316
2090 3412
2090 3809
2090 4002
2090 4381
2091 5975
2092 292
2092 2757
2092 6334
2095 1256
2095 5156
2095 5305
2096 82
2099 2881
2100 17
2103 5504
2104 6034
2106 2122
2106 5499
2106 5800
2108 764
2108 6377
2110 2909
2110 3447
2110 4734
2110 5738
2111 5504
2111 6000
2112 3112
2115 4841
2116 886
2118 4682
2119 2538
2119 3348
2120 4223
2122 5572
2123 1305
2126 1250
2126 1539
2126 3569
2126 5060
2127 1612
2127 5082
2129 4089
2129 5042
2130 5031
2134 5733
2135 1085
2137 625
2137 2284
2138 5777
2139 3342
2140 3653
2141 1382
2141 5700
2143 709
2144 2016
2144 2227
2146 570
2147 2977
2148 837
2151 577
2151 1103
2153 2107
2153 4372
2154 1260
2156 2408
2158 3300
2160 872
2160 2011
2160 2223
2162 844
2162 6277
2163 4463
2164 2146
2164 3990
2165 427
2168 2064
2168 3210
2170 6023
2171 6093
2174 2312
2174 3160
2177 3524
2177 5004
2178 2707
2178 4840
2178 5438
2180 3531
2182 955
2182 3436
2183 1650
2183 6418
2184 6057
2185 2787
2185 5048
2186 2224
2186 3481
2186 4209
2187 2438
2187 6185
2188 3242
2188 4636
2189 2469
2190 2931
2191 2651
2191 5804
2193 5856
2194 1177
2196 2214
2196 2602
2196 4514
2196 5486
2197 191
2197 3811
2198 961
2201 795
2201 2615
2201 3137
2202 1382
2202 4422
2203 5098
2203 5273
2204 2694
2205 488
2205 2641
2205 3462
2206 505
2206 984
2206 2613
2208 4663
2209 1255
2210 6379
2212 3281
2212 4261
2213 207
2213 235
2213 5301
2213 5359
2214 4049
2215 4876
2216 4514
2217 1075
2219 4263
2219 5407
2223 1722
2223 2963
2223 5726
2224 784
2224 3545
2225 2426
2225 3961
2226 1982
2227 4465
2228 4884
2230 3336
2230 5953
2232 4590
2233 1602
2233 3191
2234 1009
2235 5471
2236 1687
2236 4027
2237 2526
2239 305
2239 1093
2242 1372
2243 1917
2244 4207
2245 816
2245 1954
2245 2992
2246 384
2247 4643
2249 5815
2252 3163
2252 3833
2253 413
2253 643
2255 1822
2257 2923
2260 2926
2261 5381
2263 1654
2264 6257
2265 2051
2265 3304
2265 4598
2266 945
2266 1458
2267 4441
2267 5255
2268 2029
2268 2075
2270 5133
2271 4322
2272 1708
2273 3705
2273 3734
2274 155
2274 202
2274 1488
2274 4721
2275 3713
2276 1516
2278 3006
2278 4251
2280 2602
2280 3465
2280 4094
2281 3921
2281 4890
2282 2848
2282 4287
2284 441
2284 1354
2285 5207
2287 21
2287 5496
2289 555
2289 1721
2290 1285
2292 3734
2293 985
2293 3164
2294 2016
2294 2086
2294 5098
2300 349
2301 2689
2305 895
2305 2802
2308 4824
2311 6339
2312 1961
2312 4170
2313 33
2313 6123
2315 2173
2316 5399
2316 6315
2317 4163
2322 5718
2324 2390
2326 4009
2327 1972
2327 4119
2328 844
2328 2946
2328 3505
2328 5988
2329 5557
2331 2193
2331 2230
2331 3467
2331 4019
2331 6276
2332 3454
2333 169
2335 672
2336 4525
2337 47
2339 6190
2342 3624
2342 5000
2343 1954
2344 1657
2345 2746
2345 3277
2347 1975
2349 1610
2349 4408
2350 5367
2351 350
2353 4406
2354 3023
2355 2718
2355 4644
2355 5255
2356 6359
2357 2996
2358 855
2359 3162
2360 407
2360 1605
2360 4249
2363 2329
2363 3333
2365 1488
2367 4284
2367 6358
2369 985
2372 711
2372 2054
2376 1016
2376 5110
2377 194
2377 1091
2377 2030
2378 2044
2379 237
2380 729
2381 3266
2382 3706
2382 5127
2384 656
2384 3082
2387 5585
2388 3187
2390 3308
2391 3283
2394 2419
2395 6076
2395 6192
2396 4458
2399 866
2399 3349
2403 3312
2404 3820
2407 5595
2408 119
2408 2884
2408 4947
2409 5013
2409 5050
2410 2127
2410 4161
2411 1336
2411 3575
2413 2321
2413 5695
2414 2928
2414 4714
2416 1574
2417 3571
2417 4065
2418 4115
2419 4070
2419 4438
2421 3570
2425 2628
2426 5009
2428 5190
2432 233
2432 4826
2433 560
2434 1950
2434 3112
2437 1099
2440 5511
2441 1946
2442 2758
2443 2561
2444 5596
2446 3363
2451 4628
2452 2755
2453 3456
2454 61
2454 5691
2456 529
2456 6027
2457 2253
2457 3372
2458 342
2459 2826
2459 5091
2462 2395
2462 5903
2463 903
2463 4319
2463 6132
2464 2305
2466 4428
2468 3156
2469 4401
2469 5298
2470 6176
2472 1036
2473 1273
2473 5436
2474 290
2474 3823
2476 2134
2476 2947
2476 3512
2476 4295
2476 4803
2477 4884
2477 5492
2478 6306
2479 3245
2479 6217
2483 6132
2486 228
2486 3766
2486 4030
2486 5714
2487 26
2487 427
2490 2552
2491 1936
2491 4237
2491 6352
2494 1924
2495 999
2495 6349
2496 4746
2497 2687
2502 1336
2502 4017
2504 4546
2504 4672
2505 5096
2506 5701
2508 2507
2508 3941
2508 6208
2509 631
925 1107 44 56
14 31
25 310
40 21
47 1073
60 947
61 613
84 200
121 916
153 159
177 537
182 1103
212 661
254 511
255 863
267 839
314 1040
345 1046
368 545
371 45
393 61
424 1028
451 750
452 401
491 21
492 284
528 116
541 755
561 639
569 233
595 44
597 545
597 936
600 266
668 330
677 716
703 103
720 899
747 732
761 48
778 588
807 820
840 334
862 321
907 877
9 203
9 747
21 124
104 1042
144 84
145 769
162 628
165 253
169 785
206 539
208 541
231 286
231 573
237 954
254 916
275 738
307 868
331 343
335 320
365 729
377 1022
382 781
409 1065
415 332
430 576
431 332
474 243
494 363
494 911
515 390
521 894
531 892
536 873
561 4
565 346
601 884
613 760
627 42
633 100
638 623
678 191
697 719
698 236
707 1075
731 791
739 990
753 646
784 1103
805 721
809 745
811 550
845 210
849 499
850 69
850 750
912 1047
7779 9364 790 742
8 1220
41 9322
53 3236
54 4863
79 4953
92 4768
98 4858
110 625
180 7599
181 2816
184 9088
209 9202
249 4961
271 1080
281 7032
286 9080
303 2384
323 743
374 8151
402 3000
407 6686
414 1600
432 6779
439 7460
449 1407
456 2740
461 8238
467 7477
468 7070
470 2357
474 3725
475 1675
479 8329
500 9332
505 6720
513 4665
515 8350
525 5100
532 5264
534 2658
538 6493
539 8207
554 8701
555 9005
556 7395
561 8882
565 7628
570 7205
591 8562
610 3141
679 7205
681 6764
681 8079
691 6776
693 1711
701 6873
704 262
708 1974
733 5564
740 6944
742 4828
746 4190
766 4812
774 5044
826 559
828 460
829 4859
835 5410
852 7939
869 9304
872 4062
884 1125
893 1987
906 601
907 8228
913 139
913 8815
939 2919
954 8602
966 9344
975 3436
975 4383
983 8930
999 5392
1003 4911
1004 1763
1031 2341
1036 6276
1044 8737
1048 1699
1056 4262
1060 1781
1103 6453
1108 5558
1115 480
1122 6439
1125 1813
1125 5490
1140 1517
1148 1725
1157 6375
1165 8913
1178 8618
1211 5155
1214 141
1225 1550
1226 2809
1229 2444
1274 8425
1304 9178
1309 8914
1324 2181
1325 5433
1328 5198
1360 7561
1367 4496
1381 8789
1382 6374
1384 7783
1385 6435
1393 2022
1412 5700
1417 5712
1417 8961
1426 4947
1433 874
1434 6397
1437 8560
1452 1445
1453 7088
1456 7589
1459 3633
1467 4590
1469 3997
1477 8575
1497 1878
1499 7768
1503 507
1506 7037
1512 3311
1528 9245
1529 5796
1553 9135
1554 3233
1576 1536
1577 5735
1593 8598
1597 1142
1611 3070
1624 8560
1651 9327
1653 1458
1662 6425
1663 3726
1667 3476
1669 118
1677 6227
1677 8719
1687 4357
1689 316
1700 749
1709 7424
1745 4231
1756 8717
1759 651
1766 6362
1782 6241
1783 6775
1800 3451
1836 1397
1841 6628
1848 6083
1860 2808
1864 5669
1867 5700
1867 7595
1871 4703
1883 326
1888 4662
1897 727
1899 1176
1908 2648
1914 7212
1917 5774
1923 4073
1927 6979
1933 1133
1979 6527
1983 1422
1983 3286
1988 7088
2003 8802
2014 6044
2022 5512
2022 8295
2034 3019
2040 6818
2055 5919
2064 2582
2065 6801
2066 7451
2068 3347
2069 4923
2078 6931
2087 3773
2116 235
2130 1811
2131 4549
2139 5508
2165 971
2171 7117
2207 8200
2222 1888
2237 5378
2239 9085
2241 4644
2255 1235
2255 8217
2267 8216
2269 951
2277 6829
2288 9157
2298 6866
2301 5108
2302 7252
2318 3375
2324 2969
2328 3676
2339 7097
2342 520
2342 3556
2348 1395
2367 2778
2373 4968
2374 6569
2376 3786
2395 4882
2397 2531
2423 833
2424 4237
2427 3862
2433 6916
2436 2945
2443 8948
2445 1824
2456 8684
2457 5299
2467 2915
2468 4529
2478 6134
2483 2822
2494 2360
2495 1146
2500 474
2503 6690
2521 8968
2535 4907
2540 3254
2564 729
2572 4129
2573 3761
2589 6482
2592 3741
2601 8843
2608 8275
2609 7156
2615 2881
2618 2589
2618 3246
2630 5010
2633 8357
2686 5897
2701 4477
2702 254
2709 3290
2709 3475
2747 3938
2748 7310
2750 6011
2751 8100
2786 1822
2808 8753
2814 1220
2848 1932
2850 2561
2852 968
2852 4605
2865 6531
2873 3469
2875 844
2878 720
2887 5502
2920 7842
2920 8961
2938 5969
2951 1489
2984 3343
2990 556
2993 3978
2993 7321
3005 5391
3010 2279
3014 437
3029 3836
3031 2988
3036 1679
3042 3430
3063 3984
3075 8579
3088 1179
3095 4486
3101 8069
3103 3905
3107 8017
3123 1895
3141 4445
3151 2204
3161 3106
3164 8942
3217 6522
3242 5898
3267 8896
3300 5335
3303 8156
3305 3221
3315 4592
3327 3872
3327 8369
3329 3582
3331 8729
3353 6455
3405 8409
3407 1770
3422 6280
3442 2542
3444 3568
3446 2435
3452 5756
3458 7241
3488 7210
3511 1799
3514 2903
3516 2510
3523 7897
3527 1973
3528 3840
3537 235
3544 553
3549 7415
3552 5785
3555 8643
3573 6195
3579 762
3583 2887
3584 2680
3597 6899
3599 8842
3602 2495
3614 2706
3616 8314
3619 2295
3640 3337
3646 5098
3662 7615
3673 6799
3682 7067
3684 5184
3706 948
3730 7043
3747 7263
3753 8671
3757 3649
3757 6896
3760 5968
3762 6272
3765 5091
3773 4289
3779 6966
3812 833
3815 36
3826 1934
3830 3911
3837 8239
3840 7099
3847 3407
3864 3233
3865 7687
3870 7857
3872 5624
3875 7315
3876 7559
3882 4054
3891 7654
3902 6617
3904 8962
3922 2698
3928 2961
3930 2413
3948 1521
3952 2500
3956 1
3960 2279
3962 8669
3968 5584
3987 7235
4015 6843
4028 3015
4029 2018
4039 9169
4042 4285
4048 4444
4062 2603
4072 8575
4078 3204
4087 3841
4098 3060
4107 5082
4107 5559
4142 5765
4142 8862
4151 5229
4153 8548
4172 2588
4189 2740
4195 4281
4216 2193
4230 6395
4237 2022
4241 6418
4243 1313
4268 5132
4280 3018
4285 4632
4297 4098
4297 6327
4300 330
4308 8641
4333 6491
4337 2653
4354 1302
4355 8326
4399 8535
4405 1744
4422 272
4456 5881
4458 6303
4470 8635
4478 6744
4479 8516
4485 9282
4489 6408
4516 5233
4517 2051
4519 943
4524 6006
4524 8165
4525 2794
4529 793
4546 664
4549 2809
4550 6154
4558 7339
4574 2249
4590 9135
4598 307
4608 7798
4609 772
4609 8686
4635 8545
4639 5436
4646 2050
4652 2872
4659 6261
4660 1503
4683 4390
4704 132
4722 8990
4732 1389
4732 3015
4734 5908
4757 8797
4758 6265
4771 8153
4778 6822
4795 5419
4804 1666
4805 702
4810 7283
4815 1437
4817 8238
4825 3283
4838 9026
4847 3036
4869 4725
4870 1915
4874 5003
4898 7475
4911 706
4911 1270
4917 4153
4927 8355
4929 2867
4930 4440
4936 1412
4948 5658
4954 1103
4993 3755
5001 8680
5010 9151
5022 8678
5037 2673
5041 1401
5056 506
5062 3717
5064 4572
5073 1019
5078 1379
5090 3382
5092 7120
5107 3284
5112 3766
5127 3148
5130 4359
5133 8824
5137 9102
5142 6258
5143 4759
5156 3473
5163 3456
5164 8714
5166 1241
5167 8977
5168 4699
5177 5969
5178 2662
5186 6664
5192 4507
5214 984
5245 7743
5249 7837
5252 8507
5280 1589
5283 5939
5289 945
5299 5241
5307 2833
5330 2402
5333 892
5347 9247
5369 4674
5389 4453
5390 7126
5418 8290
5427 2521
5443 3622
5455 1972
5465 5387
5467 1528
5474 4063
5479 2960
5487 4622
5494 8815
5499 1379
5509 5323
5513 2681
5516 6148
5519 5385
5531 6521
5546 5399
5556 4578
5558 9062
5563 6005
5564 2607
5603 1117
5604 4954
5604 7751
5627 3879
5627 6515
5627 8901
5639 8131
5640 4778
5659 5040
5681 8557
5683 666
5706 9119
5707 5360
5719 2413
5722 7408
5729 5975
5757 4418
5772 3210
5786 1277
5788 2039
5794 4614
5816 247
5822 8164
5828 668
5829 7819
5846 7967
5851 4156
5851 8426
5862 6053
5867 3984
5892 3696
5893 4447
5904 4835
5919 2099
5919 5641
5929 287
5937 4253
5947 8246
5952 1469
5972 5004
5975 6523
5987 2830
5998 3580
6001 291
6002 616
6003 1355
6018 668
6029 8241
6031 6923
6035 2503
6042 6685
6045 566
6054 502
6062 9195
6064 3255
6071 2747
6077 1557
6087 547
6103 1316
6104 8510
6107 5818
6128 2528
6134 9284
6135 416
6144 5689
6144 8297
6146 2764
6153 3560
6167 9048
6178 1154
6178 2972
6210 583
6219 2147
6219 3988
6231 1878
6236 2196
6242 2290
6250 834
6254 6434
6261 2152
6263 8785
6276 3590
6277 3918
6278 6688
6303 4175
6329 4524
6332 4788
6343 3107
6343 5658
6345 8638
6349 1649
6356 3109
6373 8798
6398 8884
6405 805
6409 2771
6425 3691
6431 734
6461 3294
6475 8432
6482 2336
6485 8345
6491 7885
6492 6160
6495 851
6499 9260
6510 3566
6519 7232
6541 2444
6555 621
6607 4416
6632 7726
6634 9161
6648 5762
6651 725
6671 6881
6682 3019
6687 5911
6693 6787
6701 723
6701 4848
6717 9063
6737 2942
6767 5434
6797 4064
6803 4570
6811 284
6811 8874
6821 8217
6848 4178
6859 6570
6865 2783
6866 5757
6898 2460
6904 1225
6907 3863
6925 3989
6931 1770
6987 2312
6998 1962
7000 1714
7002 7102
7007 2637
7048 5821
7053 1499
7055 49
7055 3655
7088 4640
7094 7968
7107 2399
7107 8319
7117 6885
7123 4777
7140 3844
7144 2851
7149 9301
7150 8461
7173 7669
7199 5310
7207 7355
7212 2377
7218 8968
7226 1589
7249 3913
7249 8350
7251 3218
7258 1124
7264 2349
7283 3766
7289 7214
7295 3486
7297 773
7307 5726
7316 7111
7316 7508
7323 2164
7325 3105
7334 133
7353 5977
7354 9340
7356 5511
7359 1273
7362 3889
7364 5058
7386 9053
7410 2112
7434 4587
7439 581
7446 2320
7454 2735
7458 3243
7466 2113
7476 1464
7510 2321
7514 3027
7514 3867
7514 6724
7538 7876
7541 6022
7568 6102
7589 3577
7603 4853
7625 737
7640 6563
7643 1534
7660 2092
7666 3081
7680 1635
7696 8632
7709 1942
7711 8546
7716 1171
7722 7107
7744 1727
7754 6677
7761 7252
7772 1841
15 7985
16 8738
17 3500
34 5794
43 7726
45 7836
55 7342
55 7528
55 8149
58 1187
74 6181
80 8410
91 5964
109 786
112 8735
119 6862
126 4970
136 1611
145 5767
149 9131
166 5828
176 7871
178 5893
185 4220
215 2764
220 2499
222 2833
234 7324
285 4302
287 5260
288 5947
297 1323
298 4297
300 3214
301 667
311 8906
325 5466
331 5245
343 6874
345 4220
350 64
361 2104
364 8796
368 2332
376 90
376 6603
391 3628
400 5083
402 1215
402 7499
408 7821
412 256
439 3138
443 7425
454 6615
486 2990
493 7960
497 953
532 8348
548 1022
548 5019
563 4593
570 8423
588 1768
619 1887
619 9292
634 6912
649 3660
664 5707
679 5808
708 1544
726 7292
729 8178
731 8733
732 5568
733 8444
746 1021
753 1525
756 941
774 789
781 6488
811 4185
827 4150
835 536
851 3272
853 4656
863 7802
866 2397
897 4298
910 4002
924 901
935 3166
935 5488
940 5013
958 6770
972 1547
973 6313
990 2096
1000 8148
1001 1661
1025 7336
1031 3115
1033 4912
1035 429
1044 4082
1049 3916
1058 8474
1069 2885
1078 53
1101 3837
1108 8041
1109 2704
1112 8229
1122 5429
1150 3694
1171 1869
1177 7394
1198 1421
1224 9191
1228 2288
1263 5967
1290 4649
1293 8863
1299 1897
1299 2520
1300 2934
1307 7179
1311 4143
1313 3388
1345 4941
1367 5045
1368 5002
1371 5387
1411 4940
1436 2524
1437 1466
1484 7492
1486 9331
1490 5553
1513 2681
1514 3177
1526 3253
1541 2627
1541 6532
1542 1844
1544 5743
1556 4594
1565 1318
1570 5671
1574 8159
1585 6416
1592 2742
1592 9149
1595 491
1601 4522
1605 5203
1615 7367
1629 3240
1639 1587
1639 3432
1668 1994
1675 5609
1684 5429
1697 399
1697 6907
1722 4486
1764 4705
1814 8618
1816 2793
1823 6107
1824 3150
1849 8665
1858 4651
1862 3017
1864 3486
1867 6197
1896 6684
1914 384
1923 765
1928 4816
1961 6755
1969 1412
1982 5416
1999 1340
1999 5262
2015 5580
2020 6193
2021 8317
2022 7703
2036 515
2041 2469
2041 8433
2047 3121
2049 21
2051 1787
2059 2314
2063 8406
2075 5190
2080 7205
2086 2844
2087 649
2088 3472
2102 3261
2103 8440
2114 8356
2126 7276
2136 5927
2143 5198
2152 1617
2171 3580
2187 7756
2208 3456
2217 1165
2228 7997
2235 7435
2247 2628
2256 243
2259 2488
2267 2251
2275 504
2294 8771
2295 340
2304 4033
2308 385
2308 720
2310 3187
2310 7350
2321 961
2327 2222
2334 4391
2336 1520
2346 138
2362 6211
2391 1126
2394 9142
2404 6774
2411 4099
2415 4707
2421 667
2435 7743
2442 5288
2443 4958
2449 8055
2456 918
2471 2581
2476 9024
2485 6840
2495 5854
2496 9081
2524 346
2546 6278
2551 8302
2552 3653
2577 7689
2582 7575
2612 3851
2625 2581
2633 5895
2633 8829
2640 7812
2651 4411
2675 2097
2681 6801
2692 4363
2699 118
2702 1088
2702 6214
2712 692
2716 7280
2747 3067
2761 6475
2778 7672
2787 3396
2794 4046
2796 5358
2826 3363
2827 6558
2843 843
2854 2113
2855 2980
2862 8208
2872 3792
2887 7570
2896 6036
2899 5219
2911 5087
2917 1587
2938 96
2943 9051
2947 3897
2972 7734
2977 6763
2978 2626
2989 8666
3012 643
3027 2633
3027 7871
3031 2658
3052 3987
3055 7053
3068 6078
3074 4602
3080 5693
3089 3846
3100 6504
3110 4713
3111 1777
3119 3677
3146 7037
3150 7922
3163 2408
3179 8032
3195 3349
3207 1070
3210 3618
3211 8834
3235 1873
3261 2802
3270 4889
3289 4210
3293 3931
3299 123
3303 3214
3333 7347
3334 9048
3344 436
3352 1451
3354 3454
3358 6963
3361 4243
3361 4541
3395 1680
3396 6150
3444 9132
3446 8924
3448 6129
3452 5919
3459 7890
3464 2680
3465 2081
3479 7219
3484 720
3490 6035
3505 8125
3511 7248
3535 7868
3550 6415
3551 9314
3558 8383
3570 4491
3585 830
3594 8878
3616 1725
3638 7940
3640 2960
3653 3873
3675 6365
3689 2325
3700 7361
3727 4393
3749 7790
3758 2916
3765 8370
3767 7355
3786 9343
3802 4417
3806 4637
3806 6852
3818 2379
3829 758
3841 8206
3856 2791
3868 1082
3890 4798
3921 388
3922 6324
3923 685
3933 9325
3936 2603
3950 8985
3992 8225
4002 7812
4012 8622
4016 6431
4029 1903
4035 6605
4038 3721
4044 1987
4054 9207
4081 2986
4083 2552
4096 2579
4107 8402
4119 4756
4133 4680
4139 4676
4139 5932
4148 2117
4167 2856
4183 9107
4188 7064
4195 5852
4195 8519
4196 1792
4227 7153
4227 8404
4230 2383
4236 3722
4248 5272
4258 1467
4274 5179
4275 9308
4288 1520
4288 2976
4290 4500
4292 3092
4296 7444
4302 6370
4303 3645
4312 8522
4316 3604
4324 5200
4326 8862
4332 2006
4337 1278
4358 912
4361 873
4365 4078
4369 6916
4384 6276
4400 3663
4402 4554
4415 1163
4415 1350
4455 4287
4460 6052
4478 7548
4493 2162
4504 5533
4506 7061
4509 4055
4515 4140
4517 758
4519 7377
4524 38
4525 1352
4540 4019
4561 1739
4573 8492
4581 5695
4589 293
4590 898
4595 6399
4603 7729
4606 6192
4616 7023
4667 2973
4670 639
4686 7303
4687 931
4700 8676
4705 3644
4733 5556
4738 190
4746 2470
4753 353
4769 3462
4802 435
4811 3498
4816 1870
4822 4584
4824 2793
4852 5926
4854 5058
4874 9084
4891 1663
4924 6311
4929 7795
4944 4787
4952 4378
4952 7117
4963 150
4963 507
4967 3327
4967 7522
4970 5032
4982 6046
4984 8424
5000 8191
5036 7788
5054 3007
5054 7802
5065 7232
5079 5826
5082 948
5083 8021
5098 484
5145 7195
5157 3429
5160 4257
5178 1911
5203 294
5211 630
5218 1506
5218 5032
5226 579
5226 5635
5236 2294
5261 6668
5268 8938
5270 4930
5278 8881
5294 9358
5303 770
5308 4704
5308 8984
5314 2920
5328 942
5333 7485
5361 8649
5364 4850
5365 2401
5374 9252
5382 5801
5402 8682
5420 2581
5426 1293
5433 5350
5446 692
5489 1467
5501 4984
5507 2366
5509 921
5516 546
5528 974
5530 8490
5536 8097
5536 8388
5542 2574
5545 4888
5552 607
5557 5860
5559 5674
5561 1027
5571 1368
5597 433
5621 177
5627 98
5630 1715
5633 6343
5647 519
5651 8143
5652 7436
5665 3303
5666 8313
5668 2629
5721 4539
5738 696
5747 1232
5756 2257
5766 6289
5776 388
5782 5640
5787 6885
5814 6526
5826 906
5828 7269
5840 6821
5844 7870
5865 4796
5871 1015
5878 8418
5885 1
5893 3730
5893 4810
5896 4051
5904 5305
5930 7045
5963 4896
5975 4671
5984 7586
6010 1542
6011 584
6029 3875
6034 6715
6035 6007
6044 4538
6078 3652
6084 939
6085 8308
6092 2173
6100 4061
6121 5203
6135 3157
6135 9254
6159 6810
6177 7923
6180 2276
6183 257
6197 9073
6198 7513
6200 937
6209 2669
6212 4335
6238 8153
6243 4839
6249 3960
6257 6876
6273 8173
6275 7020
6290 2344
6295 5995
6298 6783
6301 5328
6327 2424
6349 5584
6350 5003
6353 181
6355 942
6368 8902
6370 315
6375 3862
6377 2205
6385 2781
6393 6056
6430 4115
6439 5806
6450 9118
6452 4365
6460 8362
6480 3065
6491 4006
6543 1954
6545 8803
6565 8464
6567 5265
6581 2252
6586 2336
6590 9058
6592 395
6597 4106
6626 464
6634 8608
6642 2364
6656 5483
6693 4089
6704 7980
6742 1832
6770 7110
6771 837
6772 6290
6775 3115
6804 4728
6806 8649
6814 380
6816 16
6831 1749
6868 7228
6879 8960
6886 5985
6900 643
6904 5808
6911 3121
6912 5344
6912 7119
6916 8996
6917 6564
6950 5392
6973 4274
6983 7907
6986 1082
7003 5187
7009 9051
7021 9094
7025 5
7026 5255
7026 8983
7035 3248
7049 5371
7050 192
7060 6693
7078 1426
7079 6967
7110 4292
7114 422
7115 621
7122 5394
7186 5230
7187 4865
7195 3505
7196 1795
7212 7055
7224 1667
7231 6633
7266 6942
7271 601
7279 8479
7290 461
7294 3089
7296 4422
7318 2597
7330 3141
7335 4936
7338 6387
7364 8287
7365 8875
7397 6533
7412 8900
7424 4745
7433 7390
7438 6998
7456 1021
7457 770
7461 7417
7467 5525
7497 3394
7519 3629
7527 7007
7528 2376
7536 4645
7537 2358
7553 7001
7554 5246
7570 2270
7580 6883
7600 8181
7603 6383
7606 9313
7614 6381
7625 7247
7626 6123
7632 2061
7658 7389
7658 7945
7685 396
7685 7536
7695 4683
7697 9321
7709 1732
7763 6035
7766 8445
7776 4599
