47676 377564 75 93
159 212383
612 12058
731 225798
4003 253995
4451 220593
4581 70579
4823 141385
6433 102635
6471 121821
6491 348292
8721 265193
8917 244005
9433 313811
10263 181085
10788 69112
11211 103526
12084 295805
13155 177353
13181 197643
13362 300320
15084 185157
15634 367644
16298 336255
16696 86970
16971 253535
17058 202380
17269 298569
17780 267842
18022 88304
18783 213349
19111 246057
20204 205611
20515 270727
21044 101973
21299 77095
22700 283019
22993 270610
22995 201751
23425 138032
24051 120250
24195 359897
25009 312164
25384 155204
27550 268139
27952 51695
28061 228924
28271 212900
28833 214621
29812 125685
31847 275438
32732 195833
33294 99734
33681 79723
33889 195031
35323 90369
36854 343398
37168 292387
37539 219109
38245 137878
38302 93142
38850 286522
39353 194631
40099 24423
41663 365630
42890 357981
42937 280866
43233 23385
43403 322341
43903 310589
44363 34547
44796 183620
45342 267057
46154 172002
46501 219997
47354 334155
1 368386
201 21132
813 56086
991 245176
1813 163636
1835 42638
2354 308253
4049 96669
5296 125318
5819 35408
5980 230184
7302 339194
7436 293744
8003 88965
8004 302003
8082 121861
8631 260043
8795 9592
9544 845
10422 286075
10605 111939
11274 301
11522 199056
11603 189422
12041 47900
12657 364934
13798 31708
13863 223463
13895 158112
14121 334031
15023 181349
15213 224042
16251 104278
16955 90312
18089 14990
18276 82646
18646 293998
19772 180883
19800 279678
20618 361502
20716 359887
21638 183406
21837 357727
22169 199863
22230 206342
22731 260995
22745 78345
24040 346659
24754 78373
25427 79476
27063 163223
27424 190432
28757 241223
28821 325533
29378 308639
29917 94679
30180 5373
30494 111648
31384 10183
31983 164206
32538 261100
32720 301152
32784 143062
34457 86975
34522 150461
34987 188516
35556 123129
36090 20316
36162 131745
36174 95562
36193 90532
36361 169651
36513 214009
37058 331116
37298 259322
37760 153038
38027 305200
38608 110922
39224 11395
39323 369694
39959 101029
40230 363803
41251 77928
41975 91659
42361 323818
42442 278832
42686 127084
43533 106203
45730 101559
45900 52080
46170 157070
46860 233486
47548 318197
672548 893522 2399 2362
186 610565
591 470818
864 827727
1143 813442
1500 689690
1529 522153
1534 667966
2999 854997
3966 851201
4754 891484
4862 891727
5009 708014
5021 484714
5473 681759
5811 337912
5913 209095
6231 109138
6481 539259
7233 103171
7451 204585
7960 790035
8037 328923
8261 314966
8314 376683
9325 343716
9360 790791
9383 312692
9434 119826
9904 892676
10110 37117
10121 126336
10216 497054
10392 671919
10539 332187
10850 102335
11252 714141
11286 486033
11732 148294
11950 651369
12043 799857
12742 411389
12843 195835
12843 835010
12901 631253
13274 402565
13652 803464
13790 888347
13826 403510
14163 287525
14537 862125
14816 418132
15335 103278
15716 722449
15932 83008
16348 850371
16525 481491
16763 861864
16853 594333
17113 408425
17301 27986
18206 845913
18330 702436
18535 2994
18912 755419
19871 128333
20667 588339
21200 58534
21544 89727
21560 472064
21602 613189
21772 476040
21820 882464
22687 626934
22947 352817
23341 518037
23380 853086
23603 506426
24499 556265
24626 348780
25122 815136
25398 274572
25628 66600
26533 663777
27114 324179
27195 474090
27287 631762
27349 721768
27358 543957
27676 304437
28552 154412
28896 527701
29261 491413
29776 772619
29881 864198
29941 819514
30082 728948
30753 212410
31107 565514
31533 610942
31956 590200
31979 227311
32383 479779
32763 474203
32997 432508
33285 570024
33506 876581
33579 729689
34201 362903
34316 45111
34856 700228
34898 70770
35015 308231
35785 391126
36071 586302
36229 54679
36333 189338
37296 154117
37375 310487
37435 281154
37779 744535
37881 808705
37986 865078
38247 164359
38337 82913
38594 160551
38646 585095
39034 159512
39518 279166
40575 816442
40919 681916
41273 415973
42600 157075
42965 249536
43006 126611
43896 880173
44193 47599
44764 318548
44875 283452
45139 237058
45139 862412
45314 799278
45517 252856
45544 834595
45942 406880
46352 753479
46549 281029
46553 148992
46719 839279
46977 247434
47103 269614
47217 52993
47976 806209
48076 532623
48123 112662
48213 345144
48269 79260
48367 692976
48445 323397
48609 201867
48626 881277
48711 235146
48967 302223
49310 720604
49487 637
49503 471462
50136 89860
50332 324226
50392 679745
51168 203049
51391 833508
51489 448733
51594 535744
51810 383288
52065 552142
52427 812482
52573 575313
52627 252753
52630 375911
53160 523532
53566 755271
53831 727724
54215 241677
54490 453280
54671 149492
54890 241703
55557 22222
56219 799156
56426 673523
56487 609837
56584 93780
56632 301542
56777 425880
57089 451708
57174 811590
57236 657010
57438 68064
57699 603035
57941 400432
58080 702841
58625 759913
58967 868800
59468 747231
59524 525015
60451 698872
60538 83507
60694 565174
60837 708334
61084 215265
61185 569479
62257 772680
62294 180001
62412 184220
62866 889321
63132 517540
63142 284994
63504 117434
63601 614046
64597 699975
65002 135037
65390 358584
65435 852393
66226 378890
66374 742808
66408 474540
66491 585617
67080 685280
67656 263686
68031 690720
68624 448424
68792 156869
69073 15484
69513 781184
69720 149453
69834 192495
70123 279118
70175 100420
70432 413490
70547 77754
70560 7633
71027 333147
71207 374176
71295 249351
71794 537052
71930 600027
71951 141965
71969 56124
72763 9940
72834 691007
73227 188913
73316 659942
73554 191433
73933 8816
74349 267153
74773 629900
74781 254263
75041 113523
75090 610028
75488 172383
75649 478047
75833 649920
75867 363591
75889 850361
76203 122259
76535 14084
76881 495355
77304 48200
77345 764527
77555 402174
78026 459241
78170 177767
78303 874450
78393 708019
78932 136921
79092 834710
79389 340251
79635 775896
79712 420379
79908 33108
80042 372442
80544 384291
80611 277563
80951 502921
81382 321370
81578 87647
81708 695457
81723 647792
82149 853546
82232 416649
82245 134176
82276 313785
82885 556783
83113 773323
83580 389686
83581 258744
83719 812282
84209 189008
84225 480321
84713 561942
84979 142577
85525 712587
85851 338528
85904 593266
86022 282396
86520 373031
86960 327483
86971 301842
87249 314751
87661 314669
87945 115091
88077 446450
88696 221124
88741 420392
88876 31171
89622 356425
89954 29545
90015 238089
90190 733354
91136 404866
91304 414220
91735 161391
91879 565124
92051 279847
92362 701927
93222 600210
93438 650136
93517 444583
93565 251912
94074 655540
94182 800653
94192 881137
94795 624863
94936 62700
95353 114235
95676 808387
95730 479963
96032 690714
96316 146585
96521 527499
97144 415438
98109 314290
98617 29179
98629 56592
99510 535701
100004 592552
100112 129587
100158 344482
100587 165571
100754 550398
100766 802113
100955 645579
101030 85586
101072 283761
101220 567001
101259 881558
101363 181574
101696 822831
101762 337335
102036 299703
102374 19882
102762 793453
102831 649796
103175 861531
103384 57040
103476 468057
103736 738659
103985 381679
104025 209672
104375 657650
104390 49543
104462 821553
104808 182063
105162 836718
105363 324899
105434 640689
105793 387012
105920 448880
105951 111140
105955 583072
107215 164990
107617 36191
107670 749762
107998 596165
108382 263401
108581 53266
109267 233346
109775 280751
109988 789717
110147 255405
110367 84378
110511 838652
110660 105918
110740 741446
110869 631246
111001 363280
111036 294537
111057 404318
111125 732416
111423 197406
112114 483568
112491 177939
112785 416262
113296 563288
113728 347859
113898 110288
114370 87446
114441 416754
114475 654077
114948 798981
115157 400235
115197 508197
115570 137072
115801 336957
115948 60516
116144 421287
116223 509753
116238 649098
116411 274730
116882 704063
116980 507944
117016 359753
117192 421119
117704 452241
118076 775029
118379 692111
118578 113345
118843 877025
118888 842202
119015 769998
119084 459137
119205 109262
119552 241724
119568 163648
119863 736158
119943 575927
119989 391351
120532 813279
121018 553119
121228 526675
121228 848617
121307 870182
121324 726343
121605 137593
121802 505418
122176 34145
122268 537190
123031 511685
123058 80671
123095 216563
123144 126047
123191 581793
123216 99878
123376 776391
124039 607142
124059 715980
124192 302038
124763 352009
125503 165986
125577 768907
126251 437794
126377 362181
126741 529263
127264 839500
127356 477239
127472 144829
127903 293393
128080 639340
128197 456857
128734 163900
128998 142458
129048 317690
129428 517875
129503 373487
129575 117323
129728 230348
130204 679470
130219 601563
130565 686272
130803 44010
131628 613530
131723 35150
131918 788399
132055 403875
132104 75278
132128 308767
132319 748196
132406 704255
133619 577667
133754 480341
134078 612810
134271 709986
134616 570137
134619 878833
134882 507002
135540 618667
135585 183745
135895 51132
135910 92301
136182 400354
137044 99633
137111 797376
137251 816688
137372 874097
137736 11283
137956 557767
138018 586784
138086 493443
138203 616510
138499 5409
139473 718591
139533 860854
140009 443887
140082 611283
140105 33247
140730 828509
140817 851794
140931 213696
141267 499026
141684 58286
141797 524687
141868 643598
142180 624940
142414 448557
142593 250471
142606 718025
142725 708048
142890 577283
142983 97229
143174 62504
143178 432167
143220 343240
143652 98667
143676 467924
143693 573425
143839 457739
145449 166719
145560 561398
145632 648458
145931 625672
146091 636072
146199 430231
146767 742675
146877 745641
146953 870186
147042 371262
147133 281385
147447 482676
147511 569274
147547 297344
147686 154285
148058 243218
148522 117029
148643 737557
149039 829227
149201 500492
149273 310369
149335 12752
149401 795801
150095 426098
150126 628981
150481 754325
150740 889473
150850 274850
150919 865644
150979 754394
151401 122039
151470 191629
152008 86040
152396 168310
152403 721751
152933 178221
153418 390273
153613 53221
153646 869027
153838 201223
153993 525511
154359 542001
154545 304535
154640 135960
154773 121395
154800 28707
154848 247218
154976 112830
155505 439771
155566 624354
155957 882762
156274 437581
156351 413328
156527 14563
156543 866462
156609 65414
156985 684907
157045 307947
157485 872638
157612 486550
157728 806381
157964 739265
157969 352050
158187 758290
158327 835472
158447 340226
158623 778537
158698 165132
158710 544249
159244 316133
159357 406507
159518 361444
159617 670899
160427 352526
160445 506506
160693 767009
160789 358693
161217 469925
161353 16978
161661 451580
161827 438962
161860 777971
161914 407479
162761 669146
163118 576759
163255 123671
163508 513803
163765 415961
163796 479415
164043 778248
164684 479774
164991 512636
165141 109407
165188 126639
165575 826482
165577 809763
165622 747499
166078 436603
166320 302739
166754 35349
166940 264365
167050 117338
167141 615032
167872 665398
168015 845810
168379 230626
168503 596589
168798 605084
169246 633435
169679 423321
169719 385277
169924 118289
169987 741568
170139 738306
170166 433848
170247 638612
171006 671834
171032 496078
171242 695406
171432 771012
171706 65472
171708 114667
171746 741040
172310 776999
172536 878429
173111 14809
173750 580034
173801 264892
173849 243383
174690 25509
174772 477254
174827 125591
175250 382406
175619 564068
175790 727305
175868 737535
175983 317125
177053 703441
177316 430117
177446 859735
178135 163311
178301 571102
178577 405212
179580 850975
180300 804282
180301 869183
180940 707943
181257 407522
181482 438753
181679 366670
182314 650764
182389 716626
182504 403956
182546 477019
182549 538524
183029 183136
183424 708541
183534 144396
183587 858660
183665 19070
183670 302766
183737 660886
184142 380156
184210 122862
184439 390821
184500 195017
184620 63958
184975 879813
185353 212105
185489 797045
185558 875729
185579 472386
186098 31067
186260 482634
186576 191669
186613 199938
187200 744098
187355 718053
187525 392230
187794 9689
188180 351133
188423 502206
189401 608686
189452 602391
190038 661442
190056 376298
190074 277418
190114 657687
190235 847457
190240 199586
190325 539317
190370 622867
190686 747029
190819 784841
190985 245429
191704 699891
191878 787578
191907 175136
192504 501028
192957 823907
193147 800684
193279 591540
193554 432913
193663 6914
193730 264119
193869 181715
194920 336296
194974 389331
195058 412422
195705 576206
196339 14276
196373 504864
196828 189713
197083 107070
197526 670163
198018 86452
198063 59859
198103 243421
198705 595556
198796 316409
199104 28643
200486 702114
201676 287908
202304 893513
202674 248347
203328 474299
203516 740587
203618 317977
203759 621938
203799 120540
203842 247235
203937 860040
204587 598433
204933 125405
205387 793050
205481 377811
205775 641130
206069 879464
206303 625495
207112 776745
207172 628684
207563 50072
208117 507306
208304 367025
208453 380524
208768 591764
209921 874632
209969 46064
210359 56082
210362 647291
210436 892225
210625 595776
211429 137442
211563 186206
211671 416560
211784 139977
213244 857622
213256 590124
213304 233650
213936 656534
214161 144144
214548 283187
214568 426363
215459 428908
215807 432029
216061 515155
216189 372697
216202 506064
216521 525023
216572 857234
216639 236166
216927 233665
216995 631556
217160 576271
218128 542900
218566 151699
218686 502401
218806 270792
218876 832902
219204 594365
219553 734216
219921 718180
219969 574517
220067 314308
220874 243711
221643 430786
222047 673497
222624 692284
222841 57886
223009 767976
223634 821640
224233 715990
224281 772881
224534 546806
224613 413023
224681 250473
224725 275877
224976 264236
225298 428546
225351 266738
225351 739850
225549 201225
226843 687982
227176 520905
227282 251659
228293 451934
228946 284667
229234 314347
229266 515149
229278 116970
229358 782495
229609 884248
229754 375013
229919 663017
230158 316444
230210 23645
230325 153421
230388 170761
230393 96008
230710 520700
230727 868641
230770 93065
230865 47243
231123 858818
231278 423214
231505 485729
231959 824990
232353 290333
232417 626728
232450 419369
232508 596137
232980 15469
233027 778550
233029 395444
233235 804628
233630 675280
234019 718683
234126 576659
234714 160377
234819 697726
235090 463569
235133 226584
235449 206181
235889 158670
235894 185842
235985 45588
236033 509060
237266 493015
237599 623635
237773 633480
238522 179246
239316 538498
239630 361032
240765 439546
241132 79178
241343 723605
241380 299382
242801 421137
243003 233141
243209 817295
243512 361894
243947 556422
244020 258316
244143 433602
244297 725212
245141 614708
245455 855405
245836 549524
245867 316065
245900 268556
246206 761563
246583 311373
246676 576519
247256 373463
247744 407906
247800 118026
248276 513899
248342 67500
248492 605038
248618 379572
249218 28575
249387 271821
249397 59744
249833 367596
250016 410335
250533 174036
250876 812581
251340 459970
251351 317047
251508 481258
252285 194956
252715 494124
253180 28953
253366 305852
253569 390551
253615 554922
253846 335409
253865 26000
254399 235603
254595 559225
255041 827878
255096 628229
255174 1161
255747 699718
256277 808984
256385 104840
256391 298464
256983 890429
257231 521255
257572 887401
257756 705089
257880 469879
258018 720122
258064 382952
258235 149539
258563 731974
258776 482765
258910 551801
259051 214505
259713 400974
259831 153435
259858 327309
260218 314703
260370 601115
260673 387784
260774 141948
260891 91465
261025 507745
261070 419005
261269 425525
262300 92773
262620 720457
263253 196084
263802 262698
264044 377438
264794 528915
265115 271807
265546 533718
265578 781364
265613 764998
265731 825719
265838 244269
266002 806122
266307 561475
266883 572175
267054 24000
267076 880934
267080 243852
267442 13727
267450 221115
267502 597257
267544 137205
267620 310457
267768 798175
268177 932
268267 820836
268349 678588
268535 338816
268703 243212
268845 617622
268972 172002
269538 861068
269696 482922
270203 806665
270382 370743
270971 304281
271080 79438
271194 740361
271377 607390
271651 363484
271792 274768
271799 732028
271830 76293
272059 302758
272377 883977
273222 635017
273440 671206
274470 349999
275047 657173
275090 155527
275099 327520
275121 424164
275228 705258
275307 840652
275545 13202
275627 877761
275691 426348
275833 565312
275979 186745
276025 228361
276268 77454
276635 320211
277869 752217
277927 19269
277987 93249
278497 36492
278795 892130
279191 502285
279872 704556
279933 500728
280280 316696
280502 443393
280519 807008
280940 286805
280951 3807
281011 273266
281021 758406
281309 871160
282046 36280
282253 147612
282382 189179
282410 227412
282595 460627
282935 253387
283178 232973
283746 593221
284810 800511
284968 51847
285108 356127
285136 671041
285412 869442
285519 130162
286107 725541
286209 707472
286301 627110
286773 226939
286976 580952
287098 741582
287244 185133
287431 764892
287888 618334
288249 657439
288551 455406
288628 73920
288904 538110
289148 832423
289878 109832
290138 799651
290482 664976
292844 865496
292910 245119
292998 768337
294038 642693
294153 398735
295516 659295
296178 60177
297028 727246
297385 874063
297999 616581
298003 59881
298404 461929
298942 549110
299037 242110
299067 256218
299216 534710
299478 667485
299516 601274
299619 487815
299621 644351
299775 401765
300224 565323
300261 16418
300263 639927
300482 457260
300736 624000
301024 420374
301588 374759
301845 190501
302203 224655
302410 138048
302426 239046
302959 37369
303368 401822
303502 581482
303917 855040
303982 643776
304064 791602
304091 424885
304184 195572
304222 419278
304368 819416
304625 363419
304746 507237
305051 848411
306102 277862
307406 215292
307607 715016
307663 470934
307790 154290
307827 883006
308027 687475
309455 698511
309461 324012
309619 269164
310206 739832
311016 835816
311441 561734
311519 314334
311597 496736
311609 871402
311679 709243
311930 838495
312118 464187
312514 828459
312549 457013
312691 849011
312908 393080
312942 559688
314137 565534
314186 841887
314781 59091
314782 886375
315304 579944
315308 689477
316106 137794
316234 344336
316448 73318
316562 138888
317002 164530
317209 667803
317294 831099
317517 364139
317733 705222
317854 636040
318094 474341
318271 233386
319792 53671
320301 12550
320339 689137
320376 512058
320666 849583
320900 619351
321028 251832
322072 553599
322188 645168
324067 649059
324117 259266
324490 383104
325172 616679
326141 394548
326300 117767
326493 200281
326711 128117
326804 701791
326907 827962
327145 13146
327376 466350
327741 452479
327763 148174
328025 171530
328047 250852
328213 4873
328330 733731
328734 423297
328827 886455
328851 167361
329603 243263
329639 194430
329738 208534
329888 723231
330277 327979
330652 675330
331091 457685
331128 94645
331450 320177
331455 177408
331780 576557
332054 265639
333026 757948
334008 149983
334216 88974
334770 510080
335678 586335
335713 786676
335858 367434
336098 82477
336216 821359
336966 289582
337251 298474
337473 709983
337523 453873
337970 522683
338003 290151
338250 733914
338435 818880
338788 167471
339298 384244
339709 41665
339807 637168
340260 722211
340470 299248
340585 824642
340896 592856
341085 272819
341614 733127
341842 59249
341902 497688
342291 289659
343311 526353
343683 303602
344454 394557
345169 757002
346150 4303
347462 398135
347466 582022
347838 583349
348112 844935
348179 627714
348356 233065
348561 47046
348763 822039
348864 587950
348919 47986
349086 459902
349520 654246
350187 58895
350977 209643
351257 635682
351378 216315
351532 245373
351660 641146
352362 329103
352528 626931
353224 461988
353225 232103
353841 125889
353858 567125
354577 49699
354736 672065
354792 506065
354975 336442
355282 791377
355502 400503
356017 503645
356122 128559
356308 154725
356437 547185
356641 699054
356806 490149
356808 420674
356911 169841
356958 21223
357158 531050
357197 111663
357369 581154
358022 523636
358106 87272
358978 262955
359018 686114
359493 248581
359707 180364
360045 622381
360551 792385
360721 662190
360870 194787
361009 708271
361015 233427
361391 207290
361765 89658
362126 270105
362802 231576
364249 5008
364323 362252
365354 131758
365488 714699
366905 695628
367160 197086
367200 433541
368440 631277
368683 355161
368929 821398
369263 54067
369316 689703
369338 250978
369675 675750
369907 430364
370298 265879
370446 409262
370652 484330
370982 530294
371565 28451
372750 257146
372933 771850
373098 179649
373680 717612
373701 889361
374496 157857
374851 461715
375071 106183
375125 792069
376310 90632
376421 530643
377071 642128
377107 377455
378151 369389
379348 848281
380177 810791
380332 52370
380675 867707
380870 228619
381056 750315
381399 132451
381731 133286
381836 205708
381963 584035
382860 625824
382911 120439
384408 739229
384447 353470
385469 817043
385652 283979
386032 31235
386434 883254
386504 242049
386853 165256
386930 613486
387078 757454
387131 256234
387183 687463
387488 484832
387522 767371
387840 55709
387841 79076
388151 335179
388298 139552
388374 375565
389165 658646
389182 694217
389317 777618
389596 750599
389817 857133
390160 473829
390236 448409
390725 837774
390742 316533
391410 591974
391645 474719
391666 463734
391671 196062
392054 630104
392284 90290
392284 770553
392770 677481
393123 571768
393403 8478
393515 853516
393784 459103
393822 120007
394644 708213
395064 768023
395333 600574
395651 775205
396009 647351
396911 891516
397071 302658
397147 782601
397229 582061
397573 243207
398005 478846
398019 256684
398563 478019
398693 380738
398882 7185
398952 816690
399216 389850
399436 91075
399516 630606
399841 767150
400037 462184
400443 573177
400450 480653
400645 44907
400774 626096
401026 850652
401073 231758
401076 681364
401131 219725
401340 432486
401364 641707
401563 149648
401749 683734
401980 703696
402125 208082
402323 727693
402363 364607
404041 686209
404342 194871
404695 469542
404771 265791
405076 382800
405177 851714
405268 296095
405471 179057
406012 285138
406065 713723
406382 281291
406749 817239
406959 856034
408041 713056
408147 266082
408761 317533
408816 279698
409000 545534
409717 64102
409877 484471
409887 591454
410074 781013
411514 639410
411565 83818
411826 891433
412064 203627
412125 317364
412295 234033
412615 757124
412756 24527
413603 452138
414593 649250
414639 121067
414937 584776
415001 374020
415098 599071
415264 116072
415457 525178
415669 447906
415675 357766
415874 346233
416166 6476
416171 543946
416267 195998
416686 262247
417269 143405
417967 870602
418785 349082
419093 366339
419162 579261
419239 681502
419346 458255
419399 349132
419528 264176
419701 191328
420216 340193
421721 701678
421736 240425
422088 624001
422103 509615
422159 513139
422254 704826
422312 465653
422542 871719
422658 604084
422678 52493
422873 717737
422983 281489
422992 486273
423387 573358
423822 501618
425270 380945
425289 727971
425528 243310
425741 283024
425821 110252
426076 664819
426168 355093
426179 772136
426249 879875
426278 467134
426835 424179
426954 162676
427227 630629
427650 317104
427887 885290
428192 599715
428383 757905
428650 467364
428863 773890
429661 562889
429677 840574
429812 15698
429889 562402
429985 311383
430215 700024
430256 288534
430427 389249
430455 381730
430506 55613
430543 92405
430636 216905
430681 369832
430845 28639
430879 629238
432180 569548
432457 594754
432488 83722
433066 493288
433098 273229
433796 113891
433891 351090
434323 370185
434598 120557
434722 114637
435239 413836
435559 378345
435574 253127
436506 101432
436528 459405
436938 712747
437274 463331
437641 34945
437948 455023
438212 700307
438515 577814
438602 584894
438937 537314
439141 487393
439908 513035
440031 339959
440068 636684
440390 658756
440416 583466
440428 484612
440601 650315
440785 278449
441270 286864
441888 117015
441916 673078
442828 389996
442889 732661
443275 611009
443293 511371
443550 34684
444334 609710
444459 22929
444733 803882
444866 31749
444930 270630
446333 41407
446738 704876
446993 209020
447047 431362
447261 563000
447274 145858
447310 361838
447399 497148
447479 417683
447564 821762
447571 505587
447663 82350
447749 66135
448361 483769
448714 424900
448782 475886
448842 609725
448934 112349
449552 3194
449811 479000
449891 263327
449924 335120
450151 22170
450190 231129
450315 653244
450633 16093
450845 648229
451159 210542
451329 887950
451450 136247
451621 445330
451746 141500
452098 104546
452109 420007
452210 563382
452607 472514
453026 279093
453693 253502
453820 404380
454041 655769
454320 649698
455992 320404
456191 324942
456428 266452
456502 891530
457380 184065
457591 633147
458005 490933
458429 580609
458650 153634
458782 158073
459346 197802
459619 50842
459780 657496
459819 481152
460035 514491
460039 65866
460620 885103
460731 145125
460887 513440
461269 524605
461539 818163
461616 726125
462334 258931
462608 615428
462906 736897
463768 711995
463841 347486
464358 185626
465372 825769
465857 278454
466237 9649
466441 270983
466617 756857
466733 210535
467305 240429
468163 274650
468410 107768
468503 185946
468714 767652
469261 191278
469393 529539
469804 751697
470169 56208
470680 562065
470852 26933
471337 472088
471829 228233
472372 229116
472384 325997
473102 779102
473148 637432
473546 543977
473583 278333
474009 582772
474447 77223
475133 682266
475166 387057
475481 687292
475960 352446
476383 188984
476520 791702
476655 466777
476771 626483
477023 466711
477332 178991
477665 246443
477673 191479
477746 426817
478012 515136
478092 407359
478175 344299
478292 613963
478467 239926
478572 193375
479049 642211
479239 126786
479373 519768
479905 417362
479939 679842
480048 126025
480073 310870
480127 264728
480447 315769
480548 767084
480790 650570
481066 274379
481074 417351
481135 763835
481299 10815
481353 777862
481435 466041
482089 341243
482705 367194
484282 723329
484357 121373
485061 517704
485437 12885
485625 890423
486061 833569
486271 11044
486511 331014
486529 159887
487477 5080
488293 746832
488632 608230
489079 785111
489219 94118
489364 601880
489926 457274
490096 211572
490151 819425
490171 648618
490640 853299
491084 641691
491469 25058
491518 22703
492930 70754
493421 189131
493849 34696
493872 182922
494319 44802
495210 15227
495442 421850
496716 885138
497127 147142
497638 39685
498432 207794
498453 668779
498608 579622
498610 374965
499080 619109
499098 539910
499294 658003
499609 101789
499780 196669
499999 855923
500256 535163
500525 63401
500637 755897
500709 644033
500723 45750
500774 127653
500904 255701
500948 738304
501837 756350
501907 496964
503247 127582
503733 774501
504061 713110
504136 288597
504295 625332
505301 400280
505472 661083
505917 495599
506064 204400
506173 472861
506330 408923
506414 253911
506454 1197
506935 489670
507270 19543
507928 515529
508364 316598
508425 305137
509710 16839
510105 18134
510275 607259
510344 228497
510370 200593
510736 537077
511139 158692
511186 607699
511247 384
511264 340347
511656 671425
511807 884680
511931 380448
512917 551427
512964 690192
513082 207867
513334 338453
513567 695146
513700 225976
514235 371023
514243 630689
514441 10080
515034 873497
515332 807150
515346 193752
515499 146012
515680 189045
515855 411855
515940 666037
516120 631027
516204 472499
517138 583945
517723 573854
518343 537501
518759 516514
519048 14806
519070 389472
519097 547642
519270 514034
519389 685503
519732 720273
520058 105267
520432 394220
520611 677350
520871 765795
521085 455052
521192 734560
521344 623700
522116 23905
522297 588466
522773 742521
522948 111015
523217 235826
523231 754428
523349 68132
523583 239462
523892 293568
525202 227124
525536 719073
526213 370827
526420 621757
527171 754948
527376 537726
527510 529063
527543 160463
527877 892376
528033 876309
528271 836004
528364 478416
528422 226661
528577 674127
528976 424659
529027 351748
529401 202460
529556 771701
530387 837404
530871 110205
530928 259417
530929 479883
531308 69581
531347 184008
531566 339101
532049 76991
532370 310929
532476 709431
532486 346180
532746 247167
532880 384302
533457 415881
533645 1815
533672 740169
533996 434327
534321 468823
534470 257614
534491 400046
535119 193729
535261 670677
535286 567824
535355 33448
535464 230550
535980 253012
536611 872304
536842 444625
537398 188375
537586 867502
537622 856809
538413 434194
538765 706789
538804 48031
539204 834740
539653 573637
540001 611207
540217 466316
540648 107867
541002 465521
541259 585660
541306 288951
541500 546053
542000 459708
542058 743931
542496 315388
542606 714092
542844 247451
543180 424099
543702 363239
544055 152687
544265 33736
544305 287598
544497 317304
544562 870776
544682 341063
545226 577018
545630 289292
546221 204713
546603 770058
547121 3983
547465 553158
547731 409286
547972 29293
548199 667549
549574 168843
550144 654488
550339 710192
550424 612419
550592 142345
550862 143942
551000 315547
551342 49858
551795 120823
551856 517303
551899 12351
552296 876451
552350 144415
552542 184155
553520 49219
553901 401080
554085 354875
554102 207168
554517 319198
554554 690940
555480 76055
555584 48586
555844 729203
555885 158483
556429 617374
556637 239440
556864 173273
556916 238469
556947 188799
556953 542784
557281 329139
557390 194446
557548 772158
557726 757979
558309 761668
558970 688412
559058 502657
559505 264669
559889 174333
559937 679061
560002 874505
560277 804673
560292 390466
560381 238310
560723 753575
560975 541910
561070 401015
561986 747316
563835 247365
564369 232522
564376 46571
564866 503646
565146 23857
565946 262575
566436 462562
566732 796423
567067 43432
567426 854500
567455 362988
567665 164282
567987 659963
567993 134358
568071 232365
569618 808775
569939 469108
570063 812109
570308 716778
570401 222039
570470 809476
570585 884531
570654 541999
570693 168256
570767 373330
570860 558661
571712 893094
571962 405162
572147 276116
572723 650897
572953 270305
573018 652496
573497 678594
573545 516016
573566 825763
573750 657497
573767 509380
573798 522435
573855 809940
574031 713393
574409 857617
574435 418818
574797 777688
574941 44875
575048 515021
575155 650107
575187 391583
575314 94164
575376 198529
575737 265800
576230 434805
576278 700462
576304 527994
576584 777903
577034 141899
577057 659218
577276 293146
577351 183764
577359 57379
577368 560222
577492 492912
578125 490376
578549 437756
578590 278830
578680 130729
578751 401754
578839 695712
578864 273650
578912 574117
579304 510374
579708 838403
579727 20242
579748 709340
580148 498668
580501 363457
581372 519937
581885 606249
582082 650129
582154 632360
582229 443629
582318 411230
582350 395668
583468 851092
584506 710070
584558 254876
584656 697717
584870 235055
584912 433716
584955 626671
585040 6070
585055 365201
585113 749450
585294 153909
585372 434198
585971 101970
586698 664958
586787 175265
586992 572129
587172 219523
587273 371733
587336 277370
587582 407826
587750 3558
587797 134871
587797 238842
588232 768475
588656 135258
589121 466427
589145 258832
590634 817211
590654 656468
591015 115033
591417 23012
591878 155913
591972 548462
592081 614736
592085 72849
592114 355762
592961 870086
592991 611141
593443 204115
594084 458101
594439 855757
594674 258231
594777 495509
594842 149470
595001 20401
595075 419270
595403 696586
595445 444362
595644 489203
595725 555736
595954 359105
596403 628377
597142 667480
597313 449351
597528 103453
597538 754966
597700 571809
598074 434257
598679 829288
598711 255271
598716 377168
599071 451424
599206 582740
599336 198882
599553 699886
599783 183589
599789 469437
599873 442320
600027 371916
600321 359367
600335 231244
600580 586423
601228 609888
601453 83231
601521 761173
601855 857032
602256 119188
602452 37942
602545 254674
602926 401672
603569 409508
604515 45413
604515 109457
604723 526863
605402 368671
605482 738086
605880 41707
606000 286878
606036 654229
606400 621403
606721 159868
607382 798738
607570 574537
607838 542807
608104 776403
608433 481011
608716 445010
608902 112343
609109 887547
609162 90661
609300 315015
609708 227658
609772 422175
609920 28913
610720 670811
610741 631313
610853 569624
612143 312164
612231 887637
612810 889561
613383 650151
613424 198195
613632 621010
613801 541793
613893 50639
614278 341707
614432 24477
615744 694026
615754 400631
615926 142279
616028 695352
616174 731030
616236 426156
616699 452724
616872 175212
617208 521328
617639 13120
617937 820260
618029 248136
618199 893106
618244 654857
618327 587468
618554 309515
618972 642025
619232 201904
619271 792602
619490 783258
619876 249721
619925 367135
620141 174720
620354 426033
620389 158291
620401 423323
620673 858997
620760 347984
620868 370930
621176 321855
621217 767326
621605 763439
621911 856005
623252 862168
623517 68537
623815 62643
623887 438251
624090 566203
624783 429871
625009 493947
625337 115348
625695 21582
625780 589135
625835 535563
625977 650727
626055 672927
626061 509000
626168 130866
626301 228367
626370 362764
626610 339107
626647 663512
626939 231291
627317 735439
627662 387610
627875 298779
627878 14167
628302 521574
628430 609018
628782 734133
629387 580471
630199 246693
630262 676713
630373 429817
630628 178656
631264 350157
631529 573566
631891 555923
631909 23360
632124 532695
632137 819147
632337 248802
632662 296962
632973 422638
633031 617631
633360 245562
633814 818657
633834 20583
633870 795128
633945 442110
634071 155509
634336 137773
634396 591801
634614 852128
634807 365949
635015 708381
635300 854437
635368 414561
635584 331479
635918 863968
635997 700352
636340 74770
636433 64827
636438 804081
636579 6396
637300 706913
637305 198540
637468 574184
637543 562071
637608 498651
637775 303943
638058 601523
638094 66867
638519 391020
638685 841054
638795 627963
638810 80121
638814 640434
639021 723617
639490 329308
639578 626005
639636 747410
639669 455666
639677 387582
640069 404924
640076 701060
640190 384068
640535 732385
640795 862195
641220 529341
641540 885629
641568 31353
641931 518969
642051 698739
642115 2692
642166 684325
642207 813633
642539 541089
644062 680282
644276 825062
645590 381744
645695 382614
645909 805649
645911 798332
645946 494737
646139 355600
646479 398804
646975 72997
647412 765329
648506 281089
648763 158072
649388 781801
649676 368201
650293 840167
650343 385814
650661 635435
651027 431964
651143 866779
651476 792713
651527 785470
651685 506569
651690 40474
651996 122468
651998 60565
652028 337454
652460 170222
652502 402547
652547 620275
653038 823697
653251 608053
653751 839988
653812 90556
653887 636136
654407 91984
654612 628556
654658 78146
654786 7915
654927 890413
655317 370208
655507 872405
655623 533152
655760 768270
655782 1515
656216 448867
656519 209979
656666 625302
656773 81613
656864 786896
657043 207783
657128 286239
657491 68659
657587 850132
658336 26047
658640 880532
658826 508775
658885 498691
659279 398516
659334 110273
659359 210042
659699 394093
659879 633937
659888 230162
660302 826433
660340 829452
660752 733654
660983 363743
661268 133536
661670 292084
662195 89536
662203 65003
662837 659897
663410 616098
663439 393051
663620 486250
664014 350449
664322 320942
664666 79069
664839 725252
665015 886895
665544 738798
665583 720560
666046 93287
666890 219300
667087 753177
667303 635311
667550 57862
667555 208444
667600 453393
667730 111716
668033 735265
668038 421064
668039 568763
668291 153313
668529 508015
668593 455568
668635 740748
668839 856514
668912 470435
668984 336961
669000 208032
669227 632706
669923 708515
670571 179590
670765 99650
671367 170823
671492 383404
671785 876528
672243 786354
28 211997
473 602751
578 225679
602 304988
1006 3574
1020 299708
1182 560021
1533 260475
1780 800841
1799 816984
1986 446115
2222 260160
2235 338059
2282 147612
2381 802156
2737 483023
2777 786973
2994 708199
3074 128515
3551 625460
3657 757658
3808 635762
3908 184101
4103 641827
4240 174813
4457 275974
5110 6689
5641 911
5739 110911
6029 103720
6634 596319
6653 39220
7218 103147
7733 356503
7772 572631
8105 301331
8203 242882
8424 173449
8546 328476
8666 465251
8958 64411
9014 560544
9794 277822
10036 369822
10669 326370
10738 260150
10941 479386
11061 568478
11161 832331
11299 831972
11311 34519
11434 775391
11473 159783
11934 783951
12063 759169
12244 765586
12335 772235
12768 29560
13039 791699
13165 38313
13574 855556
14065 581529
14627 427422
15000 596044
15001 587472
15456 399091
15620 723010
15905 383616
16353 179677
16487 780815
16519 103953
17115 719090
17211 155384
17559 304924
17578 61829
18081 256065
18472 369915
18911 559003
19503 465831
19612 52447
19715 681541
20057 61287
20312 299641
20511 682318
20704 235456
22008 783836
22121 106720
22564 761098
23381 724405
23519 266900
23998 208806
24162 411219
24699 393847
24840 297048
24906 279820
24931 65199
25081 700600
25281 21232
25353 173103
25473 155672
25479 761096
25480 493239
26602 654725
26961 97440
27777 866463
27905 434640
28411 146925
28516 671840
29178 647319
29201 7101
29689 268461
29986 654968
30038 55086
30501 281914
30580 692349
30627 368300
30839 773147
31142 341815
31153 653732
31987 389348
32139 365330
32286 591570
32353 188159
32368 483830
32392 184043
32718 657175
33114 842068
33446 531916
33662 784292
33798 806705
33941 506970
34867 817555
35958 190523
36486 359167
36541 304755
36557 376107
36681 462696
37034 551031
37237 28456
37241 814848
37257 263191
37421 853314
37732 172167
38001 45059
38175 807417
38354 469501
38541 671769
39319 739360
39563 877692
39586 525133
39674 643210
39997 697691
40284 623480
40298 764111
40592 76662
40940 343234
41382 627866
42186 141003
42374 364597
42497 809691
42891 168871
43029 785489
43776 837999
44492 305827
44539 319269
44922 343671
45047 705199
45171 436956
45307 1333
45459 786718
45923 623956
46093 780004
46409 376017
47027 634660
47332 366037
47343 865709
48030 477654
48400 681824
48894 746505
49058 704620
50111 343101
50314 387357
50697 245205
51222 400940
51546 319879
51793 8559
52057 47692
52120 431971
52551 756585
53169 164252
53619 789946
54082 358397
54338 702960
54621 191512
55563 478544
55713 229097
56271 126917
56300 341270
56381 604204
56464 562913
56578 573698
56772 292207
57361 590648
57437 420243
57547 813192
58072 621657
58074 482255
58264 199637
58522 801746
58876 665393
59184 711970
59307 233127
59465 314541
60807 818486
61210 336262
61334 591005
61398 880606
61772 811456
61971 268948
62392 609728
62798 239194
62812 500324
62833 373126
63026 168465
63133 353836
63385 137129
63540 728760
63739 845184
63747 691155
63987 793142
64052 135025
64934 192959
65119 249693
65119 421451
66238 472830
66434 583978
66709 96871
66964 745551
67106 588786
67346 503663
68717 823787
69401 64146
70266 563061
70891 615899
71241 242569
71461 600874
71471 884882
71634 808312
72375 834640
73249 578394
73814 329641
74039 572513
74756 762301
74864 150546
75087 45679
75552 227376
76043 297882
76229 223352
76775 623175
77400 736434
77615 875440
77669 330475
77751 242135
77910 163815
77972 877345
78071 288013
78806 86491
78824 193357
78876 449950
79369 780036
79842 240980
80137 813020
80725 694851
80840 94028
81807 403447
82159 164281
82821 277740
82933 203664
83477 420543
83750 690213
83921 173235
84029 16710
84474 177697
85318 443588
85920 209435
86056 707667
86090 38342
86335 454857
86586 13868
86711 638260
86744 366130
86798 311652
86825 707216
86942 572676
87120 249846
87244 176302
87468 18581
88018 82605
88158 742055
88174 468703
88180 795487
89262 404431
89820 456390
89826 854184
90156 876023
90255 842667
90402 734947
90990 85164
91179 765645
91718 288312
92220 37233
92359 430197
92487 833417
92971 292584
93099 307883
93200 655079
93329 134821
93892 789334
94050 565609
94248 72855
94613 460470
94810 105562
94915 436127
94946 659526
95247 293486
95486 562380
95661 551329
96861 155030
97157 720088
97520 384916
97665 743659
98253 681486
98366 757938
98493 782091
98868 223214
100070 251810
100127 653659
101061 486869
101581 701325
101817 645035
102030 519052
102259 10668
102355 582668
102533 505866
103216 702667
103286 265319
103756 480674
104290 402206
104571 4193
104648 721076
104776 238554
104837 287534
105047 461360
105056 514648
105410 320448
105468 188190
105492 707312
105499 413534
106261 370957
106682 629328
107027 398444
107087 776040
107157 276373
107465 818486
107565 384681
107835 259571
108236 173149
108275 104970
108653 402811
108680 653505
108760 356124
109039 48372
109165 566726
109445 810116
111445 602983
111478 39382
112022 335913
112651 818425
112695 3664
112928 471304
113093 479385
113327 711743
113503 826499
113865 762129
114438 446383
114493 794331
115268 606881
116035 811978
116552 9245
116591 47994
117055 396470
117418 799302
117686 499004
117883 675689
118207 372726
118214 771133
118917 654864
119122 852956
119183 692272
119296 46862
119663 202216
119809 155479
119928 855800
120390 5043
120581 142898
120748 511827
121033 374267
121114 285567
121351 263450
121362 774576
121675 76759
121798 580342
121836 255564
121896 196939
121957 668190
122042 617150
122320 67705
122542 527687
123812 651466
123858 642427
124164 680038
124285 529925
124510 350109
124566 307939
125142 849699
125758 177356
125917 318251
125940 466123
125959 450920
125993 307973
127180 772021
127515 87673
127516 569315
128251 917
129010 445425
129292 83308
129718 134198
130162 55613
130292 35212
130737 599367
130902 882764
132571 407818
132597 84283
132614 543365
133460 120280
134585 677135
134600 792013
134723 857806
134789 508534
135250 188005
135698 128236
135889 486357
135909 388770
135936 31231
135976 236209
136409 617730
136718 645823
137161 531657
137163 178222
137164 813200
137594 56538
137861 678442
138279 268841
138798 617772
138936 434888
139008 170534
139393 379509
139461 632740
139789 392317
140188 197695
140261 706180
140481 727704
140741 386510
141037 45288
141079 722553
141254 774895
141268 43739
141908 852405
142113 166919
142664 733499
142705 97653
142990 758474
143096 577631
143160 205439
143204 391467
143237 409826
143376 825985
143579 327107
143645 450150
143662 24285
143874 558131
143971 739443
144335 772274
145029 461087
145051 527610
145431 120051
146510 37988
146669 562520
146829 60630
147441 412016
148181 664552
148337 380635
148391 234624
148457 159303
148520 479051
149047 601667
149115 609189
149588 103077
149963 778439
149966 272299
150207 794959
150297 231790
150777 1463
150842 303093
150846 507591
150963 835616
151086 182221
151345 75683
151838 296883
152075 488106
152268 282686
152431 497280
152504 854894
152549 572601
152674 445919
152829 796797
153121 769717
153485 371602
153672 354392
153722 876230
153737 697917
153978 156757
155306 277269
156107 327845
156136 58997
156163 153175
156409 48467
156547 137143
156852 819815
157263 554606
157331 568973
157658 761225
158126 618154
158866 259526
160037 232508
160402 601582
161023 8516
161074 644394
161097 471600
161192 672315
161706 165498
161892 3559
161995 828249
162630 26653
162751 440784
162780 858896
162880 248704
163009 245044
163425 348760
163473 886614
163838 845430
163845 469244
164614 742927
164854 143368
165187 778808
165426 726064
165457 463339
166556 435491
166788 638636
167169 74152
167384 262569
167422 594296
167856 357348
168246 592761
168504 802721
168938 766921
169072 611262
169431 132978
169469 331066
169720 827983
169998 571581
170037 170133
170060 543122
170061 174295
170111 147222
170680 885255
170850 626185
170991 521896
171028 304982
171052 517799
171333 224941
171543 597226
171568 574313
171733 764223
171848 602097
171906 581741
172005 53019
172318 36428
172406 140740
172509 123842
172575 700332
172789 365288
173048 615252
173224 635263
173475 776440
173586 130797
174130 595398
174235 653361
174306 61901
174514 401102
174923 514780
175203 560344
175308 573709
175429 331268
175542 866916
175747 776452
176464 586952
176531 626977
176915 261914
177165 887149
177221 298281
177229 209588
177449 264826
177759 637129
177762 808702
177842 851384
179474 146402
179536 751216
179555 301893
179660 655943
180052 228478
180645 691625
180876 288663
181348 663380
181772 751123
182105 883426
182266 725267
182327 208423
182952 452485
183102 673313
183352 534385
184348 680444
184761 690211
184851 43280
186494 332166
186717 195918
186830 158599
186837 622477
187006 582807
187018 840512
187078 771614
187189 348556
187714 170499
187974 109028
188163 539375
188222 349449
188531 460117
189525 432524
190092 654929
190273 189049
190294 690057
190970 340255
190983 256084
191093 376000
191760 56890
191812 440765
191896 679837
192033 656342
192162 360598
192242 806214
192567 364866
193267 573625
193284 715999
193628 575665
193933 345246
194094 521804
194094 690626
194259 333918
194351 788010
194407 564752
194459 714933
194491 60652
194832 121226
194922 569440
195017 552144
195268 413281
195884 856676
196090 596464
196367 288702
196555 36832
196847 243156
197106 620108
197343 802478
197347 95179
197351 890199
197801 473865
198336 121828
199014 145985
199275 386002
199309 877126
199411 231463
199793 638344
199796 485509
200133 767496
200168 612957
200345 829463
200822 432903
200944 215872
201218 854243
201488 787070
201698 692
201820 344055
201871 574545
203698 747775
204895 385941
204914 292962
205007 573680
205057 156681
205117 404528
205635 432353
205681 43215
205899 580870
206762 545982
206875 743359
207480 867017
207566 127055
207820 19149
208002 29018
208357 571095
208508 834592
208514 263527
209307 799766
209608 210548
209646 40339
209965 88991
210599 268625
210700 571853
210723 637415
210740 642659
211175 584446
211302 231720
212428 255871
212684 273097
212791 642662
213411 153867
213719 627133
214386 20386
214764 449834
215336 653571
215595 270238
215616 552440
216299 36534
217527 9450
217793 78304
218664 198804
218716 745037
218751 827966
218914 423609
219362 387331
219680 260452
219973 402673
220308 440408
220340 776005
220986 178968
221060 684931
221278 531274
221336 645736
221340 786638
221456 260758
221529 478140
221893 889761
222208 843468
222768 715579
222832 588700
222860 113052
222938 81195
223189 75020
223495 676045
223878 614676
223896 855903
224037 386781
224266 303559
224474 44052
224538 623842
224593 248673
224751 310307
224855 869258
225236 546278
225657 298184
226000 737264
226354 196029
226426 182412
226440 822010
226587 625587
227796 620839
228139 680216
228203 55862
228832 827123
229047 758991
229201 481344
229278 557132
229545 447947
229574 365339
229670 126898
229809 257492
229859 693367
229961 723184
230259 774757
230674 884190
230956 878370
231155 246417
231293 555852
231475 165023
231480 873673
232515 572652
232556 640434
232744 772309
232776 240309
232893 262417
232953 866254
233723 304563
234063 770231
234246 158591
234838 678656
234948 683654
235715 170500
235826 32496
235911 85565
235954 563357
236245 312316
236345 358628
236374 433155
236673 640525
237101 58721
237407 265334
238442 111309
238459 517208
238993 546512
239119 26128
239264 144459
239679 62018
239739 159987
240321 634506
240954 754304
241515 442760
241750 488891
242411 372525
242419 450095
242475 289689
242741 700466
243118 549576
243489 143291
244206 838406
244297 433991
244518 764944
244646 42655
244786 440524
245046 744371
245175 310396
245394 81969
245506 667297
245577 139181
246730 829160
246788 107074
247242 880806
247255 342943
248079 847413
248114 154793
248227 261620
248465 338492
248720 844523
248945 298704
249141 206546
249331 449490
249712 593226
249853 147473
250053 537863
250148 260127
250610 817387
250876 105313
250919 656275
251496 649078
252325 410709
252415 194996
252873 871646
252889 178224
252909 118395
253132 391301
253294 390069
253616 623291
253683 504039
254310 153384
254433 18792
257175 600497
257830 115116
257977 72911
258905 224317
259376 699375
260163 89329
260675 556293
261277 259882
261341 277973
261406 362132
261428 587460
262090 762586
262389 131295
262679 160765
262878 516754
262968 857165
263546 398681
263983 63971
264018 401067
264129 118441
264320 385037
264667 398831
264942 163676
265696 291232
265799 172568
266294 217227
266636 604960
267666 91872
267818 686300
267842 151969
267994 669395
268059 137459
268124 162049
269700 88277
269716 243227
269836 579947
269850 339664
269959 582729
269995 790349
270036 295944
270136 594917
270673 11733
270745 379058
270992 386671
271449 533593
271488 407969
272234 595781
273238 15439
273554 663728
273615 487164
273771 611163
273798 364784
273801 199446
274711 729196
274984 411324
275128 167777
276062 74615
276093 746047
276576 551028
276843 678074
277266 535463
277328 793439
277372 92200
277478 744179
277536 238709
277668 796051
277689 810836
277873 252101
278123 38663
278611 761485
278629 291361
278934 485732
279253 447194
279465 345688
279661 124450
279796 176988
280249 418825
280758 15839
280890 718345
281365 782734
281563 811153
281686 94314
281841 662248
281920 213652
282042 777364
282204 339615
282399 536783
283507 601725
283688 500174
283859 161461
284244 439512
284403 196558
284911 44896
284981 843912
284988 863371
285171 736315
285376 877673
285639 116001
285964 664474
286118 387497
286161 47021
286198 778107
286208 253268
286333 206576
287340 421563
287456 428033
287923 102877
288193 472250
289120 547963
289474 36068
289573 410022
290003 170694
290067 212890
290508 845191
290918 11136
291403 232183
291663 545379
292153 323411
293417 329694
293544 800836
293573 13928
293586 500048
293647 575771
294493 146618
294751 665042
294754 892956
294829 82152
295054 508574
296042 249924
296043 624125
296612 750724
296630 321149
296741 10073
297591 101113
297717 802553
297732 611202
298082 102067
298248 94596
298283 708094
298297 483687
298531 282937
298641 481123
298646 76205
299435 101042
299541 754340
299702 246279
300028 502401
300107 873390
300718 101395
300838 827548
300930 542607
301351 223158
301603 169342
301668 163611
301759 212470
301826 319808
302740 745344
302820 503203
302900 354710
302964 517771
302969 885734
303255 352820
304211 878851
304346 875113
304888 68740
305161 23079
305185 358430
305707 59571
305718 180311
305993 177070
306833 77575
306931 314346
307143 798086
307425 85534
307546 33486
307817 113492
308398 650476
308792 546035
310748 76145
311247 409232
311413 121473
311449 115544
311556 435440
311593 403811
312150 817485
312288 640368
312945 849056
313295 508113
313317 736295
313396 723354
313862 371995
313937 873958
314095 20557
314097 168889
314217 90674
314479 427923
315068 447072
315267 357541
315636 296046
315984 717129
316060 267463
316199 507336
316469 173342
316623 772043
316655 217207
316859 884230
317199 482473
317684 246195
317783 593752
318136 222389
318164 209286
318418 824241
318679 561711
318836 752304
318977 326698
319053 437116
319322 534783
319473 164629
320162 377922
320166 153594
320282 545425
320454 842427
320754 173353
320768 785093
320817 295850
321474 574039
322369 210466
322869 710478
323003 816697
323090 726278
323273 150138
323563 340308
323654 633427
323788 726410
324045 531860
324676 259881
324785 671288
324811 276028
324869 171895
324934 266050
325211 849826
325661 45607
325687 844072
325806 30400
325938 634744
326023 66376
326571 351092
327228 63864
327410 691494
328397 360489
328737 210410
328754 262066
328885 300832
329063 214532
329312 90275
329682 757771
329975 655048
330322 339595
330415 54551
331315 414761
331572 542996
331747 43664
331798 367069
331868 450820
331891 409131
332586 617326
333437 808916
333681 51813
334008 405000
334223 110169
335544 466102
335828 77421
335856 299398
335894 712375
336918 336706
337171 11055
337256 507826
337309 724416
337893 406296
338128 545562
339005 776189
339061 525348
339381 705559
339441 676788
339956 69622
339982 704044
339991 617826
340194 105934
340394 679389
340983 806735
341089 337722
341530 769423
341993 531943
342495 413373
342961 649680
343063 299920
343200 443584
343342 306045
343414 264960
343838 13614
343954 720
343960 875961
344298 279310
344342 218917
344723 822304
344829 593335
344977 851086
345021 516586
345708 295267
346865 558119
346934 620951
347320 225377
347526 695417
347685 46153
347685 865894
347925 493346
347982 150254
348524 504650
348944 707822
350840 494333
351012 311871
351075 710004
351294 632121
351327 374501
351543 707606
351738 494904
352014 190592
352142 456263
352631 695564
352718 802388
353006 649588
353119 773960
353692 562661
353714 72695
354234 836544
354613 740379
354646 6422
354726 88682
354908 723879
354931 596694
355006 137995
355361 138868
355374 633594
355479 284510
355600 71041
356235 857208
356304 611501
356637 177557
356737 822927
356867 578345
357258 511115
357316 174374
357560 643635
357777 268543
357815 22329
357837 18619
358146 35025
358241 529054
358706 790838
358767 202758
358954 144692
359114 287005
359139 585160
359253 661180
359543 762738
359889 796156
359915 772761
360587 369853
360612 266489
361054 764996
361225 345380
361329 784407
362907 34106
363223 855452
363246 278549
363449 777879
363524 761445
363895 825014
363923 92414
363949 13129
363961 39586
364011 298615
364365 573155
364534 806925
365125 115344
365476 771555
365585 533275
365878 870804
366031 447569
366047 570448
366139 658757
366238 733669
366560 75348
366717 713893
367039 434275
367270 450184
367287 679925
367642 779100
367725 836002
367820 722807
367858 651588
368498 370058
368639 345686
368817 315805
368905 240643
369030 51759
369032 809537
369262 385146
369467 8639
369958 184980
370177 419891
370283 746774
371800 840760
372174 50542
372273 571032
372437 832824
372648 278140
372882 231314
372994 468238
373032 797673
373398 842792
373448 314670
373561 80047
373610 269189
374822 369500
375338 656221
375453 497629
375506 595967
376585 487103
376819 165059
377256 613839
377378 738151
377866 817176
378078 522506
378276 392184
379429 434272
380131 862786
380703 33567
381138 745545
381151 188459
381187 309457
381452 221131
381925 78577
382094 576839
382403 45087
382693 432214
382799 856484
383119 612355
383228 275656
383271 263042
383539 710318
383718 376316
383718 617286
384116 719675
384135 742622
384211 155421
384216 247011
384678 18220
384717 96316
384972 794567
385552 16991
385751 262850
385899 240614
386048 722137
386190 809547
386475 183945
387103 256525
387543 252268
388061 663472
389019 81807
389073 715819
389237 79340
389405 486280
389738 590296
389745 415605
389868 491456
389901 808298
389937 198692
390172 482509
390272 869949
390955 718876
391177 520163
391268 591227
391301 40957
391551 707386
391661 686407
392126 87842
392468 750869
392581 728470
392642 560714
393155 354961
393389 709899
394065 421870
394456 701504
394877 842271
394975 803415
395057 464411
395335 527803
395619 254957
395801 490608
395972 158814
396059 236689
396071 456328
396271 528670
396527 845861
397553 55896
398064 501164
398351 736671
398375 174426
398423 197724
398712 528688
398868 163087
398904 261317
398924 394275
399410 817115
399786 521597
400235 137095
400875 375333
400997 749352
401091 723958
401185 633230
401307 365482
401450 334249
401891 477958
402044 272499
402128 165666
402358 210317
403240 122711
403270 504430
403292 889902
403683 558603
404442 85822
404611 791459
404825 558270
404835 353951
405640 643021
405764 497385
406163 332791
406323 396539
406690 472175
407142 886458
407299 74688
407466 299860
407572 380501
407734 128947
407775 710693
408162 841384
408289 817585
408375 535958
408411 104808
408836 877857
409042 292386
409182 238282
409361 197714
409368 736078
409598 735144
411312 541054
411443 749499
411531 798926
411898 38052
412392 789011
412399 475998
412400 326947
412959 766547
413162 459157
413948 620179
414600 326722
414749 880465
415149 353476
415355 327884
415476 323866
415784 631830
415833 365185
415969 101178
416437 563420
417094 108835
417549 838299
417713 516312
418538 574047
418548 411877
418764 880882
418911 144352
419741 134270
420442 577642
420452 446449
420654 38428
420680 385774
420947 337468
421035 628425
421386 22655
421386 388257
421804 649901
422423 127181
423387 258809
423661 247822
423867 870929
424115 696840
424604 75018
425777 738747
425854 143033
425979 33914
426052 279312
426575 379744
426742 628777
427001 282802
427291 575937
427742 459263
427978 740700
428144 657609
428414 386160
429642 168714
430169 140444
432054 607146
432069 474841
432410 135260
432655 42176
432689 74196
432773 337349
432801 352655
433022 853476
433618 218271
433909 133723
433919 52318
433934 694689
434114 790669
434257 509515
434341 408223
434427 354437
434527 694939
434600 761561
435060 363347
436097 335689
436109 701899
436478 366926
436590 261441
436590 545127
436925 497149
437310 237763
437388 453744
437727 429420
437855 524909
437928 893185
438162 695841
438352 340920
438588 144067
439162 704532
439506 693171
439857 114206
440266 849598
440878 274765
440959 791779
441080 889
441882 365146
442221 834922
442390 580856
442395 538066
442603 852366
443444 882953
443485 479829
443841 32477
444559 25059
445159 344121
445261 803744
445301 287281
445538 807104
445802 524225
446093 839886
446603 79727
446662 128785
446681 193101
446689 558708
446836 124637
446871 60915
447040 789359
447045 34213
447053 730701
447124 646104
447140 843037
447296 550394
447312 147618
447713 342586
448127 450447
448444 588606
448848 531221
449084 366376
449823 201887
449879 761071
451224 440271
452680 461575
452702 753740
452717 583193
452741 195530
452893 884902
453315 161400
453645 111608
453958 159029
453967 262040
454740 708075
454898 358160
455354 164545
455389 529957
455415 436020
455738 494780
456029 768280
456049 775400
456542 633600
456739 5419
457436 417362
457610 887367
457831 598091
458541 603642
459303 702545
459601 231166
459718 611041
459750 496099
460049 357709
460877 277025
461070 150469
461131 580657
461310 12793
461764 22748
461997 873571
462281 873106
462393 847162
462688 368043
463054 475494
463059 271984
463532 313889
463842 525569
463855 655824
464070 193014
464119 523363
464212 633966
464246 340298
464347 289668
465254 586817
465339 879833
466366 161240
466633 1087
466661 553826
466744 817597
467213 369755
467772 400247
468296 126666
468327 787880
468689 325409
468768 850455
469151 180176
469316 346521
469554 262820
470366 510310
470483 763101
470491 407865
470702 160282
471024 121533
471168 784622
472215 831666
472507 349150
472693 660867
472958 315746
473366 778903
473498 374741
473695 859455
473853 386527
473937 27264
473945 640897
474267 53604
475011 123908
475394 299332
476047 51931
476070 792067
476418 769016
476595 790394
476785 151126
477427 769724
478089 387263
478090 516634
478921 843801
478951 756795
478981 254560
479125 506980
479539 457774
479599 707834
479745 173080
479822 170068
479867 742063
480022 327834
480235 130535
480850 101475
481349 461015
481398 548520
481519 416649
482501 202667
482571 431417
482599 139371
483294 109134
483296 347602
483524 241762
483591 608989
483982 297919
484581 160232
485016 485625
485210 573144
485465 384114
485774 736702
486109 306494
486307 264104
486831 823121
486892 770501
487496 619383
487504 233747
487552 592168
487654 701232
487717 761777
487985 761331
488595 38872
488708 51791
488975 615325
489019 726266
489208 46040
489210 739042
489324 581146
489844 690947
489862 279462
490030 163776
490691 344762
490706 833979
490820 504107
491995 685337
491996 782022
493052 437095
493525 606849
493768 415110
493815 887154
494071 521476
494296 208563
494923 248547
494981 177545
495013 640022
495041 684681
495369 851887
495388 30011
495676 470579
495867 722981
495880 838325
496171 702346
496467 497078
496569 45724
496645 89473
497360 226785
497757 643831
497918 360032
498377 400059
498484 242591
499040 465406
499560 182248
499669 277648
499956 444746
500022 202429
500022 465906
500128 578446
500207 297875
500475 213417
500630 324421
501373 157502
501396 252254
501656 775359
501801 620888
501848 490648
502358 560566
502719 722679
503580 326983
504285 839098
504630 357980
504902 794915
505377 159506
505593 831676
506084 305974
506189 279474
506370 731405
506522 448864
506564 721260
506736 405937
507053 341991
507137 116033
507208 330906
507686 92846
507903 294738
508463 328591
509127 837143
509166 201335
509538 263180
509937 765008
510246 542659
510338 415572
510340 591303
510358 399669
510390 479682
510682 394820
510810 331968
510890 683955
511240 746881
511565 604511
511613 443147
512227 758774
512727 331985
513207 339524
513461 319852
513809 94253
513840 503788
514048 728938
514615 195490
514650 160617
514976 843858
515218 136516
515374 186264
515461 44889
516565 414613
516807 818766
516969 668391
517293 17076
517306 442247
517401 400089
517413 277227
517453 641145
517547 147822
517968 495628
518176 746016
518291 609637
519005 445512
519126 332808
519255 228186
519452 861495
519570 297130
519655 825382
520072 117529
520277 50119
520311 293389
520369 687126
520504 238270
520601 815850
520892 645906
521152 434544
521517 117594
521974 259618
522307 615632
523032 648358
523626 136855
524199 594736
525201 32331
525654 197128
526311 106646
526505 682208
526857 851402
526862 194176
527048 571801
527326 401893
527422 489233
527428 662331
527999 592181
528665 58660
528679 469989
529012 487649
529131 604875
529187 850553
529852 295319
530059 496679
530979 341477
531347 620700
531417 14273
531785 428765
532162 715959
533313 406174
533315 615297
533365 506634
533516 406432
533550 185447
534015 478310
534032 874351
534547 583750
534614 443827
534677 337390
534916 325402
535281 465877
535502 459686
535616 733275
536671 16712
536730 838859
536758 467739
536942 631293
537013 591386
537194 839746
537239 512805
537244 522115
537803 409168
538405 470957
538465 560096
538657 633049
540000 836245
540342 641082
540793 765132
540819 687343
540857 263831
541218 632248
541293 257091
541854 296483
541904 175070
542047 805998
542048 290867
542276 24679
542706 118606
543208 796470
543419 376964
544302 431722
544485 596324
544641 237918
544858 777553
544947 240627
544985 65166
545128 449103
545209 94313
545668 722643
545805 439986
546633 224862
546749 733451
547355 796173
547520 517921
547609 123372
547611 392021
548223 498624
548907 47172
549314 136099
549465 790857
549601 605960
550336 369866
550978 181493
551434 830551
551744 65252
551779 373259
551828 592910
552069 499384
552933 828705
553029 227612
553183 683967
553226 88142
553305 325020
553699 547501
553738 834190
553948 298688
554415 45777
554671 752460
555277 820368
555445 269767
555951 867748
556031 782959
556122 810383
556250 239944
556543 183986
556984 288562
557211 145375
557400 201537
557617 114477
559223 334229
559742 818591
559752 197373
560247 305870
560355 98101
560425 721051
560744 506002
560856 168924
560915 56669
561018 368556
562049 160592
562055 395066
562822 193138
562946 526674
563201 427897
563352 511234
563414 632233
563715 848864
564184 391694
564474 336985
564715 623042
565329 79008
565507 95121
565856 302885
566207 794403
566555 244020
566605 481508
566910 228354
567101 181462
567337 823178
568299 177888
568489 104561
569077 369193
569368 573799
570062 637177
570290 287
570875 264063
570950 45076
571228 413814
571825 160098
571855 517819
572360 128458
572561 311382
572877 189233
573206 291311
573230 863087
573753 713612
573798 610117
574022 425491
574399 405158
574556 1747
574948 659326
575143 243918
575367 240384
575443 288635
575760 251019
576360 667996
576370 235383
576599 433912
576944 797944
577229 96000
577886 440774
578286 806095
578507 107040
578514 493493
578617 120229
578671 87772
578675 247558
579004 707783
579096 32159
579984 664304
580163 664179
580420 641233
580779 486139
581069 167960
581179 492944
581280 163502
581652 18925
581767 355992
582014 165740
582025 874710
582997 740246
583388 870481
583414 806607
583767 836481
583857 787703
583942 173926
583971 642938
583987 4447
584062 597291
584139 129465
584323 159318
584410 176567
584438 803969
584481 540126
585040 291244
585144 114256
585248 443347
585356 71356
585709 262842
585770 227488
585828 624436
586170 43942
586535 62936
586592 227471
587162 850333
587235 291052
587490 869201
587749 866077
587894 862462
588203 381284
588899 154530
589327 518781
589592 150485
589652 521205
589671 307918
590116 198325
590483 554824
590511 520081
590980 189809
591532 401757
591553 37309
592137 518333
592300 106048
592402 51020
592428 281316
592479 332022
592786 52953
592890 166811
593384 760734
594287 483807
594342 468107
595493 376595
595559 539412
596223 554378
596391 515004
596830 357665
596920 403306
597295 844592
597770 19939
598512 456968
598860 826671
599402 397547
599426 716476
599537 155416
600858 54139
600864 192235
601664 676663
602086 695965
602339 804062
602342 20513
602403 326187
602460 788674
602521 346500
602579 42939
603180 192969
603647 291014
604277 278044
604857 806914
605110 649954
605171 148405
605316 255645
605947 700530
606030 114670
606210 764717
606658 10045
606717 279904
607035 807407
607451 635302
607803 438944
607989 563050
608299 523599
608393 671077
609085 544307
609161 697672
609727 239542
609998 88598
610145 853042
610589 204766
610735 645002
611777 545585
612343 687513
613619 40769
613880 583772
614009 797944
614226 656598
614610 127423
614633 598468
614655 680415
614799 600257
615002 802565
615097 584761
615411 190798
615576 513785
616102 876093
616304 617850
616342 862970
616485 621897
617173 715273
617270 181022
617390 737133
617851 732530
618040 351518
618204 22945
618988 648965
619066 133282
619153 195325
619224 167497
619276 881510
619363 249528
619649 709636
620005 553524
620154 264343
620234 516932
620522 745721
622098 172762
622136 478819
622246 290459
622698 670341
623061 302743
623087 378117
623364 754161
623467 358729
623860 546276
623865 540311
623984 368787
624048 817458
624095 278585
624216 367163
624614 698124
624744 551162
624848 90792
625006 480629
625277 693487
625575 175966
625929 469790
626365 257912
626485 861941
627233 393106
627316 540909
627534 297934
627644 482394
628348 239030
628369 349902
628479 607507
628825 607405
629058 670885
629985 12279
630388 222827
630444 297927
630581 852921
631013 480761
631764 596366
631878 578984
632081 8907
632463 530686
632484 393740
632886 795332
633164 43931
633746 668731
633802 432157
634032 379568
634275 797434
634282 532288
634360 341990
634986 417455
635230 312006
635402 574064
635562 105383
635592 315760
635704 144382
635819 862999
636530 32506
636858 706826
637163 53367
637211 847182
637500 41512
637677 300524
637831 681279
638152 787842
638525 124443
638770 283239
638848 66359
639114 131827
640041 454850
640305 324218
640504 284531
641566 18976
641953 412427
642438 64191
642678 491253
642836 355952
643204 527933
643436 560917
643919 242016
644556 816407
644638 315320
644659 91469
644807 860849
644812 602669
644893 578868
644965 457911
645158 829677
645342 835649
646191 842242
646281 38828
646527 103690
646591 208110
646792 851012
646801 778826
646991 531835
647152 653385
647183 17286
647325 253398
647441 63069
647566 239667
647588 471083
647799 660985
647894 337191
648034 388919
648079 688759
648325 659800
649036 384822
650161 648912
650692 218202
650818 280967
650860 48754
650883 685747
651049 231270
651196 559655
651201 353763
651390 651836
651538 207171
651710 499547
651943 18175
652500 469150
652675 620964
652843 193227
652952 356604
653345 873996
653618 633525
653904 813130
653939 336785
654268 311740
654863 586869
655126 196719
655191 50885
655279 740107
655451 576773
655605 851876
656178 245699
656212 822490
656230 314064
656630 134488
657042 860593
657312 304329
657581 46683
657656 62442
658445 756343
658914 684182
659366 104522
659395 329689
659414 681574
659623 787382
660360 146567
660782 266689
660783 164474
660858 74122
661327 602893
661552 817451
661734 496973
662827 527182
663007 791873
663038 753853
663189 324178
663557 579190
663898 173650
664000 793437
664336 592616
664523 336244
664985 850350
664991 859268
665576 680495
665799 319729
666514 133377
666560 112004
666717 867479
666744 195736
666908 416724
668108 877686
668301 181230
668475 63652
668583 175641
669007 241243
670081 840173
670143 12668
670360 834175
670431 85940
670969 39806
671269 788050
671381 224271
671404 798337
671598 616312
671777 292448
671931 571329
672126 849522
672548 839012
