92509 110729 508 499
478 110232
633 57497
930 58566
1324 3087
2139 89852
2180 107455
2421 30971
3219 12766
3342 83144
3392 107363
3831 8781
3935 2001
4443 96376
4605 107311
4777 35466
4836 79054
5131 80153
5211 88212
5334 16636
5419 32400
5475 97413
5582 27864
5635 44046
5690 98484
5978 94634
5998 79461
6053 61248
6101 55161
6344 31430
6393 76777
6585 102880
6593 106481
6666 105026
7024 101238
8075 85191
8094 95523
8320 19918
8370 3087
8416 23333
9098 56899
9196 59636
9838 5436
9853 57452
10326 110015
10367 48024
10512 13296
10772 7106
10783 97291
10856 1638
11164 34509
11482 110482
11593 51828
11869 63753
11936 20839
12083 91598
12312 74214
12405 103307
12461 20083
12549 50393
12605 21059
13108 76304
13252 5668
13557 17936
13754 75380
13848 105391
14008 101899
14393 60947
14434 1658
14574 33210
15149 99619
15202 15884
15560 105400
15742 25789
15782 61466
16414 103927
16451 92024
16558 23908
16843 67543
16848 105953
16955 58487
17081 101220
17266 17076
17272 83805
17312 89739
17459 47265
17556 101399
17627 53625
17800 22196
17815 91847
18171 109317
18190 110291
18475 38220
18740 18160
18944 101665
18986 13500
19634 110286
19656 17230
19776 44058
19848 1394
20062 51511
20078 3730
20212 8854
20747 50031
20993 75229
21158 66079
22161 67026
22196 89806
22203 67393
22248 55609
22385 3850
22441 55128
22554 8595
22573 13898
22690 31311
22757 85279
22796 68278
22861 48160
23534 77176
23578 16815
23580 38849
24046 65177
24186 35689
24430 69988
24548 80414
24584 39577
24712 81950
24809 44613
25324 21414
25342 51039
25342 53785
25483 86261
25736 11479
26417 22321
26604 83885
26626 107427
26641 54905
26812 14602
26815 97161
26956 97153
26978 11235
27075 80743
27207 108275
27328 81188
27362 60392
27565 39902
27844 42039
27916 16487
28228 77668
28246 44767
28473 57723
28499 29922
28822 50102
28933 81780
28963 34819
29050 105802
29069 21559
29211 62659
29342 53553
29460 72529
29525 33364
29650 27904
29667 13552
29724 5602
29758 79101
30145 58015
30205 38472
30488 8616
30587 44473
30587 48818
30928 104569
31023 84617
31091 34068
31127 30615
31130 38382
31318 103962
32120 52938
32207 41085
32212 38901
32677 86435
32697 71077
32714 95780
33122 21542
33389 103501
33866 22835
33891 30283
33910 11443
34069 77218
34183 9973
34322 65061
34445 104565
34720 105963
34932 70574
35085 17603
35582 86570
35587 47039
35725 63743
35792 26943
35839 5162
36018 45351
36174 40558
36424 47109
36712 13942
36751 54469
36796 53036
36943 94790
37023 4488
37345 52553
37621 105730
39241 63079
39274 96445
39289 6022
39301 38078
39555 98953
39612 103215
40487 99426
40515 20925
40954 42185
41044 68054
41119 85618
41479 85248
41783 34318
41942 23330
41953 45400
42196 87680
42230 68402
42379 102728
42771 81577
42796 104556
42826 29502
42974 31992
42996 98312
43355 60282
43671 80390
43776 83564
44061 11207
44558 85877
44678 81541
44706 70565
44738 74157
44763 60193
44936 82368
45007 74965
45193 40095
45327 9844
45366 415
45497 22861
45539 46239
45940 38227
45957 90894
46021 92899
46076 86494
46086 89376
46399 78243
46425 105969
46704 35011
46948 17981
47045 5
47091 26947
47188 66025
47743 80910
47913 23856
48028 108420
48067 50659
48134 52539
48304 30780
48494 37880
48599 45411
48840 60090
49098 2067
49157 28333
49254 68167
49254 104786
49607 30595
49808 32391
50127 25923
50382 23904
50749 60681
50897 35687
51129 3896
51221 102172
51522 76751
51569 31366
51768 15385
52310 100919
52710 11542
53008 74532
53148 102105
53379 75768
53698 61875
53717 24252
53796 71013
53798 96547
53849 9374
54051 75456
54104 72767
54196 86783
54388 26586
54576 108019
54796 92210
54807 9119
55118 101043
55165 64274
55401 74029
55412 17770
55682 51904
56062 63842
56153 106297
56267 35649
56289 69851
56562 104017
56581 74084
56727 96401
56829 23273
57018 64076
57133 8292
57193 86116
57283 97413
57635 35892
57903 55862
57961 59155
58401 8347
58467 49099
58697 16691
59467 102640
59502 4361
59577 108208
59623 93620
59675 54510
59940 26595
59945 16565
60191 43952
60322 12039
60388 16300
60525 39989
60784 44526
60963 37223
61143 73997
61151 56266
61315 41064
61429 14671
61446 106153
61575 31468
61667 78802
61739 53287
61995 11634
62371 91556
62415 92663
62449 100593
63008 61964
63110 33494
63414 10541
63581 109335
63845 55263
64083 52655
64422 98023
64529 29805
64720 42826
64868 23316
64990 63690
65008 18058
65089 48042
65155 35000
65326 104226
65394 16306
65513 62933
65554 31692
65594 72697
65952 63842
66069 54130
66090 107151
66150 71000
66167 30826
66642 91649
66781 32997
66908 105247
66910 45860
66910 77035
67293 59592
67559 101186
67622 71574
67853 107823
67859 63382
68125 70644
68457 52234
68823 24101
69233 96532
69303 7900
69309 92454
69520 94199
69581 99627
70063 43705
70080 52578
70202 57168
70297 10290
70385 66705
70502 3389
70717 97500
70772 17363
71191 33458
71374 7278
71388 16018
71753 103615
71768 29588
71852 79041
71992 89893
72107 38481
72195 32482
72382 6465
72575 15553
72587 100625
72868 29887
73065 67261
73065 98103
73089 32682
73163 42094
73333 106990
73953 25381
73956 47157
74089 22202
74320 9860
74371 76076
74626 42443
74645 46330
74679 73174
74951 49369
75258 53491
75297 56611
75422 36733
75445 102134
75788 104033
76047 4726
76165 9520
76397 43641
76472 8674
77082 27615
77110 98679
77193 72836
77278 109492
77411 42163
77748 58778
78888 108327
79050 68126
79522 69892
79592 80250
79688 8545
79873 107167
80474 64246
80638 81941
80990 3355
81113 97162
81559 77690
82026 29085
82093 14477
82346 47167
83218 23190
83260 83974
83869 17716
83890 570
83939 33398
84625 81411
84906 45448
84958 33712
85024 100040
85296 90685
85600 62780
85827 106042
85925 18787
86196 98732
86197 32026
86197 46264
86224 38049
86307 13289
86382 27769
86599 44529
86742 41221
86773 9133
86992 84078
87081 25586
87211 1568
87439 70676
87448 110435
87474 65163
87506 15053
87543 45983
87570 59811
87828 107042
88110 24969
88462 6870
88539 27423
88634 32334
88681 38347
88784 24982
89310 27442
89351 79505
89632 93128
89675 71199
90000 72152
90242 42290
90414 57375
90657 87668
90853 77602
90887 18129
91161 36430
91515 102066
91696 101047
91750 13847
91831 84040
92416 21761
503 91358
533 92656
654 96354
685 14033
849 20227
850 74650
945 99445
1082 70516
1331 103287
1611 19050
1723 68194
1971 68907
2019 12330
2084 93064
2106 69682
2615 29551
3380 50869
3408 62200
3531 15642
3541 50809
3561 38006
3929 62020
4290 24875
4318 104007
4372 27574
4641 42900
4752 60099
4841 92476
4891 3021
5399 78211
5854 94118
6510 59348
6514 12076
6773 99598
6985 20901
7538 81732
8065 68674
8634 86221
8670 96703
8683 103259
8695 65841
8711 99845
8955 18026
9278 76712
9642 49488
9824 49069
9919 6334
10134 55055
10260 92251
10340 104190
10666 50814
11115 37429
11115 64885
11172 59277
11388 80051
11884 96346
11902 19634
12256 36830
12276 58082
12410 48265
12470 46300
12574 100197
12707 34109
13085 45365
13167 95075
13216 97304
13922 22097
13990 87426
14370 8345
14434 76878
14556 108682
15020 70552
15334 54966
15439 29788
15443 22428
15586 48987
15992 58416
16127 62799
16247 59646
16304 63699
16417 25294
16852 78510
17638 88588
17671 110339
17989 31700
17998 37557
18146 38457
18322 31061
18326 77238
18328 21802
18353 67902
18661 67054
18921 32413
18925 108184
18966 5806
19030 53467
19199 87107
19487 18765
20019 64193
20180 81675
20552 53898
20767 54112
21571 101897
21680 37244
21982 102453
22140 35673
22165 41217
22548 79034
22925 56940
23013 57238
23036 28510
23313 79876
23562 64036
23636 95400
24016 73228
24029 98345
24202 6083
24268 29195
24340 36904
24382 21121
24482 27352
24725 85197
24803 33625
24826 41052
24986 38560
25319 91542
25398 70081
25479 61458
25808 42327
26005 91713
26252 40857
26486 94560
26828 2873
26953 26610
27046 5958
27395 47685
27445 73744
27462 37681
27467 86909
27663 26267
27749 51919
27778 17967
28426 13305
28459 108101
28670 48463
28715 55656
28784 7883
28950 91553
29040 62526
29117 95246
29196 10852
29385 30514
29442 106698
29544 80875
29676 107376
30008 4086
30267 74236
30332 98162
30344 43195
30659 86761
30701 89569
31051 45534
31212 30511
31303 69703
31386 92366
31806 24790
32014 51588
32128 12864
32133 73475
32244 8176
32297 86077
33032 90717
33059 34259
33241 63347
33458 31920
33613 77542
33936 24985
34332 89507
34429 71367
34475 61705
34681 18761
34997 107027
35332 91451
35413 31046
35813 7596
35988 31128
35992 93065
36292 47146
36329 83396
36492 72825
36547 54407
36624 67317
36725 45472
36862 76901
36977 55722
36991 21004
37413 83209
37605 28466
37699 102181
37798 94970
37990 39593
38120 78055
38173 42777
38183 104456
38471 22140
38775 33127
38884 57805
39157 46482
39221 1454
39279 38003
39633 86876
39758 5153
39929 82337
39966 50171
40373 19860
40379 72720
40836 106484
40970 105518
41052 69987
41126 93296
41206 24603
41373 85362
41426 8514
41471 33116
41499 71359
41747 85701
42031 93034
42220 110130
42447 53102
42630 9811
42976 57536
43045 33186
43263 93884
43277 35002
43439 45798
44316 51943
44575 92109
44685 34472
44763 98974
44797 86970
45254 81020
45258 54824
45403 28126
45524 8952
45668 97027
45854 32995
45999 12787
46636 74773
46648 8093
46765 110264
46797 30778
46972 106239
47359 24284
47469 97257
47592 92376
47708 101946
47749 76043
47984 78098
48526 35307
48546 30173
48708 30494
48836 99343
48982 56231
49215 55286
49215 70144
49309 91050
49403 36308
49551 33761
49804 83526
49885 100731
49891 21185
50266 99366
50513 62335
50818 61233
50983 35180
50991 17965
51010 53205
51078 88016
51154 75320
51169 43101
51277 100761
51319 42613
51416 61490
51466 38923
51568 15102
51825 10784
51860 10315
52028 89362
52342 53851
52501 13752
52501 15960
53035 89175
53036 71563
53243 89252
53431 25562
53509 87283
53552 65427
53583 83494
53613 47940
53711 8954
53734 87228
53791 441
53980 47514
54240 20556
54380 100412
54571 3460
54637 75667
54730 91392
54885 83039
55950 43083
56069 344
56284 65691
56345 2241
56434 29202
56440 34557
56708 40938
57103 5141
57208 41356
57341 54202
57692 70067
57722 59808
57954 107412
58788 56599
59010 1772
59065 39337
59241 71494
59459 96858
59887 92091
60099 88405
60224 85511
60431 11206
60441 94840
61181 85078
61277 75933
61319 40538
61874 3465
62048 17799
62138 66630
62267 27121
62559 78839
62642 105690
62663 58289
62695 4171
62950 110655
63293 9904
63412 88508
63745 102270
63781 62305
63786 57341
63791 28392
63905 109401
64002 68589
64757 8173
65274 17339
65411 58932
65733 11517
65834 95746
65938 57799
66019 7173
66078 69286
66122 12144
66549 5117
66910 1153
66946 20272
67149 6127
67213 87920
67361 39057
67405 31087
67805 19090
68227 8225
68442 26678
68569 74359
68816 81410
69275 10702
69449 80653
69655 71861
69752 23515
69813 11998
69900 99543
70069 56867
70079 44096
70113 47893
70210 62725
70509 83300
70674 107480
70902 57889
71162 89702
71697 45814
71752 79401
71759 71028
72274 43179
72341 11093
72353 98234
72445 25686
72792 61522
72950 109427
73010 79090
73240 80520
73458 93681
73493 26906
73525 3032
73689 107280
73705 88833
73808 98971
73827 31555
74180 96399
74242 57210
74399 81307
75220 64532
75503 66023
75570 11137
75729 105255
76021 71606
76456 48657
76571 68649
76696 107816
76725 51614
76822 98880
77824 104085
78259 26628
78317 27623
78323 110260
78364 107108
78393 4662
78452 48553
78796 5479
78890 101780
79592 48352
79721 94356
80170 21661
80461 72067
80502 84068
80517 9891
80527 74369
80566 36835
80888 74496
80904 55898
81032 4490
81099 54931
81233 20671
81882 70773
82055 7596
82100 68670
82195 63187
82197 84179
82251 77615
82647 63753
83042 93499
83069 12794
83278 61327
83343 107018
83551 106216
83553 62137
83655 38400
83825 63503
83837 2268
83954 79137
84172 16854
84501 20936
84609 7335
84692 63778
84863 49826
84939 6843
84980 74989
85567 21216
85760 83420
85908 19709
85984 78428
86464 7098
86562 100260
86689 5448
86740 36517
86755 52283
87027 30699
87221 58365
87565 97993
88134 105234
88286 56103
88384 87386
88661 12068
88672 9103
88727 87703
89154 40128
89508 82857
89513 28091
89629 27877
89813 82784
90133 81380
90409 75474
90449 110116
90540 75448
90668 85685
90680 72397
90760 24366
91059 87373
91063 93947
91186 104719
91389 4683
91506 55375
