3025 6945 4710 4734
1 3176
2 3865
3 3286
3 6301
4 2010
4 3236
5 6107
6 4378
7 467
7 1891
9 2190
9 5163
9 6917
10 2379
10 4747
10 5669
10 6901
11 261
11 4454
11 4979
11 5529
11 6696
12 3767
13 3515
14 897
14 2657
15 1932
15 3962
16 3469
16 3559
16 4878
18 971
18 6064
18 6703
20 1202
20 1319
20 1547
20 3286
20 5992
21 826
21 1259
21 1262
21 3542
21 3803
22 4510
23 2439
25 3241
26 1730
26 6426
27 307
27 4183
28 6617
32 2753
32 4513
32 5478
32 6492
32 6925
33 1279
33 2139
33 2565
33 4310
34 6857
35 6454
36 3409
38 678
38 954
38 3209
42 949
42 5849
43 157
43 698
43 1420
43 2828
44 2116
45 4210
46 6360
47 527
47 4230
47 5136
48 442
48 3703
49 1126
49 4795
49 5995
49 6683
49 6859
51 1243
51 2122
52 881
52 1028
52 4986
52 5203
52 6760
54 5235
54 6265
55 5443
55 5896
55 6316
57 1273
57 1581
57 2193
58 5174
59 3288
59 4458
60 334
61 2772
61 6433
62 222
62 677
62 3849
63 2357
63 2452
63 5092
64 1872
64 2491
66 1680
66 6057
66 6783
67 101
67 1814
67 2856
67 4279
69 588
69 3999
71 2649
71 3022
71 5754
73 3012
73 3177
74 613
74 3662
75 2356
75 3413
75 3902
75 4702
76 3220
77 5740
77 6326
78 2812
78 5836
79 1673
79 1777
80 818
80 3496
80 6678
81 480
81 4969
81 6800
82 2474
82 4112
83 3080
84 1009
84 4450
85 357
85 584
85 4882
86 375
86 1128
86 3248
86 4109
87 4771
88 885
89 1128
89 4214
89 5339
89 6672
90 580
90 753
90 1962
90 6511
91 379
91 553
93 172
93 6451
94 4042
94 4748
95 1769
95 5392
95 5950
96 2560
96 5985
96 6621
97 4336
98 453
99 1462
100 2475
100 5269
101 3935
103 474
103 3342
105 930
106 2893
106 3850
108 1521
109 3849
109 6671
110 6914
111 1215
111 5883
111 6792
111 6799
112 6304
112 6458
114 5318
115 4959
116 110
116 1093
116 5983
116 6693
117 1375
117 3251
117 4994
118 198
118 6501
119 441
119 1078
120 183
121 5666
121 6279
124 3138
124 5569
125 5502
126 1469
126 6838
127 207
127 270
127 363
127 2478
128 507
128 4500
129 832
129 6219
129 6315
130 1631
130 1889
130 3528
130 3761
131 6876
133 1499
135 821
135 3501
135 3825
135 4039
135 6211
136 853
136 5458
137 142
138 4347
138 5489
140 1898
140 6212
141 2687
141 5513
142 6455
143 3947
143 5320
143 6572
146 3341
147 5789
148 169
148 3009
148 5659
149 69
149 211
149 4306
149 6812
151 2170
151 3667
152 2130
152 3843
155 6709
156 1158
156 6177
157 2530
157 2545
158 1895
158 5851
159 1818
159 3961
160 955
160 2873
161 2682
161 6621
163 283
164 3915
165 21
165 1321
165 3038
165 4034
168 6745
169 3450
170 1522
170 4237
170 4491
171 3773
173 6234
174 4278
174 6881
174 6919
176 3887
177 5656
178 281
178 460
179 5746
179 6235
180 558
181 72
181 4148
182 1952
182 6623
184 1818
184 5051
184 6634
186 4296
186 5140
187 3912
188 1372
188 2648
188 4447
188 5942
189 4840
191 5208
192 1692
192 3610
193 185
194 2650
194 2875
195 108
196 1861
196 2496
197 4713
197 5311
199 188
200 1751
200 5302
200 5751
201 70
201 78
201 342
201 5996
202 612
203 1440
204 2951
204 6339
205 5370
206 2691
206 3012
207 4855
207 6158
210 5989
211 471
212 3583
213 92
213 2496
213 6568
214 5738
214 5901
216 3641
216 6022
216 6440
217 3181
218 1767
218 6292
219 59
219 1103
220 5566
220 6101
221 3317
222 1505
223 5767
224 3614
225 3271
226 607
226 3907
230 406
230 844
230 5335
231 5065
233 1681
233 3443
233 6481
235 1472
235 4731
236 1080
236 2091
236 3622
236 6067
236 6326
237 129
237 6889
239 1819
239 2705
240 1502
240 2183
240 4412
240 5089
240 6660
241 1675
242 1163
246 800
246 3334
246 4536
248 3579
249 2695
250 2113
251 6521
252 3006
252 5189
255 6610
255 6876
256 6195
257 3847
258 2114
259 310
259 407
259 462
261 5904
263 5457
264 818
264 3914
265 1243
265 2142
266 665
266 1142
268 125
268 2285
268 2623
269 2544
270 6547
271 995
271 2384
271 6564
273 3561
274 4843
274 5809
275 266
276 703
277 4767
277 5792
278 5104
279 224
279 4163
279 6108
280 1334
280 2581
280 3487
280 4584
282 3593
282 4150
282 6517
283 2389
283 6311
284 2806
284 6006
285 3580
285 3796
286 668
286 1020
286 1392
286 2004
286 4860
286 5470
287 2914
288 3713
288 6152
288 6766
290 1086
290 2473
291 3319
292 666
292 1485
292 4203
293 104
293 1232
293 2456
294 3485
294 6796
295 1768
295 4956
296 1488
296 2623
296 3000
297 5366
298 50
298 3888
298 5716
299 137
300 693
300 4240
300 5343
300 5915
301 137
301 291
301 348
302 474
302 1340
303 34
303 4258
304 146
304 3115
306 3283
306 4388
307 740
307 1358
309 4644
309 6779
310 884
311 2019
312 3462
313 2957
313 5745
314 434
314 1783
314 2178
314 2687
314 3405
315 6061
316 904
316 1014
316 1232
316 2023
316 2908
316 5760
317 134
317 3055
318 2485
318 3230
319 1006
322 1725
323 2329
323 3077
324 2983
324 4667
324 6715
327 5433
327 5801
328 3791
329 1811
329 2875
329 5880
330 669
330 1314
330 3579
330 6654
333 1078
333 2863
333 4813
334 6639
335 4363
337 2434
338 403
338 4594
341 763
341 5719
342 1890
343 2565
344 1749
344 4816
344 5568
345 1062
346 4011
347 845
347 925
347 5998
349 1450
351 6140
351 6514
352 1330
352 4713
354 518
354 3519
354 4768
355 1495
355 4761
356 667
356 3329
356 4409
357 1046
358 2618
358 3842
358 4641
361 986
361 1105
362 3695
362 5351
364 6493
365 5248
365 6762
366 1262
366 2200
368 2476
369 3786
369 5143
375 789
375 1324
375 2082
376 2012
377 977
377 3907
378 1805
378 5098
379 3989
379 6852
379 6931
380 1821
381 2584
383 1324
385 6454
387 1295
387 4242
387 5186
387 5232
388 1416
388 6134
390 4199
390 6853
393 2346
394 5641
395 5968
396 1423
396 4542
397 2266
397 3655
398 5207
398 6831
399 3634
401 3003
401 3734
401 5015
401 5163
401 5822
402 103
402 1190
402 3404
402 4200
402 6083
403 6297
404 781
404 4701
406 2469
408 1609
408 6939
411 1260
411 3501
411 4398
411 6063
411 6468
411 6594
412 6460
413 1851
413 2926
413 3368
416 1163
416 1212
416 2974
416 4068
417 4738
418 2483
418 2606
418 4545
418 5009
418 6879
419 6274
420 921
423 889
423 1326
423 2961
424 6872
425 2782
426 4357
426 6238
427 5800
428 279
430 445
430 4118
430 5202
432 3791
434 5384
434 6473
435 181
435 1477
435 2800
436 277
437 4112
441 1181
441 2618
441 3268
441 4045
442 2655
442 6260
443 2107
444 5071
444 6193
445 2606
446 4685
447 2092
448 3093
449 4848
450 1511
450 2566
450 2642
451 5195
451 6943
452 483
452 3105
452 5248
453 199
453 839
453 6419
455 969
455 3731
456 3275
456 6901
457 1604
459 3233
460 4442
461 3669
461 3757
462 2577
462 3741
463 5279
463 5496
466 996
466 5496
466 6167
467 6864
468 1147
468 1296
468 2870
468 3978
468 6301
469 5065
470 1746
470 5349
471 4612
471 4757
472 4825
472 6777
474 2809
474 2890
475 1756
475 4977
476 635
476 4353
477 2614
477 5627
478 472
478 4727
478 6242
479 1185
480 1120
480 1822
480 2414
480 3728
482 1022
482 2643
482 3305
482 6201
483 1053
483 1066
483 4174
484 185
484 1951
486 4718
487 2058
487 6386
488 2507
488 4329
488 5159
488 5978
489 2312
489 4537
489 6001
490 6089
491 5291
492 1445
494 4910
494 6854
495 4166
496 4589
497 257
497 3322
497 5440
498 596
498 2351
499 4517
500 4178
500 4912
501 417
501 3058
501 5689
502 362
502 3777
502 4737
502 5571
505 337
505 3519
505 5177
509 2352
511 4605
513 4067
513 5024
514 1813
514 2192
515 5950
516 3232
518 817
518 2867
519 2391
519 4543
520 1495
520 4519
520 5440
520 5731
522 1451
522 4468
523 275
523 563
525 4000
525 5170
526 417
526 6055
527 4447
527 6566
528 4374
529 1462
529 2410
530 2370
532 309
533 3858
533 4721
533 5373
535 3692
536 6028
537 6404
539 4047
539 4944
539 5644
539 6292
541 238
542 1992
542 4491
543 6711
544 3379
544 3630
546 2139
546 6725
549 5022
550 5111
552 4081
554 226
554 2757
555 55
556 6654
557 736
557 1107
558 822
558 905
558 3541
559 3683
559 5574
559 5613
560 3646
561 3114
562 3383
563 2380
563 3755
563 4538
563 5967
563 6294
564 3244
564 5655
565 1322
568 2785
569 5787
571 17
571 4482
571 5291
571 6113
571 6453
572 4147
573 1164
573 2976
574 767
574 1992
575 1038
579 3492
579 4193
580 3032
580 3251
581 447
581 1177
583 1708
583 3051
583 3256
584 2763
584 4368
586 571
586 3023
587 4820
588 2099
589 1014
589 4078
590 4222
590 5060
590 6481
591 4296
591 4966
591 6188
592 366
592 5087
593 1072
593 2074
593 2519
593 3614
593 4228
594 6611
595 3329
595 4180
595 6842
596 820
597 4235
599 1129
599 5726
599 6413
600 98
601 1455
603 3820
604 1466
604 5653
604 5894
605 2412
606 4683
608 1833
608 3757
610 284
610 2045
610 4368
611 4480
612 1662
612 2873
614 821
614 5002
615 3043
615 3778
615 5256
616 2311
616 4046
617 4983
617 4991
617 6271
619 2017
619 3966
619 5367
619 5781
620 377
620 2891
622 3202
622 3893
623 824
623 2084
623 5151
623 5334
623 6081
624 1581
624 2795
626 1042
626 2168
627 2773
627 3340
627 3874
627 4532
627 5423
628 821
628 1460
628 3808
628 4396
628 6511
629 3702
629 5712
630 34
630 2124
631 5943
633 996
634 6493
635 2600
636 5281
636 5678
636 6052
637 6817
638 6304
639 2470
639 5872
643 477
643 3677
643 4340
644 4332
644 6110
645 5591
646 485
647 1166
650 4989
651 234
652 2374
653 1886
654 6640
655 675
655 1737
655 4127
656 4304
657 266
657 429
657 2429
658 1023
658 3096
658 4383
658 6439
659 1203
660 4408
661 6397
662 1157
662 3171
664 1441
665 724
665 5618
666 6103
667 614
667 1547
667 1922
669 3746
670 973
670 3769
672 225
672 1821
672 2425
673 3079
674 4629
674 5792
675 5463
675 6345
676 2076
677 192
677 712
678 6275
679 3005
679 4463
682 2903
683 752
683 5366
683 6492
685 841
685 2190
685 5089
687 2644
687 3398
687 4448
687 4516
689 753
689 4350
689 6004
689 6279
690 5784
690 6511
692 581
692 6159
692 6698
694 1936
694 4653
694 5696
695 3923
695 5533
697 1320
697 1481
697 1856
697 2527
697 2975
697 6667
698 230
698 1359
698 2856
698 4542
699 83
699 6346
700 4266
701 218
701 1955
701 5710
701 6606
702 4350
703 2321
703 3620
704 2016
704 3261
704 3615
706 3459
707 3549
708 645
708 2720
709 1217
710 2750
710 4597
711 2560
712 2882
713 1203
717 1696
717 3058
717 3794
718 2143
719 1148
720 5711
721 4998
722 418
722 904
722 4449
722 5475
722 6751
722 6826
724 2002
724 2606
724 3296
724 3647
724 3808
724 4684
724 5528
725 1051
725 5101
726 722
726 2436
727 4776
728 816
728 1073
728 1112
728 2508
729 5923
732 4467
732 4495
734 613
734 2933
734 3330
735 740
735 1037
736 4035
737 273
737 1120
737 3060
737 3745
738 62
738 2828
738 4475
738 4645
739 544
739 5876
740 891
740 1519
741 5559
742 5423
743 402
743 3274
743 4912
743 6201
745 1883
745 6210
746 1248
746 3754
747 6303
749 5387
750 3854
751 4042
751 6877
754 1360
754 3232
754 6488
755 22
757 1364
758 5320
759 1493
759 2094
759 4167
760 2387
761 114
761 415
761 2074
761 6071
762 5698
764 3552
764 5688
766 570
766 1750
767 5002
768 1412
768 4240
769 154
769 5412
770 5438
771 1075
771 1715
772 5791
773 1667
773 4413
773 5927
774 321
774 370
774 682
774 2815
774 4865
775 3563
775 3625
775 5796
776 378
777 1642
777 2976
780 2391
780 2798
780 4093
780 4353
781 885
781 5552
782 1276
782 5798
782 6747
783 3509
784 5101
785 5746
785 6793
786 1354
786 3333
786 4701
787 891
787 1185
787 1716
787 3982
789 954
789 5955
789 6293
792 3995
793 2874
793 3957
793 4148
793 5204
794 5065
794 5434
794 6219
795 186
795 4284
796 3650
799 4374
799 5973
800 1435
802 2184
802 2534
803 3425
804 329
804 2285
804 3723
804 5907
805 1050
805 4661
806 5293
806 5404
807 2813
809 1355
809 2088
809 5478
810 508
812 2237
812 3830
812 6706
813 1200
814 2249
814 4576
814 6184
815 623
815 1963
815 2593
816 1897
816 3447
817 1875
817 2338
817 3292
818 81
818 234
820 2184
820 2691
821 4448
821 5161
822 2569
822 3756
822 3919
822 6842
823 1263
823 1537
823 3365
824 680
824 3025
824 3156
825 5330
826 966
826 4175
828 220
828 275
828 3368
828 5760
828 6878
829 735
829 1855
829 5326
830 516
830 3484
831 2454
831 2884
831 3119
831 6073
831 6362
832 6615
833 1555
834 5980
835 1912
836 475
836 2262
837 1159
838 623
840 4946
841 1947
841 4156
841 6576
842 978
843 493
843 5612
843 6392
845 899
845 4467
845 6806
847 3912
847 5133
847 5281
847 5873
847 6778
848 3599
848 3892
848 6394
849 2893
850 1482
850 5217
851 982
852 1221
852 6423
853 4217
853 4573
854 3515
855 592
855 5392
857 1258
857 2153
857 2329
857 2414
857 4360
859 3772
859 3998
861 1654
861 3463
863 2852
863 2856
863 4145
864 5692
865 5169
867 3960
868 2091
868 4331
869 1180
872 863
873 5397
873 5646
874 1703
874 2077
875 6929
876 4408
877 2723
877 6930
879 2217
879 2842
880 1969
880 4731
880 6331
881 1460
881 3552
881 4801
882 6134
884 1675
885 2534
886 564
886 1548
886 3169
886 4538
887 2311
888 3685
888 5045
888 6264
890 3176
890 3473
890 5739
890 5775
891 613
892 3530
892 5709
893 1336
893 2347
894 1991
894 3158
895 1568
895 3275
895 4917
896 5152
898 3483
898 4992
899 4495
899 4893
900 3636
901 432
901 2005
902 5942
903 1508
904 2803
905 3437
906 2839
907 705
907 731
910 145
910 871
910 4043
911 483
911 1676
911 1859
912 5848
914 2174
915 823
915 5298
916 1701
916 6098
917 3451
917 4838
917 6866
918 1186
919 3999
920 768
920 1420
921 4136
921 6353
922 1987
922 4964
922 6494
923 823
923 1428
924 1959
924 4279
925 468
925 1775
925 4631
926 652
926 6442
927 1673
928 1683
928 3150
929 2633
929 2961
929 5559
929 5951
930 4103
931 2364
931 2905
931 6896
932 1593
932 6289
933 336
933 1572
934 979
935 603
936 6859
937 3955
937 6047
939 201
939 2245
939 2889
939 5917
939 6168
940 6081
941 2309
942 4497
943 759
943 6027
943 6539
945 4535
946 6636
948 6618
949 3213
951 1084
952 1742
952 6666
954 4703
957 5469
958 1529
958 5878
958 6818
959 1523
959 5089
960 4292
961 1333
961 3754
961 3771
961 4068
962 2092
962 6194
963 4842
964 231
964 4332
966 5915
968 840
968 4125
969 1781
969 5437
970 1357
971 1717
971 5984
972 6
972 4071
973 331
973 6655
974 1182
974 2119
974 6079
975 277
975 453
976 5020
977 3585
977 5629
979 3018
980 6222
981 1220
981 1589
982 4514
982 5878
983 2721
984 1679
984 2358
984 4319
985 1588
986 3170
986 4623
986 5026
986 5186
987 999
987 4552
987 5563
989 4739
990 4975
990 6732
991 605
991 1389
992 4276
992 4807
992 5863
993 612
993 1130
994 6029
995 271
995 988
995 5175
996 2550
996 3351
997 5853
998 772
1000 3486
1001 81
1001 3028
1001 5746
1002 2475
1002 6036
1003 2230
1004 1738
1004 3588
1004 4589
1005 5866
1007 979
1007 2195
1007 6910
1008 2219
1008 4069
1010 4137
1013 179
1013 5092
1013 6655
1015 3951
1015 6736
1016 4655
1016 5626
1016 6166
1017 5165
1018 1344
1019 545
1019 2515
1021 6032
1023 2804
1024 2171
1024 3182
1024 6622
1025 6226
1026 995
1026 2963
1026 6029
1027 6506
1028 2831
1028 4692
1028 4775
1029 6445
1030 5293
1031 5080
1033 176
1033 3992
1034 2074
1034 5162
1034 5436
1034 6418
1035 1588
1035 3286
1036 2380
1036 4127
1038 790
1038 3963
1039 5246
1039 6293
1040 1435
1040 2046
1040 2366
1041 3707
1042 5067
1042 6364
1042 6929
1043 5877
1044 6426
1045 3362
1046 2518
1046 2812
1047 4719
1049 433
1049 3324
1049 5632
1049 6712
1050 2398
1050 2920
1050 3855
1054 4900
1055 2687
1056 522
1056 785
1056 1506
1056 2997
1057 505
1057 1161
1057 3131
1057 3421
1057 4356
1057 4791
1058 239
1058 3266
1058 4573
1059 4111
1060 350
1060 790
1061 2740
1061 4761
1063 4903
1064 316
1065 681
1065 3620
1065 6107
1066 5759
1068 5862
1069 260
1069 4855
1069 5401
1070 117
1070 1188
1071 1816
1071 5334
1072 1406
1072 5409
1075 155
1075 1706
1075 3378
1075 5205
1075 5642
1076 191
1076 3771
1077 5237
1077 5682
1077 6548
1078 4400
1078 6063
1079 3612
1080 5461
1080 6584
1081 563
1081 1583
1081 3742
1082 256
1082 1762
1082 2014
1084 1021
1085 1171
1086 2301
1087 435
1087 4788
1090 3289
1091 2225
1091 6283
1092 1047
1092 4100
1092 4178
1092 5489
1093 5508
1094 816
1094 4949
1094 6181
1095 674
1095 5131
1096 2050
1096 5202
1098 6155
1100 2232
1100 3558
1100 3942
1101 5545
1103 3847
1104 6768
1106 5466
1107 1075
1108 5134
1108 5638
1112 204
1112 3668
1112 3868
1113 2299
1113 4568
1114 634
1116 3027
1116 3081
1117 1940
1118 4553
1118 6020
1119 4345
1119 6231
1122 4840
1123 2332
1123 6770
1125 299
1125 3955
1126 803
1126 3141
1126 5157
1126 5770
1127 1962
1127 6481
1127 6522
1128 372
1130 89
1130 1513
1130 3652
1130 4056
1130 4720
1130 5484
1131 670
1131 5214
1132 2576
1132 4716
1133 4934
1133 5677
1134 6343
1135 5111
1135 5844
1136 2647
1136 3505
1136 3512
1136 3557
1136 4611
1137 880
1137 3564
1137 4444
1138 78
1138 642
1138 2059
1138 5616
1139 2494
1139 6469
1140 3959
1141 2375
1142 6061
1143 195
1144 3654
1144 3803
1144 5922
1145 6048
1146 4934
1148 946
1149 2240
1149 3023
1149 5155
1149 5910
1150 1543
1151 1862
1151 4894
1151 5761
1152 5904
1153 4625
1156 4017
1158 5968
1159 1618
1159 2575
1160 2846
1161 4570
1162 2983
1162 3983
1163 3109
1164 498
1164 5294
1165 6884
1166 3289
1167 3279
1167 3796
1167 5502
1169 270
1169 605
1170 78
1171 822
1171 1627
1171 2017
1172 3518
1172 4877
1173 4895
1175 2984
1175 6627
1177 2605
1178 566
1178 662
1178 1794
1179 6537
1180 4508
1180 4783
1180 4892
1181 5743
1182 1611
1182 5289
1182 5550
1182 6914
1183 591
1183 4644
1184 188
1185 6325
1186 407
1186 1547
1186 6525
1187 201
1187 1057
1188 1255
1189 2045
1189 2290
1190 2407
1190 3971
1191 1504
1191 1762
1191 4367
1192 820
1192 2917
1192 3274
1193 2403
1194 3869
1195 6491
1195 6498
1196 4395
1198 3270
1198 3452
1199 3290
1200 3771
1200 5511
1201 4877
1202 1242
1202 1388
1202 2397
1202 2513
1202 2891
1202 3018
1202 5429
1203 6114
1204 2148
1205 1941
1205 2362
1207 2142
1207 5836
1208 4570
1209 4661
1210 3708
1211 2164
1211 4830
1212 1056
1213 1143
1213 2965
1213 4189
1213 5529
1215 1983
1215 3110
1217 3886
1219 1051
1219 1136
1219 4308
1219 6778
1220 838
1221 3655
1222 1807
1222 2490
1222 4913
1223 736
1223 5904
1224 4952
1225 4998
1226 6039
1227 386
1228 595
1228 3341
1228 4412
1228 5648
1230 1085
1231 135
1231 875
1231 1231
1231 2734
1231 5483
1233 779
1233 3042
1233 5700
1235 1929
1236 2998
1236 3160
1237 4228
1237 6678
1237 6825
1238 1593
1238 2791
1238 6337
1239 6051
1239 6943
1241 281
1241 2483
1242 3174
1243 911
1243 5145
1244 1082
1244 6193
1246 1985
1247 563
1249 1687
1249 2847
1249 2918
1250 4907
1251 3600
1251 4609
1251 4890
1252 1354
1253 6449
1253 6632
1254 7
1254 1928
1255 3738
1256 3656
1258 1847
1258 4198
1259 381
1259 1563
1259 6706
1259 6815
1261 4056
1263 3816
1263 6430
1264 111
1266 3036
1268 2168
1268 4850
1269 629
1269 3026
1269 5328
1269 5383
1270 4346
1272 6123
1273 288
1274 6609
1275 4432
1277 1443
1277 6573
1278 636
1278 1185
1278 6293
1279 732
1279 4640
1279 5515
1280 700
1280 2585
1281 254
1283 1838
1284 499
1284 850
1284 1999
1285 3694
1285 4787
1286 3955
1287 310
1287 801
1287 5133
1288 1967
1288 4502
1288 4618
1289 2007
1290 3662
1291 3621
1292 2466
1293 2409
1293 4121
1293 5843
1294 658
1294 4232
1296 1903
1297 5305
1298 2852
1298 3914
1299 1263
1300 6878
1301 486
1301 1158
1301 1938
1301 4937
1301 5769
1302 1565
1302 3106
1303 2248
1303 2630
1303 3305
1303 4637
1303 5781
1304 1411
1305 576
1307 191
1307 6483
1308 561
1308 4016
1308 4798
1310 4314
1310 5715
1311 2078
1311 5021
1313 6552
1314 960
1315 3215
1316 3222
1316 5596
1318 2652
1319 3061
1319 5342
1319 6424
1320 4168
1320 6945
1321 6911
1322 1694
1323 5955
1324 2790
1325 3363
1325 5679
1325 6527
1326 1228
1327 1809
1328 1536
1328 1804
1328 6544
1329 2594
1329 5752
1333 5823
1335 5898
1336 377
1338 657
1338 5257
1339 1989
1340 2392
1340 3822
1340 5841
1341 889
1341 3887
1341 6925
1342 3892
1342 4356
1343 612
1343 1372
1343 1825
1344 29
1344 5265
1344 5570
1345 4456
1346 1272
1346 5541
1346 6606
1346 6615
1347 707
1348 1258
1348 4504
1351 1698
1351 4254
1352 6736
1353 600
1353 3683
1354 956
1354 3124
1354 5370
1355 4176
1356 2497
1357 365
1357 5844
1358 4171
1358 4387
1359 809
1359 4004
1360 6733
1361 2460
1361 3696
1362 5117
1364 2098
1364 3543
1365 805
1366 1668
1366 1920
1366 5043
1366 6279
1367 3186
1367 3456
1367 3640
1367 5317
1368 3023
1368 4815
1369 441
1369 4727
1370 4741
1373 5484
1374 1351
1374 4289
1374 4779
1375 6844
1376 1820
1376 2253
1377 2226
1377 4463
1377 5496
1378 782
1379 3481
1379 5501
1380 932
1380 3128
1381 196
1381 4342
1382 741
1382 5920
1384 1918
1384 5016
1385 995
1385 5786
1386 3734
1386 6878
1387 1549
1388 5807
1388 6854
1389 286
1389 2802
1391 1142
1391 2570
1391 5940
1392 1674
1392 3999
1392 6197
1393 657
1393 2114
1394 2249
1394 3217
1394 6213
1394 6593
1395 1128
1395 1909
1396 3611
1397 5116
1397 5704
1398 1043
1398 5315
1398 6462
1400 2517
1401 2836
1401 5179
1402 2160
1402 2719
1402 4263
1402 5102
1402 6251
1403 3728
1403 4371
1403 5780
1403 5853
1404 791
1404 6418
1405 4485
1405 5301
1408 1718
1408 3749
1408 5159
1409 1065
1409 1250
1409 5344
1411 1877
1411 2290
1411 6403
1413 1198
1413 2913
1413 5822
1414 1103
1414 2029
1415 1062
1415 6304
1416 1700
1417 2699
1417 4354
1417 5677
1417 5881
1418 1266
1419 695
1420 489
1420 1370
1420 3664
1420 3882
1421 386
1421 5804
1422 152
1422 273
1422 3003
1423 1371
1423 2293
1424 582
1425 4196
1426 2060
1426 2767
1428 2913
1428 3066
1428 3570
1429 1221
1429 2222
1430 2842
1431 3410
1431 6090
1433 562
1433 3900
1433 6402
1434 993
1434 1096
1434 6622
1435 2221
1435 2626
1436 2294
1436 5542
1437 2549
1437 5166
1438 1282
1438 5930
1440 3860
1443 2332
1444 6254
1445 2978
1446 5347
1448 3054
1448 3399
1449 316
1449 5361
1450 1342
1450 2094
1450 3551
1450 6391
1451 5720
1452 6624
1453 532
1453 1718
1453 3995
1453 5362
1454 4747
1454 6238
1457 6876
1458 245
1459 2948
1459 5720
1460 6225
1461 6451
1461 6635
1462 1690
1462 2943
1462 6681
1463 5250
1465 306
1465 627
1465 3769
1465 4138
1467 931
1467 1970
1468 3106
1468 4844
1468 5826
1469 2166
1469 6079
1471 3444
1472 458
1472 1586
1473 2384
1473 3030
1473 4310
1474 1349
1474 1934
1474 6539
1474 6777
1475 1016
1475 1185
1476 621
1476 2950
1476 4383
1476 4401
1476 5812
1478 656
1479 695
1479 2617
1480 1245
1480 1960
1481 1153
1481 4543
1482 31
1482 1173
1482 3936
1482 4156
1482 4389
1485 165
1486 1851
1486 4864
1487 405
1487 2091
1489 2380
1489 3921
1489 4800
1490 3678
1490 4508
1490 5971
1491 3837
1491 5921
1491 6150
1491 6588
1491 6787
1492 540
1492 1362
1492 4674
1494 3011
1494 4446
1495 2967
1495 5498
1496 1143
1496 2083
1496 5421
1498 4045
1499 4394
1499 5665
1500 1936
1500 6880
1501 4363
1503 1306
1503 5376
1504 958
1504 3987
1504 4183
1504 5879
1505 2683
1505 4963
1507 5233
1508 965
1508 2413
1508 3811
1509 749
1511 5021
1511 6292
1512 68
1513 3042
1513 3648
1514 935
1515 880
1515 2546
1515 3274
1516 6575
1517 2278
1517 5316
1519 1681
1519 5118
1520 948
1520 4734
1521 1812
1521 1896
1521 2932
1521 4594
1522 1803
1522 4793
1523 5546
1523 6696
1524 5475
1524 6070
1527 838
1527 1911
1529 929
1529 2203
1530 764
1530 1003
1530 6761
1531 2267
1531 5807
1532 5371
1533 2399
1533 2868
1535 848
1535 4740
1536 1342
1537 3875
1538 3448
1538 5125
1539 500
1540 567
1540 3292
1541 5726
1542 4212
1542 4786
1542 6148
1543 1747
1543 2599
1543 3440
1543 6692
1544 2283
1544 2452
1544 2806
1545 1324
1545 5356
1546 5958
1547 1644
1547 6438
1548 3638
1549 4493
1549 5266
1550 4765
1550 5177
1551 1762
1551 4710
1551 5267
1552 3535
1553 3244
1553 5458
1554 5192
1557 470
1557 4495
1557 5731
1558 459
1558 1820
1559 3475
1560 43
1560 1726
1560 5843
1560 6092
1561 932
1561 3984
1563 2360
1563 4772
1563 5813
1564 2133
1564 3283
1565 3190
1566 3403
1567 209
1567 6339
1567 6376
1568 5363
1568 6853
1569 544
1569 3647
1569 4441
1570 4330
1571 967
1571 2962
1572 2267
1572 5385
1573 6930
1574 2928
1575 705
1575 3835
1576 433
1576 2569
1576 3532
1577 2128
1577 3996
1579 2136
1579 6868
1581 945
1581 3639
1581 4186
1586 1312
1586 1482
1587 1596
1588 6438
1589 1024
1589 2982
1589 4019
1589 4927
1591 3029
1592 3111
1592 6937
1593 2667
1593 4060
1593 4419
1595 1109
1595 2855
1597 4569
1598 2754
1599 3102
1603 3743
1604 497
1604 1521
1604 5429
1605 5521
1606 294
1606 6153
1607 3988
1608 156
1608 3384
1608 4538
1608 4962
1608 6515
1609 3830
1610 1543
1611 3837
1612 2160
1612 5369
1612 6836
1613 6163
1614 934
1614 4624
1615 1123
1615 2505
1619 6866
1620 1611
1620 5791
1621 414
1621 1947
1622 4846
1624 4832
1624 5296
1625 4517
1626 1205
1628 3605
1629 476
1629 1988
1629 2770
1629 3492
1630 26
1630 4154
1630 6136
1630 6557
1631 445
1631 2903
1632 3772
1633 2012
1633 2121
1633 6620
1634 1567
1634 5020
1634 5202
1634 5387
1635 1259
1635 2839
1635 5888
1636 2100
1636 4919
1636 5607
1638 924
1641 5004
1642 5828
1644 6894
1645 6585
1648 3293
1649 1018
1650 2326
1651 1347
1651 6637
1652 6134
1653 1093
1653 2753
1654 3833
1655 2736
1655 3214
1655 5708
1655 6250
1656 4352
1657 2085
1658 3232
1658 3363
1658 6566
1658 6798
1659 5483
1659 5583
1660 326
1660 2436
1660 2828
1660 5048
1660 6664
1662 2164
1662 3989
1662 5555
1663 1612
1664 3360
1665 6529
1668 1221
1668 4928
1671 1121
1671 4404
1671 4942
1673 4257
1673 6064
1674 3535
1676 1621
1676 5614
1676 6584
1677 2618
1677 4121
1678 4559
1679 1342
1679 1856
1679 1870
1680 5144
1681 3707
1682 3232
1684 1664
1684 3499
1684 3631
1685 6018
1686 1362
1686 3335
1687 4357
1688 3472
1689 6704
1690 5046
1691 6728
1693 1064
1694 2575
1694 3397
1694 4541
1694 6922
1695 1012
1695 1406
1695 4475
1696 4048
1697 2962
1698 3661
1699 5495
1701 1563
1701 3893
1701 5829
1702 250
1702 1454
1702 6602
1703 3940
1703 5633
1703 5951
1703 6049
1704 3667
1704 5686
1705 2706
1707 4679
1707 5174
1707 5824
1707 6629
1708 2639
1708 5974
1709 1460
1709 3935
1709 4852
1709 5878
1710 2915
1710 3544
1710 3775
1710 6502
1712 218
1712 2706
1712 6658
1714 487
1715 2739
1715 5672
1716 1940
1716 6863
1717 1903
1717 3504
1718 1686
1718 2151
1718 5426
1718 6000
1719 1191
1720 972
1720 5233
1721 3866
1721 4044
1722 2857
1723 3550
1724 2185
1724 5231
1726 6882
1727 1374
1727 2766
1727 3973
1728 1318
1729 3755
1730 2413
1730 4908
1730 5598
1731 2153
1733 417
1733 1575
1733 2728
1734 6526
1735 1452
1736 3256
1738 1089
1738 6196
1738 6710
1739 71
1739 533
1739 6643
1740 593
1740 4535
1740 5593
1741 4376
1741 5147
1742 5301
1742 5933
1743 3056
1743 3997
1744 6491
1745 2370
1745 6303
1747 2517
1747 3114
1748 6752
1749 1372
1749 5958
1750 576
1750 1866
1750 3747
1750 4015
1751 1819
1751 5718
1752 3159
1752 4570
1753 2632
1754 6245
1756 36
1756 3801
1756 3850
1758 1056
1758 2837
1758 4712
1758 5977
1759 2266
1759 4295
1759 5552
1759 5773
1760 3189
1760 3534
1760 6632
1761 694
1761 2207
1761 5810
1761 6736
1762 811
1762 3200
1762 3477
1763 3739
1763 4938
1764 3837
1764 6103
1768 6311
1769 2744
1771 72
1771 2759
1771 6588
1772 3780
1772 4500
1773 3852
1773 5593
1775 2698
1775 2794
1775 5664
1776 3821
1778 5189
1778 5469
1779 6665
1780 509
1780 3743
1781 495
1782 488
1782 1420
1782 4402
1782 6705
1783 886
1783 6115
1783 6334
1784 991
1784 6702
1785 3551
1786 1271
1786 1850
1786 5556
1787 324
1787 3462
1787 5122
1789 3118
1790 1992
1790 2850
1790 6558
1791 2362
1791 6343
1795 843
1796 360
1797 1842
1798 4141
1801 5832
1802 296
1802 1335
1802 2295
1803 633
1803 2026
1804 643
1806 1913
1806 5421
1808 1184
1808 3755
1811 31
1812 1491
1814 4153
1815 4541
1815 6504
1816 933
1816 6337
1816 6489
1818 2949
1819 4380
1819 4841
1820 722
1821 5764
1822 2235
1822 6815
1823 402
1823 4946
1824 2902
1826 2212
1826 4252
1827 2663
1828 502
1828 1335
1828 4645
1829 4900
1830 349
1830 421
1830 504
1830 1682
1830 5469
1831 921
1831 1748
1832 564
1833 5632
1834 6106
1835 2035
1836 301
1836 656
1836 4316
1836 4695
1837 1199
1837 2927
1838 3541
1839 2675
1839 6437
1842 1433
1842 6432
1844 50
1844 4247
1844 4914
1845 549
1845 969
1847 3384
1848 2282
1848 3454
1848 4950
1849 712
1849 5487
1850 92
1850 1922
1851 2783
1852 7
1854 696
1854 1171
1854 2046
1854 5434
1855 5040
1855 6805
1856 4323
1858 3871
1858 6679
1859 2345
1860 4352
1861 1931
1861 2863
1861 3317
1862 109
1863 66
1863 1488
1863 1613
1863 3748
1863 6355
1864 318
1865 610
1866 4452
1867 5551
1867 5647
1867 6014
1867 6109
1868 6255
1869 2285
1869 6925
1871 3062
1871 3605
1872 1755
1873 1851
1873 3185
1875 863
1875 3071
1876 2487
1877 2187
1877 3329
1877 4346
1877 5733
1878 1428
1878 4500
1879 1290
1879 4609
1880 1084
1880 4912
1881 253
1881 2770
1881 3148
1881 5976
1883 455
1883 692
1883 2532
1883 5309
1884 4591
1884 5014
1885 6051
1888 3251
1889 767
1890 2746
1890 4356
1891 4264
1891 5416
1892 969
1892 1683
1892 2116
1894 5139
1894 6524
1895 2011
1895 2759
1895 3942
1895 4660
1895 6281
1895 6587
1896 5680
1896 6617
1899 4584
1899 4920
1900 542
1900 3157
1901 2517
1902 609
1902 3435
1902 3966
1902 4241
1903 1573
1903 1686
1903 3758
1904 669
1905 3630
1905 6164
1906 3139
1906 5009
1906 5645
1908 511
1908 2837
1908 4720
1908 6728
1909 1421
1909 3761
1910 948
1911 709
1911 2434
1911 5823
1911 5871
1913 3848
1914 1754
1914 4876
1914 5233
1915 571
1916 1587
1916 5991
1916 6704
1917 702
1917 5189
1919 4065
1919 4292
1920 1378
1922 5994
1922 6012
1922 6062
1923 2987
1924 498
1925 6206
1926 1896
1926 2272
1926 5006
1926 6483
1928 577
1928 1499
1929 2594
1931 2195
1931 2337
1932 4451
1932 4976
1933 4217
1933 5595
1935 3017
1935 5338
1935 5911
1936 2806
1936 3307
1936 4967
1937 159
1937 5628
1937 6097
1938 234
1939 4824
1939 5779
1940 446
1940 2443
1941 450
1942 5302
1943 79
1944 2779
1944 4321
1944 5676
1945 3654
1946 2185
1946 2779
1946 3503
1946 4108
1947 992
1947 2716
1947 3754
1947 4301
1947 5297
1949 61
1949 2392
1950 1223
1950 2807
1950 3468
1950 6602
1951 5567
1951 5976
1951 6849
1952 528
1953 671
1953 3644
1954 3373
1955 1883
1955 2433
1955 2959
1955 4259
1955 5499
1956 544
1956 4033
1958 1797
1958 3827
1959 4506
1959 5647
1960 43
1960 3069
1961 607
1961 6514
1963 2084
1963 6092
1964 3674
1964 5112
1965 3966
1966 1091
1966 4704
1968 1669
1968 6457
1969 4979
1971 4959
1971 6463
1971 6660
1971 6761
1973 1876
1973 6476
1974 6120
1976 5690
1976 6162
1978 2265
1978 2578
1978 3016
1979 3483
1979 6781
1979 6826
1980 2276
1981 1710
1983 1530
1984 4888
1985 1353
1985 3301
1987 3100
1989 4755
1990 3617
1991 1163
1991 3380
1992 97
1992 338
1993 729
1993 1191
1993 4364
1994 1317
1995 4760
1995 6376
1996 5283
1997 6686
1998 3260
2000 1213
2000 6147
2004 1099
2004 3522
2004 5313
2006 134
2006 419
2006 1493
2006 5376
2006 6113
2007 1591
2010 1514
2010 2116
2011 2165
2011 3673
2011 4739
2012 828
2012 5955
2013 4272
2013 4544
2013 6277
2014 631
2014 1769
2015 5138
2015 6120
2016 2438
2019 4864
2020 1677
2020 2873
2020 6520
2021 3580
2021 3813
2023 984
2023 2455
2024 5280
2025 703
2025 3735
2026 3131
2028 855
2028 2762
2031 456
2031 2093
2031 5198
2031 5433
2031 5447
2031 6632
2032 966
2032 1093
2032 5859
2033 5725
2033 6393
2034 6091
2035 2662
2035 4506
2035 5510
2037 5979
2038 560
2038 5506
2039 4687
2040 3799
2040 4288
2040 6281
2042 1918
2042 2696
2044 240
2044 1634
2045 3307
2045 4965
2045 5077
2045 5709
2046 1723
2046 2878
2047 5184
2047 6323
2048 371
2048 5345
2049 643
2049 2072
2049 5989
2050 764
2050 2519
2050 3783
2051 249
2051 5681
2053 1356
2053 4094
2054 3125
2055 2692
2055 5916
2057 4882
2061 5224
2061 5477
2063 447
2064 6170
2066 3205
2067 615
2067 2840
2067 3408
2068 5304
2069 1097
2069 1110
2070 1462
2070 6454
2071 4630
2071 6013
2073 4103
2074 1218
2075 6867
2077 4629
2078 923
2078 4923
2078 6602
2080 1817
2080 2878
2081 5352
2082 1047
2082 3756
2083 851
2083 4486
2084 6739
2085 3052
2085 3678
2085 6464
2086 101
2086 2205
2087 1723
2088 532
2088 2800
2090 2438
2090 2493
2090 2596
2091 260
2091 5440
2091 6898
2092 6801
2094 5759
2095 2361
2096 318
2096 6060
2097 455
2097 6572
2098 6455
2099 5456
2100 945
2101 2046
2101 2475
2101 3429
2102 407
2102 5081
2103 2420
2104 3752
2104 6275
2105 55
2105 1183
2105 1212
2105 3389
2106 74
2106 3977
2106 5832
2107 6378
2107 6918
2108 4439
2109 1334
2109 2828
2111 6547
2113 2788
2113 3085
2113 4736
2114 102
2114 561
2114 2422
2114 5471
2115 6108
2116 5460
2118 35
2118 1794
2119 6000
2120 2485
2120 3069
2121 234
2123 130
2123 521
2123 2451
2125 5280
2125 5467
2127 5051
2129 2067
2129 3486
2131 1644
2131 2321
2131 3699
2133 1292
2133 4222
2135 2872
2137 4435
2138 3112
2138 4969
2139 3993
2139 6331
2140 2248
2140 2992
2140 6567
2141 68
2142 529
2142 3032
2142 5278
2143 2311
2144 673
2145 3595
2147 337
2147 809
2147 2669
2147 5287
2147 5832
2148 3687
2149 3770
2149 6721
2150 5474
2150 6219
2150 6349
2152 453
2152 2474
2152 2553
2152 4737
2153 712
2153 2209
2153 3173
2155 4499
2155 6453
2156 715
2156 1519
2156 4897
2157 1190
2157 1852
2160 3173
2160 6281
2161 5097
2162 4949
2163 1343
2164 1337
2165 6191
2167 4651
2168 1751
2168 2816
2168 6325
2169 2399
2169 3247
2169 3995
2171 204
2171 6811
2174 2207
2174 6580
2175 736
2175 1551
2175 3886
2175 4679
2176 4308
2176 6035
2177 5856
2178 1539
2178 3943
2179 4904
2180 2938
2180 4554
2182 2674
2182 4076
2183 2616
2184 532
2184 1331
2184 5317
2185 36
2186 662
2186 6786
2188 371
2188 4649
2188 6010
2189 1090
2189 1260
2189 3612
2189 5196
2190 716
2190 924
2190 6799
2190 6851
2192 3076
2192 5524
2193 1750
2195 5664
2197 1754
2197 4460
2197 6897
2198 6310
2199 255
2199 383
2199 2112
2199 4433
2201 1254
2201 5135
2201 5994
2202 322
2205 243
2205 2726
2205 2749
2210 506
2210 1998
2210 2384
2210 3630
2211 1674
2211 4007
2212 4920
2215 2798
2217 2917
2217 5125
2218 2393
2219 691
2219 3456
2220 3347
2221 334
2221 4121
2222 1560
2222 3211
2222 4436
2222 6304
2223 65
2223 1867
2223 5103
2224 2632
2225 61
2225 3505
2225 4015
2226 3615
2228 6169
2228 6446
2229 462
2230 923
2230 4978
2230 5399
2231 2586
2233 589
2233 3351
2233 3960
2233 5531
2235 681
2235 3466
2236 685
2236 4377
2236 5181
2236 5322
2237 1810
2238 3949
2239 990
2239 1806
2239 6396
2239 6755
2240 1384
2240 6003
2242 6394
2243 4440
2243 5964
2243 6048
2244 1283
2246 1924
2246 4784
2246 6314
2247 6647
2248 5743
2249 2011
2249 2955
2249 4745
2250 509
2250 1777
2252 2023
2253 5244
2253 6301
2256 193
2259 76
2259 1359
2260 1488
2261 4597
2262 1128
2262 3152
2262 4274
2263 1902
2263 6894
2265 1923
2265 3587
2265 5042
2266 1661
2266 4257
2267 4118
2267 6571
2268 180
2268 5593
2270 1566
2270 5087
2270 6366
2273 5548
2274 1186
2275 1656
2275 2541
2276 1688
2276 5729
2278 5442
2279 4253
2279 6696
2281 1154
2281 4170
2282 2981
2282 3288
2283 3012
2284 2172
2284 3161
2285 3335
2285 5876
2289 5870
2289 6659
2290 2314
2290 3274
2290 4627
2291 2310
2291 2739
2292 4713
2293 5721
2294 1133
2294 5443
2295 3926
2295 6011
2297 1918
2297 5143
2297 6728
2298 673
2298 4867
2300 2178
2300 2273
2300 3020
2300 3595
2300 4809
2302 781
2303 6555
2304 254
2304 2800
2305 5378
2306 2336
2306 4425
2307 1122
2307 2637
2308 3382
2309 3374
2309 6249
2310 4926
2310 5183
2312 973
2312 4661
2313 3914
2314 4962
2314 6693
2315 457
2315 764
2315 3951
2315 5840
2316 2121
2316 4246
2318 6879
2319 888
2320 389
2321 2126
2322 1168
2322 2636
2322 2737
2322 4097
2323 649
2323 3953
2323 4264
2324 3574
2324 3692
2324 5344
2325 5923
2326 6246
2327 1388
2328 4915
2328 6217
2329 507
2329 2487
2329 3108
2331 482
2331 1628
2332 3107
2332 4878
2332 6940
2334 1308
2334 5222
2334 5579
2334 6028
2335 858
2337 6890
2338 510
2338 6174
2339 766
2340 1630
2340 5957
2342 2294
2343 1492
2343 3398
2343 5571
2343 6051
2344 5722
2346 4044
2347 2851
2347 5718
2348 4149
2349 4506
2349 5796
2350 4148
2350 4344
2350 5488
2351 137
2351 926
2352 682
2352 2999
2353 1830
2353 5290
2353 6124
2354 339
2354 4116
2354 6080
2356 2501
2356 2526
2356 3476
2356 3580
2357 3061
2358 2771
2358 3392
2358 4135
2358 4596
2359 4632
2360 1092
2360 5157
2361 199
2362 1550
2363 6071
2363 6813
2365 5275
2366 2106
2366 3401
2367 6418
2368 1477
2368 4398
2369 6817
2370 1472
2370 3100
2370 3973
2370 4037
2371 643
2371 1849
2371 3739
2371 6620
2372 2052
2372 2492
2372 4345
2373 6657
2374 2529
2374 5739
2374 5816
2375 4603
2376 1610
2376 5219
2376 5799
2377 3120
2377 6741
2378 3869
2378 5039
2379 466
2380 4662
2380 5601
2383 121
2383 3355
2386 3711
2386 6295
2388 2441
2388 3144
2388 4081
2389 2231
2389 4928
2390 2662
2390 5230
2391 405
2391 1678
2391 1751
2392 6939
2393 6770
2394 2109
2394 3310
2394 4851
2395 5594
2396 1323
2396 1597
2396 5958
2397 2529
2397 4159
2399 3369
2399 5119
2399 5510
2399 6013
2400 1098
2401 1314
2401 4702
2401 5605
2402 43
2402 1645
2402 4850
2403 3225
2404 252
2404 2539
2405 3164
2405 6439
2406 850
2406 5201
2407 1237
2407 2382
2407 4142
2408 3211
2408 6056
2409 150
2410 2777
2411 6523
2413 2723
2413 4229
2413 5875
2413 6813
2415 495
2415 2212
2415 2454
2415 6457
2416 340
2416 866
2416 4183
2417 5265
2419 1525
2419 1994
2419 5725
2420 1695
2421 122
2422 313
2422 2159
2423 73
2424 3792
2424 5033
2425 1670
2426 1654
2426 3771
2427 3157
2427 6346
2428 3687
2428 5356
2429 2414
2429 5284
2430 2626
2430 2652
2430 2785
2430 5264
2432 162
2432 5263
2432 5302
2433 1627
2433 3111
2434 2180
2435 544
2435 563
2435 2982
2436 396
2436 3131
2437 2701
2437 6264
2441 457
2441 5628
2441 6612
2442 1643
2443 771
2444 296
2446 1693
2447 46
2447 3486
2447 5275
2448 1395
2448 1663
2448 2151
2448 4638
2450 6518
2451 4045
2451 4058
2452 4119
2453 1483
2453 2759
2453 6686
2454 6777
2455 1055
2455 2647
2455 3574
2456 1762
2456 6715
2457 139
2457 2704
2457 3737
2457 4715
2457 6912
2459 1330
2460 2389
2460 2645
2460 3876
2461 1321
2462 2953
2462 6487
2463 551
2463 637
2463 1155
2463 5540
2463 6630
2464 3135
2464 4923
2465 2161
2465 4034
2466 963
2466 4179
2466 5223
2467 5099
2468 2193
2468 2595
2468 4470
2469 3082
2469 4155
2469 6606
2471 717
2472 803
2472 5668
2473 2938
2473 4682
2473 6852
2474 3137
2475 3733
2476 1931
2476 2339
2477 2047
2477 6113
2478 640
2478 2328
2478 2496
2480 6449
2481 182
2481 937
2481 3241
2481 4448
2482 2373
2482 4850
2483 4204
2483 5284
2483 5452
2483 6619
2484 6548
2485 2698
2486 3352
2486 5373
2487 4840
2487 4851
2488 1417
2488 2542
2488 3751
2489 2701
2490 3911
2490 5764
2490 6116
2492 792
2492 962
2492 2955
2492 3817
2492 4214
2494 392
2494 1113
2495 4456
2496 761
2496 4098
2497 1742
2497 3034
2498 1129
2498 1881
2498 5265
2498 6865
2499 3302
2501 2136
2501 3297
2501 6300
2501 6474
2502 272
2502 5712
2503 4450
2503 6388
2504 6539
2505 1241
2505 2967
2505 4289
2506 2477
2507 5265
2508 6107
2509 934
2511 2348
2513 1608
2513 5682
2514 413
2515 6875
2516 875
2517 2004
2519 132
2519 1197
2519 5000
2520 3888
2520 4031
2522 6191
2522 6590
2523 2403
2523 5812
2524 5639
2525 3000
2525 3759
2525 6165
2526 2897
2526 3455
2526 3733
2526 3938
2528 3730
2529 5810
2530 628
2530 6170
2531 3621
2532 2501
2532 5766
2532 6038
2533 2104
2533 2811
2535 4482
2536 4560
2536 6744
2537 120
2538 1038
2538 6794
2539 4468
2541 853
2541 2139
2542 760
2543 1955
2543 4038
2543 4977
2544 767
2544 3031
2545 4830
2546 6578
2547 6207
2548 1419
2548 4737
2550 3540
2551 3204
2552 5802
2553 3959
2553 6433
2554 5453
2554 5800
2555 546
2556 94
2556 3965
2557 3414
2557 5940
2558 2430
2558 4709
2558 6766
2560 195
2560 3400
2561 1474
2562 3607
2563 1635
2564 452
2564 792
2564 3955
2564 6843
2565 78
2566 1206
2567 196
2568 2144
2568 5786
2570 1804
2570 4546
2571 5330
2571 6161
2574 542
2574 6716
2575 707
2575 2903
2576 6187
2576 6525
2577 1694
2577 2260
2577 4228
2578 6191
2579 1608
2579 4150
2580 5735
2581 5149
2582 2251
2583 6195
2584 272
2586 5275
2586 5740
2586 6262
2588 1841
2588 3026
2588 6914
2589 4556
2590 4387
2591 4164
2592 4405
2593 121
2593 2641
2594 2038
2594 3279
2595 3798
2595 5307
2595 6610
2596 1680
2596 3870
2597 4132
2598 1970
2598 3246
2598 5867
2599 4825
2600 4057
2601 878
2601 1439
2601 1680
2602 1155
2603 130
2603 3162
2603 4003
2604 951
2604 2541
2604 3885
2605 3345
2605 5977
2606 1113
2608 2712
2608 6208
2609 160
2610 5655
2611 2922
2611 3548
2612 922
2612 2699
2612 5661
2612 6932
2613 1122
2613 2012
2613 5787
2615 4612
2616 4182
2616 5944
2616 6867
2619 3435
2619 4549
2620 4002
2620 4970
2621 439
2621 5833
2623 4615
2624 3763
2624 6829
2625 1742
2625 3428
2625 6086
2626 83
2626 1547
2626 3884
2626 4778
2628 362
2628 6008
2630 828
2630 3686
2631 6616
2632 1939
2634 2984
2634 3791
2635 4131
2636 4648
2636 6198
2637 534
2637 2121
2637 6839
2638 1362
2639 2384
2639 6128
2640 2204
2640 2311
2640 3728
2641 2157
2641 6144
2642 1360
2643 6623
2644 4620
2644 5139
2644 5242
2646 5932
2648 2005
2648 5553
2649 3603
2649 6304
2650 1770
2650 4225
2652 2009
2653 535
2655 1256
2656 6516
2657 5670
2658 737
2658 4534
2659 2900
2659 4642
2660 5998
2662 358
2662 1191
2663 1970
2663 4336
2663 4375
2663 5530
2666 432
2667 4110
2670 6419
2671 1928
2672 3075
2672 5345
2673 2824
2673 6196
2676 2553
2676 5598
2677 344
2677 5688
2679 1524
2679 6495
2680 4513
2681 266
2681 636
2681 5448
2682 3598
2683 621
2683 2035
2683 2258
2684 6324
2685 247
2686 4488
2687 1311
2687 1563
2687 3283
2687 3595
2688 2892
2689 2761
2689 3492
2690 3545
2691 2767
2691 6730
2695 5034
2696 3642
2697 4086
2698 1629
2698 2072
2698 3110
2700 3817
2700 4316
2701 3346
2701 4925
2701 5453
2701 6066
2702 2195
2703 529
2703 5108
2703 6352
2705 3800
2705 4027
2706 4305
2707 2036
2707 4101
2707 4459
2707 5261
2708 6809
2709 2008
2709 2449
2711 59
2711 2448
2712 4806
2714 6623
2715 33
2715 204
2715 5735
2716 4330
2717 2032
2718 46
2718 1152
2718 5122
2719 6002
2720 2186
2720 5564
2721 2112
2721 6084
2722 1703
2722 3850
2722 4425
2723 2297
2723 3135
2723 3424
2723 6869
2724 4242
2724 5248
2725 4501
2726 4517
2726 5327
2727 6274
2728 861
2728 3713
2729 4306
2730 3364
2731 1120
2732 1364
2732 5284
2734 407
2734 1228
2734 1983
2735 3271
2735 5656
2735 6644
2736 2055
2736 6811
2737 4560
2737 5902
2738 1181
2738 1618
2740 2425
2740 3198
2740 4414
2742 1460
2742 4464
2742 5581
2743 3468
2743 6106
2744 3505
2745 1812
2745 4931
2745 5001
2745 5556
2746 1171
2747 882
2747 3138
2747 5170
2748 4272
2749 4692
2750 2841
2751 5405
2751 5461
2752 2159
2753 1133
2753 5559
2754 2252
2754 5922
2755 3161
2756 577
2756 999
2757 567
2758 2811
2758 6670
2759 521
2759 4999
2760 4042
2760 5132
2761 25
2761 2656
2761 3789
2762 2452
2763 2316
2763 2448
2764 5937
2764 6857
2764 6885
2765 1825
2765 4962
2767 4536
2768 2777
2769 1410
2770 5768
2771 3985
2771 6200
2772 4333
2773 6684
2774 1169
2774 2407
2775 322
2775 1419
2775 2520
2776 4919
2778 4914
2779 3544
2780 613
2780 6458
2781 3463
2781 3586
2782 2234
2782 2887
2782 6604
2784 845
2784 5515
2785 2924
2786 4939
2786 5863
2786 6943
2787 378
2787 1958
2788 6292
2789 6021
2790 3774
2793 1545
2794 484
2794 3678
2795 5389
2797 3081
2798 980
2798 4198
2799 3132
2799 3977
2799 6594
2800 3247
2800 5345
2802 5042
2802 5202
2803 466
2803 3763
2805 1902
2805 2640
2805 5261
2805 6229
2805 6494
2806 2906
2806 4791
2807 28
2807 3068
2808 4714
2809 222
2809 3078
2809 3769
2810 1062
2810 4291
2812 5928
2813 6005
2813 6587
2814 5554
2817 4198
2818 1429
2820 3278
2820 5388
2821 4032
2821 4549
2822 1560
2822 3101
2822 4806
2823 31
2823 276
2823 4135
2823 6013
2826 721
2826 4090
2826 4207
2827 1494
2827 3381
2827 4663
2827 4788
2829 3324
2830 5461
2832 2877
2833 2882
2833 3535
2833 4569
2833 4916
2833 6730
2834 3022
2835 5572
2836 2273
2836 5114
2836 5913
2837 3310
2837 4456
2837 5329
2837 5893
2838 5465
2839 2910
2841 5087
2842 2205
2842 3328
2842 3674
2842 4604
2844 3813
2845 1538
2846 2035
2846 5071
2849 6607
2850 1554
2850 6255
2852 4625
2853 6522
2854 6362
2855 2863
2855 3754
2855 4754
2855 6834
2859 2053
2859 3451
2859 3839
2859 5214
2860 1571
2860 1596
2860 2716
2860 6071
2861 2948
2862 1987
2862 2968
2862 6519
2863 1033
2863 4115
2864 1762
2864 4376
2864 6222
2865 367
2865 2891
2865 5168
2865 5566
2867 3240
2867 5627
2867 6598
2868 4213
2869 1430
2869 2229
2870 1684
2872 2824
2872 4534
2873 5393
2874 513
2874 652
2874 2303
2875 937
2875 3224
2876 1504
2878 1355
2878 1517
2878 3672
2878 5684
2879 2161
2880 1072
2881 818
2881 3295
2881 6249
2882 2664
2884 565
2884 5810
2886 928
2886 2183
2886 3755
2888 6440
2888 6529
2889 5795
2890 331
2890 6245
2891 481
2891 903
2891 3667
2893 1058
2893 1283
2893 5812
2894 3765
2896 5416
2899 1868
2900 1741
2900 4685
2901 6928
2902 531
2902 6080
2903 687
2904 966
2904 6899
2905 1670
2905 3528
2907 4738
2909 486
2912 1108
2912 1589
2912 5461
2913 1399
2913 2508
2914 4883
2915 1950
2915 6090
2916 5009
2917 3211
2918 4591
2919 1788
2919 1969
2920 586
2920 3445
2920 4222
2922 126
2922 2821
2922 6431
2924 6674
2925 1530
2926 1583
2926 3456
2926 4466
2926 5084
2931 5245
2931 5599
2932 184
2932 4235
2934 3099
2934 5585
2935 3372
2936 475
2936 5207
2937 1332
2937 5942
2939 1594
2941 1734
2942 284
2942 582
2942 2934
2943 3288
2943 4157
2945 6783
2945 6908
2946 390
2946 532
2946 4769
2947 6666
2948 803
2948 5462
2949 1621
2950 2287
2950 3330
2950 3678
2951 3567
2952 2287
2955 1251
2955 2184
2955 6071
2956 2906
2957 1220
2957 2262
2957 3245
2958 5200
2958 5319
2958 5820
2959 2671
2960 2364
2960 5317
2960 5425
2963 2823
2964 3669
2964 5664
2966 1594
2966 2048
2966 2382
2966 3770
2966 6849
2968 708
2969 6708
2971 4026
2972 3815
2973 4693
2973 4946
2974 4245
2975 84
2975 1125
2975 1524
2975 3005
2976 1381
2976 4662
2976 6249
2977 3159
2977 4870
2977 5047
2978 1381
2979 2550
2979 4227
2980 6928
2981 1340
2981 2537
2981 5277
2981 5707
2982 6544
2983 1661
2983 4457
2984 1803
2984 3381
2985 634
2985 5202
2986 158
2986 692
2988 3430
2989 333
2989 740
2989 4160
2989 6032
2990 2612
2990 5973
2991 4174
2991 5777
2992 4609
2993 1039
2994 4214
2995 3525
2995 4257
2996 6557
2997 3555
2998 1736
2998 4778
2999 4026
3000 650
3000 2691
3001 4028
3002 2559
3003 1850
3003 3181
3003 3909
3004 5279
3004 5918
3005 2158
3005 2873
3006 6567
3007 2567
3007 6634
3008 580
3008 2268
3009 2753
3009 3958
3009 6157
3009 6935
3010 2046
3012 870
3012 3487
3013 808
3013 2483
3016 4430
3019 2980
3019 5314
3019 6055
3020 1859
3020 2248
3021 6187
3021 6304
3024 526
3024 4773
1 847
1 2411
2 4639
4 240
4 2941
4 3627
4 5322
6 4777
6 5325
6 5586
7 1218
7 1736
7 6414
8 223
8 4288
8 5232
8 6452
9 5972
10 717
10 1516
10 2243
10 2515
10 5485
12 676
12 2637
12 4981
12 6050
12 6054
13 2769
13 4228
14 65
14 432
15 4985
16 3173
18 5807
19 1750
20 423
20 6930
22 2191
24 15
24 1018
24 4942
24 6548
25 2241
25 2978
26 3843
28 1679
29 969
29 978
30 1377
30 5703
31 4505
31 6372
32 5413
33 89
33 279
33 1693
33 5476
34 3143
36 3244
39 996
39 4753
40 822
40 4432
42 579
42 3807
42 3867
43 2094
43 5211
44 1681
44 6195
45 338
45 5086
45 6734
47 6019
48 2019
48 2186
48 2725
49 4059
50 2565
50 6326
52 5041
53 4305
54 6662
55 2206
56 3176
56 4177
57 6163
58 574
58 3666
58 5747
62 159
62 2640
63 158
63 1778
63 1885
63 5238
64 6799
65 3799
66 4482
67 4374
70 1154
71 114
71 3417
71 3992
71 6619
74 739
75 5877
75 6077
77 4212
77 5277
78 850
78 4848
78 5873
79 2233
80 3116
81 1315
81 4246
82 2464
82 2751
84 1129
84 4545
85 3997
85 5877
86 434
86 2094
87 1732
87 4267
88 514
90 3300
90 3757
91 2264
92 535
92 4510
93 474
93 4852
93 5579
94 3652
94 3905
95 1390
95 3945
97 1304
97 2099
97 4734
97 5783
98 6183
99 1779
99 5527
100 3999
101 4209
102 2619
102 3407
102 3709
102 4653
102 4891
102 5517
104 3857
106 92
106 4266
106 6719
108 2650
108 4312
109 2804
109 6126
110 1591
110 4120
111 2503
112 1722
114 1760
114 1954
115 5959
117 1587
118 3685
120 1826
123 1793
124 4675
124 5817
125 5164
127 4678
127 4951
129 1008
130 3474
130 4601
130 5788
131 2012
131 5439
131 6543
132 2371
133 60
133 2308
134 1530
134 1883
136 3896
138 1054
139 2522
139 6231
141 4199
141 4387
141 4965
141 5961
142 3039
144 4593
145 4411
146 5838
146 6125
146 6634
147 4552
148 3687
149 5961
150 5560
151 620
151 2619
152 1324
153 1407
153 2038
153 3519
154 3541
154 4967
155 39
155 6607
156 3066
157 5527
158 3355
158 3359
159 1078
159 4644
159 6605
160 263
160 2524
161 10
162 5928
165 6613
166 3951
168 172
168 1168
168 2542
169 1752
169 4773
170 2880
170 5221
171 2479
171 6442
172 1332
172 4226
173 2296
173 3705
173 4388
173 4520
175 473
175 661
175 1881
175 3528
180 3838
180 5486
181 5864
182 5704
185 468
186 4643
186 6233
187 6908
188 5853
189 1238
190 242
191 212
192 1849
192 4928
192 6421
192 6600
193 2125
193 3319
193 5885
194 1284
194 1632
194 2306
194 2919
194 6025
195 1555
195 3039
196 1165
196 3280
196 3599
197 761
197 985
197 2367
198 977
198 1611
198 3083
199 1009
200 5278
200 6359
201 962
201 5657
202 4726
202 5859
203 4228
203 4386
204 3842
204 4330
205 1552
205 3477
207 2934
207 5405
207 5718
208 2665
208 5994
209 380
209 4078
210 5508
211 5427
212 4426
212 5150
212 5296
212 6038
216 815
216 3058
216 5207
217 226
217 1298
218 1349
219 912
219 2899
220 4285
221 2541
221 5155
222 5252
223 96
223 5528
224 5408
225 5954
225 6404
226 1880
227 286
227 2977
229 2677
229 4183
232 3592
232 3634
233 5573
234 3511
236 4387
236 4490
237 811
238 308
238 4141
238 5076
240 2783
240 5545
241 1150
241 4963
241 6263
242 635
243 4117
243 6189
244 52
244 4690
245 4812
246 2329
246 3286
246 3469
247 551
247 3513
248 3894
248 5605
250 492
250 4637
251 3211
252 446
254 1549
254 1710
254 2042
254 2065
254 3433
257 2850
258 205
258 916
258 6685
259 765
259 3121
260 913
260 4762
260 4882
260 5433
261 2434
261 4312
262 1528
263 2194
265 3164
266 6000
267 273
267 4975
269 1446
269 6350
270 3037
270 5220
271 829
271 1996
271 6547
272 3959
272 4393
272 6903
272 6936
273 2199
273 4156
276 1452
276 5632
277 2043
277 2312
277 3355
278 1781
281 697
281 1936
281 2252
281 3860
283 4378
284 5185
284 6144
285 4885
286 1245
286 3868
286 6244
287 2618
288 3405
288 4017
289 2148
291 6224
292 1408
292 1767
292 2892
293 1540
293 4894
294 3959
294 5090
294 5489
295 2232
295 6671
296 3637
296 4551
296 4801
296 5683
296 6148
296 6345
297 819
297 3159
298 3858
299 1352
299 1742
299 4321
300 224
300 2808
302 1547
302 1661
303 1110
303 2053
303 4145
304 1930
304 6735
306 943
306 6137
307 3722
307 5553
308 981
308 4392
309 6380
310 2548
310 2657
311 2506
311 6447
312 802
313 3120
313 4385
315 2277
315 5737
317 2473
317 6759
319 1178
319 3667
319 4785
319 6123
320 2272
322 1668
322 1713
322 6417
323 318
323 2088
324 3517
325 217
325 2180
326 2060
328 3278
329 1491
329 3925
330 1844
332 1348
332 1675
332 4694
332 5538
333 582
333 2556
333 4479
333 6264
334 750
335 2028
335 6562
336 763
336 1542
337 3851
337 5257
338 285
338 3519
338 3657
338 6797
338 6915
339 1869
339 1882
340 3370
341 932
341 1126
342 143
342 166
342 318
343 1683
343 2186
343 2930
343 6238
344 40
344 4466
345 1681
345 3867
346 967
346 2900
346 5282
347 513
347 3082
347 3887
347 5507
348 177
348 2408
348 3120
348 4034
348 5670
348 5780
348 6930
349 5681
350 3511
351 1179
351 2162
352 6615
353 4947
354 252
355 1671
355 2966
355 4946
355 6235
356 525
356 2051
356 2073
356 5183
356 6359
357 2381
357 3695
358 2031
361 1911
361 1966
361 3533
361 4981
361 6055
362 205
362 1147
363 1861
363 5630
365 727
365 1330
365 3525
365 4117
365 6829
366 1504
366 6089
367 981
367 6350
368 46
368 1267
368 2402
368 3539
370 1444
370 5038
371 80
372 1877
372 2583
372 4779
373 1979
374 1729
374 4990
376 3213
377 5237
377 5842
378 96
379 2540
379 2665
379 4277
380 1215
380 2634
382 3165
382 4728
382 5992
382 6115
384 252
384 6615
385 4244
385 5194
386 6859
387 4860
387 6096
387 6889
388 2657
389 1640
389 3258
389 3599
391 361
391 6156
393 1082
393 3924
393 6583
394 738
394 3108
395 1964
395 2121
395 3790
397 307
397 2427
398 1765
400 3359
401 2065
402 2088
402 6562
403 260
404 1680
404 3669
405 1115
405 4834
405 6336
406 3413
406 4044
406 6435
407 1433
409 773
409 1600
410 1490
412 903
413 2577
413 3092
414 5655
414 6445
414 6707
415 5323
416 2295
416 2674
416 5669
417 2421
417 2547
418 5367
419 879
419 4961
420 1691
422 2661
424 6148
425 4051
425 5658
426 1658
426 2673
427 5667
427 6555
428 102
428 4511
429 2213
429 3948
430 4071
430 6352
431 675
431 1926
432 663
432 4039
434 5896
435 5373
436 3869
436 6773
438 606
438 4391
440 2563
442 2861
443 2874
444 1867
444 2312
444 3276
444 5418
445 2528
445 5363
446 1608
446 6838
447 1074
447 3559
447 6752
448 5444
448 6192
449 410
449 3173
449 3894
449 4827
449 5241
450 1421
450 1551
450 6127
452 3245
453 2497
453 6494
454 2467
454 6120
455 1290
455 5150
458 1463
458 2955
460 2816
460 6339
462 3698
463 18
463 4483
465 1905
465 6063
467 1363
468 850
468 3623
468 5589
468 6744
469 2731
469 3738
469 4594
469 6277
470 4103
470 4961
472 6404
473 4801
474 342
474 2365
474 6663
476 617
476 4546
478 3166
479 442
480 6163
481 64
481 778
481 1470
482 145
483 5642
484 2252
485 6584
486 4742
486 5109
486 5959
487 755
487 5389
487 6021
488 649
488 2406
489 5257
490 1565
490 4425
490 5196
491 6803
493 2020
493 2131
493 4455
493 4829
493 5591
494 934
495 3823
495 6137
496 1679
496 1861
496 4711
498 2189
499 3473
499 4032
500 3289
500 3337
500 5706
501 3457
502 3546
503 529
503 4821
504 4177
504 5476
504 6357
505 59
505 6752
506 3895
507 1269
507 6749
508 3599
509 2009
510 883
510 1234
510 2394
512 750
512 987
512 4758
513 1792
513 1848
514 1825
514 2854
516 146
516 887
516 4588
516 6596
517 396
518 1332
518 4375
518 6337
519 2891
519 6056
521 1064
522 2579
522 6334
523 4075
523 4379
526 1309
526 5594
527 837
527 3087
527 3218
527 6526
528 4981
528 5816
529 2423
530 6699
531 6119
532 2074
532 2108
532 4182
532 4932
533 957
534 4711
535 424
535 2972
536 458
537 417
537 3176
537 5813
538 4393
539 6636
540 4416
540 4919
541 517
541 3483
544 1664
547 1950
547 6340
548 814
548 1132
549 3289
549 3941
550 954
550 6392
551 1713
553 43
553 820
556 2575
557 661
557 5465
557 6450
558 59
558 239
558 1031
558 3482
558 4224
559 6919
560 2686
560 3181
561 6169
561 6907
562 1184
562 4036
563 1116
563 4439
564 2217
565 960
565 3420
565 4822
565 6562
566 2922
566 4138
566 5772
567 1789
567 5747
570 6121
570 6423
572 5437
574 3075
574 6482
575 5523
576 198
576 1039
577 231
578 1557
579 1484
580 2692
581 119
581 937
581 6889
583 2558
585 1402
586 1324
586 2566
586 2733
586 4955
586 5286
588 2550
588 3277
590 3281
590 4405
591 1595
592 4249
592 6886
594 2608
594 3463
595 5921
596 438
596 459
596 897
596 4237
597 188
597 5217
598 2318
600 2806
601 3027
601 5935
602 1805
602 2482
603 2147
603 2539
603 2563
605 132
605 433
605 6292
606 1143
606 2578
606 6289
607 296
607 5535
608 2232
608 5377
609 1050
609 1427
610 399
610 1222
610 2703
611 4201
611 5806
612 442
613 560
613 3869
614 6
615 295
615 5808
616 3408
617 617
617 4107
618 4636
618 6571
619 2102
619 3300
619 4375
620 5258
620 5326
621 579
621 1381
621 5154
621 5905
622 127
622 3147
622 4187
623 1768
624 6804
625 628
625 2149
625 4683
626 2598
627 4355
628 2128
628 5847
630 2763
631 1531
631 2888
632 2217
632 3823
632 4160
633 2276
633 2895
633 5845
633 6253
634 4903
635 993
635 1205
635 4430
636 281
636 5298
636 6344
637 1078
638 197
638 442
638 3585
638 3940
638 4705
639 3218
639 6449
640 4025
640 4369
640 5510
641 443
642 1495
642 2691
643 3052
643 5036
644 3859
644 6348
645 4500
646 5628
648 2457
649 2933
649 3618
649 5202
650 4776
651 3476
652 5192
653 946
656 1074
657 3510
657 6633
658 16
658 2830
658 4429
658 4785
658 5852
658 6294
659 5237
660 1866
660 2043
660 3316
662 88
663 864
664 5664
665 1449
665 4857
666 2288
667 289
667 389
667 1245
668 29
668 961
668 2573
668 4260
668 5874
668 6205
669 3509
669 6633
670 2594
670 3877
672 3764
673 681
673 1575
674 3357
675 224
676 3025
678 599
678 1673
679 759
679 4869
679 6653
680 861
681 1773
681 2028
682 788
682 3000
682 4964
682 5012
682 5857
685 4772
685 6820
686 3615
686 4450
687 2954
690 325
690 2910
691 4964
692 2434
692 3017
692 4283
693 1269
694 972
694 3374
694 3407
694 3925
695 543
695 2908
695 3848
696 1270
696 3704
696 4705
697 1653
697 1988
698 4566
699 798
700 3523
700 3619
701 2029
702 5311
703 174
703 5664
703 6086
704 1821
705 2794
705 5463
706 1414
707 5163
709 6186
710 3714
710 4322
710 6397
710 6673
711 3217
711 3449
712 6310
715 5918
716 4310
716 6025
717 169
717 2044
717 2886
717 5489
718 372
718 762
718 1454
718 3288
719 2243
719 6653
720 2446
720 5530
720 5709
721 812
721 6750
722 6195
723 2949
723 4347
725 3721
725 4364
726 6581
727 3639
728 4024
729 1950
729 2676
732 1944
732 3115
733 771
733 3757
733 6030
734 506
734 2671
734 5434
736 3925
737 683
737 1141
738 96
738 6678
738 6752
739 1677
740 27
740 1190
740 1290
741 2129
741 3199
742 5321
744 524
744 1182
745 2353
745 4817
746 696
747 1037
747 1561
747 6570
747 6766
748 1565
749 5520
750 962
750 1120
750 3906
750 5988
753 3101
756 2359
757 4293
758 491
758 1225
758 2294
759 4373
761 704
764 2424
765 1074
765 1721
765 4194
766 3304
766 4102
767 1388
767 4274
768 2434
768 2733
768 4027
769 5060
770 2371
771 143
771 1825
772 1891
772 4116
772 4722
772 5512
773 5001
773 6676
774 3422
774 4847
775 3451
775 4191
775 5929
776 1598
778 4061
778 6699
779 396
780 6394
781 804
781 3710
782 3115
783 2435
784 6087
785 959
785 2963
788 5642
790 46
790 5486
792 529
792 1670
792 2417
792 2950
792 3918
793 3126
793 5802
794 624
794 3505
795 4565
796 5935
797 5467
797 6336
798 684
798 3735
798 4171
799 1340
799 4773
800 38
800 4134
801 748
801 967
801 2801
801 2815
801 4843
802 866
802 2834
802 2973
802 4998
802 6797
803 1463
803 2193
803 3109
803 3276
803 5120
805 4700
805 5620
806 5502
806 6369
808 1503
808 2542
808 3986
808 6442
808 6782
809 2409
809 3146
809 6941
810 1696
810 4510
813 3848
813 4573
815 5972
815 6875
816 2744
816 3094
817 2614
818 95
818 4690
818 5002
819 3165
819 3583
820 2277
820 3916
822 293
822 4070
823 1774
823 1784
823 3090
824 3749
824 5097
825 2475
825 3932
828 5560
829 738
829 2976
829 6228
831 1978
832 947
833 3658
834 1404
835 358
835 382
835 6167
836 3526
836 4317
837 1883
837 4215
837 5728
838 4095
838 6085
839 422
839 1810
839 4830
840 5232
840 6753
841 3197
841 4564
841 5297
842 5816
843 3
843 1435
843 1567
843 2394
843 2533
844 923
844 2543
844 3231
844 5296
844 6204
846 2301
846 4229
846 5142
846 5823
846 6883
848 3428
849 696
850 2731
850 4117
851 3294
851 4412
851 5012
853 2076
853 2379
856 637
856 4998
858 2061
858 5872
859 998
860 4533
860 6931
862 5680
863 349
864 94
865 378
865 1958
865 6477
866 1659
866 6129
867 554
867 712
867 6725
867 6863
868 6571
870 551
870 1069
870 5934
871 109
871 4038
872 578
873 2618
873 6148
874 4726
874 6778
875 215
875 2288
875 3360
876 1149
876 6417
877 5358
877 5505
879 3055
879 3789
879 4637
879 5347
880 2036
881 1034
881 5427
881 5829
882 1026
882 1481
882 4482
884 5680
884 6882
887 164
887 1403
887 2804
887 4281
887 6553
889 4024
889 6505
889 6796
890 4097
890 6891
892 2041
892 6886
893 1005
894 4193
895 1901
896 3776
896 6391
897 4435
898 1092
899 1637
899 5768
900 698
901 6688
901 6906
903 2346
903 3860
904 1817
904 5795
905 4117
905 5152
905 5191
905 5843
906 990
906 1258
906 3935
907 527
908 4923
909 3966
909 6238
910 3671
910 3804
910 5199
911 5030
911 6521
913 2782
913 3401
913 5854
914 4570
914 4700
915 4188
919 2265
919 6683
921 3476
923 3153
923 5407
924 856
924 4982
925 4907
927 771
928 620
928 2236
928 4833
929 6423
929 6945
930 1940
930 4988
930 6571
931 431
931 4260
931 4370
932 11
932 4856
932 6475
933 1961
933 5601
934 445
934 762
935 3501
937 137
937 4094
938 639
939 5274
939 5276
939 5889
940 2993
941 4003
941 6379
942 5000
943 27
944 4852
945 6264
947 2161
948 372
948 4703
949 1765
951 2588
951 3296
952 4318
953 702
953 829
954 193
956 2158
956 4144
956 4343
956 4484
956 5056
957 3709
958 2204
958 2939
958 2942
958 3165
959 2003
960 3509
960 4790
961 566
962 3498
963 308
963 469
963 3627
964 1360
966 1420
966 5310
966 6866
966 6898
967 260
967 968
967 3096
968 4031
969 5795
969 6539
970 1323
972 6451
973 1502
973 3442
974 4251
974 5414
976 2241
976 3079
977 1704
977 3503
978 3704
978 6541
979 1496
979 3296
980 2231
980 4043
980 4970
981 2083
981 4324
982 1092
982 1490
982 4234
982 6415
982 6871
983 2358
983 2387
983 2507
983 6165
986 2936
987 4956
987 6794
989 4446
989 5399
991 4253
991 6690
992 313
992 3222
993 1877
993 1961
993 2690
993 3325
994 5470
995 2849
996 2674
997 926
998 2680
998 5178
998 6765
999 181
999 3385
999 3755
999 5677
1000 6685
1001 6337
1002 1431
1004 292
1004 2112
1004 4294
1004 5916
1005 6073
1007 3989
1007 5087
1008 1139
1008 3599
1009 4761
1010 1832
1010 2309
1011 4498
1012 4004
1013 4099
1016 3462
1017 3772
1017 5279
1018 598
1018 4962
1019 5220
1022 319
1022 1728
1023 5230
1024 384
1024 2105
1024 3562
1025 2036
1028 6535
1029 3383
1029 4247
1030 959
1030 1236
1030 2329
1030 5169
1032 1215
1032 5728
1033 108
1033 5621
1033 5653
1033 6637
1034 6284
1036 1454
1036 6763
1038 1098
1038 1105
1038 1454
1038 3095
1038 3993
1038 6157
1039 790
1039 6849
1040 337
1040 2526
1040 2846
1040 3954
1040 6208
1041 4079
1042 5018
1043 5449
1043 5894
1044 2055
1044 5263
1045 447
1045 944
1045 2454
1046 4315
1047 1662
1047 5494
1047 5948
1048 1871
1048 6387
1048 6867
1049 194
1049 4344
1049 5603
1051 199
1052 1499
1054 5370
1055 82
1055 6742
1056 1764
1056 6136
1057 3964
1058 3584
1060 6534
1061 6796
1062 1948
1062 4740
1064 439
1064 480
1064 1490
1065 1751
1066 5037
1067 575
1067 3388
1070 3440
1071 1955
1071 3090
1071 3443
1071 5682
1071 6891
1072 101
1073 1520
1075 2402
1075 6292
1076 1267
1076 1614
1076 6765
1077 1431
1077 2401
1077 5886
1078 3793
1080 509
1080 2130
1081 6459
1082 1760
1082 5821
1083 1404
1083 5480
1084 6088
1085 1089
1087 3643
1087 4998
1087 5747
1088 776
1088 2331
1088 6287
1088 6892
1089 4068
1090 651
1090 4083
1090 6159
1090 6702
1091 1812
1091 2948
1094 4249
1094 6266
1095 260
1095 4858
1096 68
1096 6481
1097 1424
1097 2672
1097 4315
1098 1423
1098 2314
1099 3085
1099 3215
1100 3906
1100 6708
1102 3248
1102 4731
1102 5383
1103 1204
1103 1489
1103 3356
1105 153
1105 5185
1105 5901
1106 4
1106 6226
1108 129
1108 2619
1110 2035
1110 6560
1111 2869
1112 636
1112 6079
1113 4976
1113 5927
1115 1740
1115 2919
1115 4770
1115 6800
1116 533
1117 5032
1118 2516
1118 6102
1119 948
1119 4263
1119 4336
1120 2719
1120 6363
1121 3725
1122 6777
1123 2288
1123 3510
1124 6575
1125 6095
1126 3242
1126 6258
1127 3301
1128 770
1128 3360
1128 4026
1129 2167
1129 6210
1130 2894
1130 6631
1131 2747
1132 3952
1132 6168
1132 6620
1133 1085
1133 4716
1134 2449
1134 5290
1135 335
1137 3327
1138 1646
1141 3767
1141 4540
1141 5842
1142 1961
1142 1986
1142 6592
1143 3667
1144 1849
1145 1490
1145 4821
1146 3650
1147 5105
1147 5646
1147 5903
1147 6253
1149 5616
1149 5981
1150 1977
1150 3798
1151 2935
1151 6401
1152 2500
1152 5934
1153 2007
1154 6118
1155 2097
1156 3885
1158 3848
1160 2087
1162 3103
1162 3868
1162 4095
1163 664
1164 225
1164 5475
1165 2006
1165 2265
1166 4718
1167 2408
1167 6632
1168 2384
1170 6365
1173 2493
1173 6471
1174 526
1174 4326
1174 5698
1175 2855
1175 6088
1176 3004
1176 3089
1176 4135
1176 4677
1177 3893
1177 6743
1178 2598
1178 4710
1179 38
1179 243
1179 4156
1179 4596
1179 6518
1180 4261
1180 4494
1181 1098
1181 5486
1181 6681
1182 3698
1183 2560
1184 6130
1185 6023
1186 1230
1186 1781
1189 1847
1189 2821
1189 4061
1191 2916
1192 1177
1192 4570
1193 668
1193 4600
1195 4798
1196 312
1196 2289
1197 4871
1198 3539
1199 345
1199 380
1199 2537
1200 3918
1201 493
1201 947
1201 3036
1201 4600
1202 276
1202 2959
1203 4790
1203 6747
1204 2051
1204 3787
1204 4027
1204 5153
1205 630
1206 1869
1206 3943
1206 5619
1206 5727
1207 2466
1207 4710
1208 117
1208 2018
1209 1088
1209 5166
1209 6639
1211 2688
1213 670
1214 5963
1215 2874
1216 73
1216 1118
1216 2022
1216 5589
1217 6148
1218 1886
1220 4111
1220 5011
1220 6922
1223 5848
1224 3696
1225 337
1225 5247
1227 2062
1227 3125
1227 4867
1228 4951
1229 6116
1230 2865
1230 5199
1231 3287
1231 5708
1231 6867
1232 4509
1233 2922
1233 5906
1235 4964
1237 63
1238 2449
1239 216
1239 1330
1239 3111
1239 5554
1240 6501
1241 308
1241 575
1241 2631
1241 5576
1241 6295
1242 900
1242 6315
1243 1062
1243 3642
1244 4670
1245 2150
1245 4964
1247 1491
1248 2578
1248 3619
1249 2490
1249 2914
1250 5166
1251 3586
1251 4395
1251 4792
1252 5185
1252 5386
1253 3411
1253 4399
1253 5553
1255 2716
1255 2845
1255 5526
1256 2236
1256 3104
1257 1779
1259 3494
1260 647
1260 5131
1260 6740
1261 4210
1261 4681
1262 2393
1262 3155
1262 5886
1263 6660
1264 4573
1264 5388
1265 1704
1265 5353
1266 2726
1266 4491
1266 5670
1267 5495
1268 4919
1268 4956
1269 4323
1270 4017
1270 5994
1270 6668
1271 6036
1272 1505
1272 4666
1272 4693
1272 4913
1272 6918
1273 1102
1273 1882
1274 1170
1275 3672
1276 455
1276 1628
1276 5457
1277 1031
1279 1382
1279 6848
1280 52
1280 3761
1282 366
1283 4005
1283 4185
1284 1732
1284 4815
1284 4910
1285 1736
1285 2651
1286 1602
1286 1898
1287 3542
1288 5217
1289 5175
1290 4139
1291 2032
1291 2189
1291 3097
1291 5496
1291 6131
1292 2685
1292 5399
1293 3127
1293 5136
1294 6651
1295 5725
1296 685
1296 2477
1296 2662
1296 3110
1297 64
1297 1643
1297 3054
1297 6686
1299 751
1299 1193
1300 3324
1300 4317
1301 6841
1302 1547
1302 3566
1302 3630
1302 3867
1303 1935
1303 6916
1305 5153
1307 2735
1307 4390
1308 3231
1308 3281
1308 6057
1308 6433
1308 6483
1310 326
1310 716
1310 2578
1310 3341
1310 3600
1310 5875
1311 362
1311 5170
1311 5914
1312 2169
1312 3463
1312 6283
1312 6353
1313 2044
1315 1542
1315 3385
1315 5269
1316 3082
1316 3741
1318 4829
1320 5323
1322 6722
1323 1058
1323 1791
1324 6719
1325 4074
1326 683
1326 841
1326 4033
1327 3766
1327 6726
1329 2979
1329 6909
1330 2538
1330 6266
1330 6653
1331 430
1332 5809
1333 45
1334 6660
1336 2727
1336 6292
1337 1086
1337 6291
1338 2580
1339 3189
1340 2678
1340 4831
1340 4914
1340 5876
1341 6598
1343 725
1344 6467
1345 833
1345 2359
1346 4685
1347 1959
1347 4752
1347 4914
1349 3977
1349 6152
1350 723
1350 1653
1350 3873
1350 4927
1351 927
1351 4683
1351 6560
1351 6899
1352 1958
1352 3230
1352 6705
1353 2889
1354 2371
1354 2451
1354 5318
1354 5344
1355 3750
1355 5488
1355 6209
1357 2791
1357 4888
1358 1784
1358 3382
1358 5701
1359 920
1361 2177
1361 4388
1361 5806
1362 182
1363 5046
1363 5095
1365 1111
1366 5813
1366 6174
1366 6192
1367 81
1367 3798
1369 1051
1369 1552
1369 2212
1369 4172
1369 4435
1370 1989
1371 2328
1374 104
1376 2535
1377 3177
1378 5638
1379 1161
1380 914
1380 1573
1381 3412
1381 5199
1381 5734
1382 3227
1382 3520
1383 4013
1383 6928
1385 1753
1386 1248
1386 2339
1386 5324
1388 6042
1389 4826
1389 6738
1390 1526
1390 1627
1390 5002
1391 1312
1391 1662
1391 5091
1391 5312
1391 6896
1393 4497
1394 869
1394 3693
1395 1066
1395 2184
1395 4283
1396 3486
1396 5497
1397 1905
1397 4324
1398 5798
1400 4229
1402 2386
1402 2826
1403 1791
1404 4570
1404 4857
1404 4914
1404 6546
1404 6745
1405 225
1405 2201
1405 6882
1408 5900
1408 6516
1409 1308
1410 313
1410 1960
1410 2212
1411 6175
1411 6674
1412 987
1412 4821
1413 95
1414 105
1414 1767
1414 2364
1414 4590
1414 6463
1415 1982
1416 4227
1416 6299
1417 2157
1418 3566
1419 902
1419 4246
1420 3081
1420 5336
1422 2824
1422 5137
1423 862
1423 864
1423 2039
1423 2496
1423 2521
1423 5352
1423 5869
1424 129
1425 2763
1426 3590
1428 4129
1428 4699
1428 5994
1429 139
1429 2092
1429 3314
1429 4208
1431 3127
1431 6567
1432 2124
1432 2523
1432 3937
1432 4637
1432 4643
1434 1709
1434 3652
1435 3179
1436 2304
1436 6164
1438 1180
1439 653
1440 2464
1440 4441
1440 5202
1440 6914
1441 2449
1441 2630
1441 5363
1441 5904
1442 317
1442 422
1442 1761
1442 3390
1442 6431
1443 4211
1444 4936
1445 2085
1446 4011
1446 5778
1447 757
1448 2486
1448 3987
1448 5317
1448 6615
1448 6889
1449 4517
1450 206
1451 1496
1452 6590
1453 3044
1454 2185
1455 1146
1456 844
1456 5869
1458 692
1460 639
1461 140
1461 1931
1461 2842
1461 3261
1463 3749
1464 1764
1464 5712
1464 6103
1465 2745
1465 4086
1466 498
1467 541
1467 5581
1468 1195
1468 1648
1468 1826
1468 2224
1468 4115
1468 5049
1468 5807
1469 5337
1470 3526
1470 5618
1472 4997
1472 5294
1472 5581
1473 4666
1475 3625
1476 3876
1478 2663
1478 5366
1480 3003
1480 6077
1480 6934
1481 1209
1481 2163
1482 1908
1482 3015
1482 3898
1483 2632
1484 523
1485 5568
1486 4459
1487 5227
1489 1278
1489 2998
1490 4958
1491 2947
1492 899
1492 3194
1493 1383
1493 3135
1495 4591
1496 2931
1496 3614
1496 6850
1497 1127
1497 1965
1498 2597
1499 3382
1500 101
1500 1391
1501 4543
1501 5776
1502 2621
1503 5909
1503 6223
1505 5010
1506 3434
1507 230
1507 5165
1507 5304
1508 3039
1508 3526
1509 1987
1511 350
1511 3990
1512 2823
1513 678
1513 6560
1514 1171
1514 1226
1514 1536
1514 5954
1515 1426
1516 830
1516 1165
1516 6928
1517 5760
1517 6478
1518 630
1518 3208
1518 3885
1518 4501
1520 2760
1522 3772
1522 6315
1524 1050
1524 1734
1524 3741
1524 4973
1525 2660
1526 760
1526 2674
1528 4447
1528 4645
1529 4990
1529 5768
1531 2910
1533 1690
1533 3644
1534 4576
1534 5632
1535 258
1537 56
1537 913
1537 1199
1538 1922
1538 2890
1540 4352
1540 5832
1541 5563
1541 6357
1542 638
1542 2220
1544 1409
1544 1445
1544 4262
1545 234
1545 4349
1546 113
1546 266
1546 730
1546 1610
1546 3392
1546 5667
1547 5210
1549 2162
1549 3602
1549 6017
1550 2528
1550 4887
1551 374
1552 2225
1552 3940
1552 4493
1553 1895
1553 5805
1554 2167
1555 2620
1555 5760
1557 3060
1557 3603
1558 1297
1558 1469
1558 1668
1558 6079
1561 3519
1561 6808
1562 1946
1562 4441
1562 4877
1563 4279
1564 5845
1564 6258
1566 265
1566 1057
1566 6039
1566 6121
1568 3298
1568 5434
1569 816
1569 5304
1569 5942
1572 3441
1573 1316
1573 2529
1575 1997
1575 3484
1575 3722
1575 6347
1576 1245
1576 1671
1576 6647
1577 397
1577 2588
1578 1027
1578 6676
1579 305
1579 2302
1580 3616
1580 5997
1580 6355
1581 2267
1581 6277
1582 1093
1582 2516
1582 6046
1583 2742
1583 4146
1583 5556
1583 6873
1585 3118
1585 4275
1585 5470
1585 5797
1586 3519
1588 4519
1589 4503
1589 6421
1590 1537
1591 505
1593 238
1594 188
1594 812
1594 4562
1595 3178
1597 5297
1599 74
1599 301
1599 3212
1600 1215
1600 3816
1601 3047
1602 3899
1604 2331
1605 3332
1606 3610
1607 528
1607 3995
1608 1269
1608 5542
1608 6836
1609 4028
1610 948
1610 3091
1611 6481
1612 2888
1612 5140
1614 1445
1614 2129
1614 3285
1614 3532
1614 3679
1615 1489
1615 3129
1617 2798
1617 3402
1617 5269
1618 3053
1618 6930
1619 3348
1619 4413
1619 6535
1620 1892
1620 2515
1621 1627
1621 5985
1622 1958
1623 5671
1624 4732
1625 4336
1627 790
1627 3001
1627 5018
1628 2044
1628 5441
1629 671
1629 4822
1630 6308
1631 3685
1631 5648
1631 6370
1632 1008
1632 5418
1632 5879
1633 3579
1634 4037
1636 1525
1636 5391
1638 4097
1640 367
1640 502
1640 4332
1640 5040
1641 5031
1642 197
1643 4488
1645 1563
1645 2950
1645 6267
1645 6874
1647 772
1647 3280
1647 3927
1648 2009
1648 6387
1649 2457
1649 4160
1650 488
1651 2124
1652 4906
1653 5552
1654 1087
1654 3257
1654 6327
1655 2588
1656 2714
1656 4606
1657 679
1658 1046
1658 6299
1659 4197
1661 374
1662 6326
1663 143
1663 928
1663 3619
1663 5932
1664 4791
1665 6653
1666 3893
1666 4927
1667 2585
1668 6507
1669 6222
1670 1451
1670 2161
1671 1431
1671 5503
1672 3795
1673 4377
1674 6279
1676 2790
1677 512
1677 1948
1677 3209
1677 5146
1679 1201
1679 3304
1679 3497
1679 6504
1681 3114
1681 6403
1682 365
1683 957
1683 2429
1684 2856
1684 4610
1685 592
1685 5545
1687 2161
1687 2406
1688 1415
1688 5626
1689 5660
1689 5737
1691 4930
1692 638
1692 4103
1693 1067
1693 3611
1693 5645
1695 6566
1696 248
1697 299
1698 1131
1698 5094
1698 6039
1699 633
1701 375
1701 3300
1702 3268
1706 1589
1706 4208
1706 4493
1707 2329
1707 5261
1709 164
1709 2192
1710 2819
1710 3661
1710 4830
1710 5162
1710 5945
1710 6159
1711 5811
1712 1006
1712 4663
1713 568
1714 4288
1714 6034
1716 2830
1717 1400
1717 1627
1719 2927
1721 3791
1721 6669
1724 4693
1726 1764
1726 3692
1728 1970
1728 2594
1728 2764
1728 3767
1728 5648
1729 1555
1729 6086
1729 6530
1732 487
1732 3268
1732 5139
1732 6457
1734 392
1737 1555
1737 4499
1738 1680
1738 2292
1738 6463
1739 1960
1739 5324
1740 3752
1741 4279
1742 228
1742 1772
1742 6161
1743 2788
1743 5045
1744 855
1744 3791
1744 4449
1744 6854
1745 3037
1745 6400
1748 6481
1748 6850
1749 632
1749 5445
1750 3164
1750 6445
1751 1632
1751 6820
1752 6588
1753 461
1754 2348
1758 167
1758 6832
1761 4536
1761 5217
1762 350
1763 2430
1763 2607
1763 2874
1763 4720
1763 6376
1764 6324
1765 1138
1765 6620
1766 4991
1767 5404
1768 6152
1768 6689
1769 3602
1769 3909
1770 912
1770 2449
1770 2925
1772 1082
1772 6538
1773 2146
1773 5582
1775 4521
1775 4782
1775 6682
1776 1587
1778 344
1778 6398
1779 1142
1780 1210
1780 5568
1780 6101
1783 2071
1784 222
1784 1240
1784 1637
1784 3833
1786 2054
1787 3835
1787 5712
1788 3707
1789 4303
1792 3895
1793 4698
1794 1772
1794 2204
1794 6236
1795 1034
1796 401
1796 1456
1796 1513
1796 4166
1796 4681
1797 2397
1799 1972
1799 5035
1799 5131
1800 1143
1800 2018
1802 2613
1802 3764
1802 5941
1802 6597
1803 6242
1805 4917
1806 1832
1806 3293
1807 1969
1807 6013
1808 219
1808 751
1808 4931
1810 218
1813 5109
1813 5126
1813 6617
1815 1098
1815 2705
1815 2769
1816 4565
1816 5109
1818 3145
1819 2298
1820 2660
1820 2732
1820 6411
1821 2365
1821 5719
1824 1356
1824 2672
1825 4875
1825 6070
1826 1267
1826 6699
1827 2509
1827 3396
1830 2393
1830 4326
1830 4474
1831 1783
1832 4833
1833 128
1833 3931
1833 4669
1834 5413
1835 1626
1835 2430
1836 2956
1836 5400
1836 6589
1837 281
1837 3104
1839 1399
1841 4510
1842 393
1842 6213
1843 527
1843 6116
1844 3195
1844 6136
1845 2915
1845 4518
1845 4879
1847 3131
1849 3892
1849 4113
1850 6419
1850 6437
1851 2765
1851 2855
1851 6317
1852 287
1852 3588
1852 4931
1852 5485
1852 6011
1853 2770
1853 6938
1855 642
1856 6026
1856 6249
1857 290
1857 2512
1857 4404
1858 4818
1861 904
1862 1245
1862 3549
1862 5834
1863 5573
1863 5813
1864 3114
1865 2320
1867 6774
1868 2655
1868 3687
1868 6391
1871 2174
1872 369
1873 613
1874 494
1874 2926
1874 3148
1875 3208
1875 4075
1876 1849
1876 2173
1877 3504
1877 6403
1877 6856
1878 4058
1878 5466
1880 1059
1882 6196
1883 1500
1884 2871
1884 3445
1885 4069
1886 249
1886 664
1886 1397
1886 3312
1887 81
1888 3660
1888 3661
1889 56
1889 2241
1890 2609
1890 6537
1892 292
1892 1185
1892 6430
1893 5296
1895 1628
1895 5541
1896 1239
1897 2513
1898 673
1899 6017
1899 6225
1900 2487
1901 5602
1901 6372
1905 564
1905 4477
1906 2377
1908 4235
1909 3494
1909 3907
1909 4841
1910 5953
1910 6011
1911 2411
1911 3635
1913 1014
1914 552
1914 5970
1916 4247
1916 5870
1916 5998
1917 2181
1921 1537
1922 209
1923 6176
1924 587
1924 2373
1926 3268
1927 269
1927 2327
1927 4637
1927 5105
1928 351
1928 2843
1928 4985
1929 160
1929 580
1929 3285
1929 6076
1931 4507
1931 4882
1931 5020
1934 2053
1934 6013
1937 241
1937 1145
1937 2501
1937 5338
1938 875
1938 1517
1938 3466
1938 4689
1939 4685
1939 5805
1941 2344
1944 63
1944 1282
1944 3372
1945 1896
1945 2735
1946 3674
1946 4922
1946 6938
1947 1256
1948 1498
1949 1221
1950 4401
1952 3240
1952 6479
1953 6042
1954 3299
1954 4976
1955 3027
1956 1743
1956 6135
1957 3648
1957 5685
1959 4120
1959 4155
1960 2665
1962 2795
1962 3093
1962 5203
1964 709
1964 1970
1965 1216
1966 792
1967 3900
1967 4899
1969 5930
1971 4122
1971 5960
1972 43
1972 1562
1972 4053
1972 6310
1973 2665
1973 5105
1975 3875
1976 2064
1977 1474
1977 4287
1977 4573
1978 698
1978 3195
1979 3706
1980 2630
1981 1634
1982 1354
1982 2752
1982 3728
1985 65
1986 106
1986 2913
1986 5145
1986 5405
1987 911
1987 2679
1987 6557
1991 2249
1992 5282
1993 2074
1993 4362
1993 5513
1993 5680
1995 436
1995 3353
1996 4905
1996 5029
1997 4195
1998 708
1998 6851
2000 3753
2000 5270
2001 5155
2002 4872
2002 6211
2003 473
2003 2931
2003 4712
2003 6368
2004 4801
2005 1845
2005 3719
2006 2726
2007 4852
2008 10
2008 6637
2011 5335
2011 5928
2012 609
2014 1722
2014 6675
2015 114
2015 746
2015 1435
2017 477
2017 6945
2018 1989
2018 4680
2020 726
2020 2729
2021 2988
2022 5955
2023 239
2023 715
2023 3787
2023 4727
2026 2363
2027 1738
2028 4776
2029 6521
2030 674
2030 4704
2030 6207
2032 64
2032 212
2033 5129
2035 4505
2036 1755
2036 2868
2036 3129
2037 3888
2037 6440
2039 1491
2039 2937
2040 630
2040 5388
2041 2708
2042 2420
2043 15
2043 691
2043 1142
2045 980
2045 3924
2046 1442
2046 3598
2046 5228
2046 5644
2047 4821
2048 1983
2050 1719
2050 6159
2051 2104
2052 5779
2053 2972
2053 4455
2053 6649
2054 3207
2055 1547
2056 5061
2057 6472
2058 6406
2058 6754
2059 5946
2060 1557
2060 3940
2061 1670
2061 4540
2062 4326
2062 5390
2062 6216
2062 6631
2063 902
2063 4782
2064 1088
2064 3552
2065 3042
2065 4448
2065 4981
2066 1427
2067 3160
2067 4892
2067 5978
2067 6704
2068 2483
2068 2936
2069 435
2071 5041
2071 5833
2072 1218
2072 5450
2073 4696
2073 6003
2075 737
2076 2692
2076 5872
2077 4118
2078 3497
2078 4822
2079 4434
2079 6801
2080 5187
2083 4378
2086 1273
2086 4257
2086 5239
2086 5240
2087 609
2087 4570
2088 309
2089 5126
2091 3316
2092 610
2094 20
2094 431
2095 1417
2095 4195
2095 5918
2096 2074
2097 840
2097 2620
2097 3895
2097 4536
2098 6608
2099 2298
2099 6362
2100 1135
2100 5146
2101 767
2101 4770
2101 6334
2101 6865
2103 1493
2103 2758
2104 2516
2104 4463
2105 2786
2105 3648
2106 3733
2106 6548
2108 387
2108 1060
2108 2336
2109 151
2109 1925
2110 5352
2111 1159
2111 6722
2112 6581
2113 726
2113 1079
2113 5699
2115 2746
2115 4579
2116 1855
2116 6521
2117 440
2120 2020
2120 2115
2121 3842
2121 4061
2121 5092
2123 4168
2124 467
2124 3152
2124 4854
2125 5333
2125 6325
2127 4338
2127 5444
2128 3963
2128 5024
2128 6352
2129 3441
2129 3528
2129 6633
2130 6831
2131 3711
2132 1631
2132 4262
2133 3333
2133 5214
2134 4255
2134 4387
2134 5550
2135 4927
2135 6365
2136 4444
2138 4461
2139 1147
2139 1887
2140 508
2142 2144
2145 4884
2146 1285
2146 2871
2146 6345
2147 806
2147 5862
2147 5895
2147 6040
2148 4782
2149 1441
2150 5760
2151 2585
2153 2829
2154 2920
2155 6015
2156 5720
2157 1854
2157 2200
2157 5724
2158 6689
2159 4145
2159 6349
2160 5457
2160 5805
2160 6301
2161 754
2161 5906
2162 1081
2162 2410
2162 4583
2163 355
2163 4638
2165 2768
2165 5355
2166 3712
2167 347
2167 2502
2168 1826
2169 1011
2172 1718
2172 6645
2173 278
2173 3672
2175 734
2175 1728
2175 3478
2176 1690
2176 1809
2176 2029
2176 4084
2177 6843
2178 3113
2178 5287
2178 5953
2178 6216
2180 4209
2180 5118
2180 5339
2181 1589
2182 3144
2182 5406
2184 1507
2188 4304
2189 2065
2189 4947
2189 6906
2190 6326
2190 6472
2191 1156
2191 1470
2192 1403
2193 59
2193 788
2193 2563
2194 5389
2195 1419
2196 2675
2197 6413
2198 2028
2199 3228
2199 4142
2200 1020
2200 4257
2201 3561
2201 5232
2202 1146
2202 3630
2202 6934
2204 2111
2205 1300
2205 5805
2205 6431
2206 5216
2207 6128
2208 1673
2208 6298
2209 308
2209 2039
2209 3764
2209 4005
2209 4827
2210 3988
2210 4562
2210 4812
2210 5994
2210 6496
2211 3069
2214 1792
2215 961
2216 1612
2216 2024
2216 3806
2218 1188
2218 3095
2218 3283
2218 5872
2218 6471
2219 6545
2220 5773
2221 1693
2223 5977
2224 4743
2224 5232
2225 4975
2225 6603
2225 6701
2226 2319
2226 2596
2226 3205
2226 5769
2227 3386
2227 4472
2228 1515
2228 4540
2230 2309
2232 5637
2233 1882
2234 6489
2236 3128
2237 2830
2237 3139
2240 949
2240 2511
2240 6201
2241 4265
2242 168
2242 984
2242 1544
2242 4243
2243 1442
2243 2198
2245 4084
2251 2629
2251 5505
2252 6726
2253 2063
2253 5991
2255 251
2255 321
2256 5105
2256 5503
2258 5066
2259 3227
2259 4814
2260 6039
2261 1264
2261 3168
2262 1453
2262 3003
2262 3392
2262 4202
2262 4666
2263 4594
2264 2612
2264 2924
2264 5332
2265 1997
2266 2779
2266 3716
2267 1347
2267 6780
2269 1992
2269 2613
2269 2925
2270 5425
2271 6531
2272 3681
2272 4637
2272 6183
2273 3905
2274 2592
2274 4457
2275 5247
2276 1077
2277 120
2277 798
2278 3929
2279 5865
2280 6893
2281 4871
2282 4493
2284 1783
2284 3173
2286 5036
2286 6007
2287 2151
2288 441
2288 4130
2288 6631
2289 582
2289 3736
2290 2401
2290 5259
2290 5586
2291 1704
2292 2420
2292 5228
2293 209
2293 1128
2294 129
2294 1654
2294 4037
2295 4972
2297 3129
2298 5219
2299 1484
2300 124
2300 2102
2300 2812
2301 1232
2301 1334
2302 1685
2302 2593
2302 5678
2302 6132
2304 929
2305 1205
2305 1261
2306 3195
2306 3913
2306 5676
2307 908
2307 2845
2308 3860
2309 2
2309 25
2309 1973
2309 2686
2309 3896
2309 5110
2310 4237
2311 3122
2311 6272
2311 6906
2312 2986
2312 4151
2312 6570
2313 629
2313 3838
2313 6816
2314 4308
2314 6643
2316 171
2316 384
2316 3175
2316 6752
2317 2072
2318 177
2318 410
2318 984
2319 3119
2319 4564
2320 6204
2324 6303
2325 2631
2325 4882
2326 3125
2328 3545
2328 5088
2329 2173
2330 2529
2331 322
2331 4376
2331 4591
2332 1344
2332 6721
2334 3885
2334 6729
2336 246
2336 3478
2337 802
2337 2078
2337 6346
2338 39
2339 274
2340 340
2340 1792
2340 6269
2341 5072
2341 6154
2342 3890
2343 911
2343 3195
2344 320
2344 4800
2344 6200
2345 3488
2345 6119
2346 4976
2346 6701
2346 6929
2348 1658
2348 4434
2348 4566
2348 6910
2349 525
2349 1334
2349 1929
2351 1377
2351 3899
2351 4003
2351 5319
2352 653
2352 3133
2353 29
2353 4710
2354 2810
2354 2925
2354 6725
2355 510
2358 3366
2360 300
2360 817
2360 1881
2361 1426
2362 2005
2362 5894
2363 3945
2364 941
2365 4108
2366 1298
2366 6206
2367 4909
2367 6166
2368 1823
2369 699
2369 4709
2369 5283
2369 5469
2371 2735
2371 5397
2372 5665
2372 6757
2373 3846
2373 4587
2374 2229
2374 4671
2375 4159
2376 1256
2376 2687
2377 423
2377 1172
2377 4487
2378 5351
2378 5397
2378 6670
2379 1130
2381 1639
2382 4339
2382 4932
2383 4094
2383 4566
2384 789
2384 1225
2384 1510
2384 4556
2385 5283
2386 2593
2386 5321
2387 4140
2387 4142
2388 280
2388 5058
2389 741
2390 4090
2391 1953
2391 4422
2391 6329
2392 35
2392 2700
2392 6686
2395 1833
2395 2607
2395 4068
2396 2440
2397 5265
2397 6306
2398 3716
2398 4862
2398 6174
2399 112
2400 876
2401 2879
2402 5934
2403 2358
2403 2921
2403 5915
2405 5127
2405 6696
2406 603
2407 2280
2409 5006
2410 3315
2410 4356
2411 3673
2413 4011
2413 4146
2414 352
2415 57
2415 984
2416 1382
2416 4661
2418 2935
2418 5004
2418 6654
2419 5791
2420 6121
2421 328
2421 880
2421 3206
2421 3619
2422 2559
2422 5020
2422 6912
2423 3687
2423 6777
2427 4243
2429 1408
2430 4752
2434 203
2434 1324
2435 977
2436 379
2437 1007
2437 3706
2437 4303
2437 6224
2438 3616
2438 6469
2439 2078
2439 5196
2441 2842
2441 4153
2441 5972
2441 6421
2442 4693
2443 1826
2443 2312
2443 4680
2444 480
2444 859
2444 1293
2444 5363
2446 418
2446 3640
2448 564
2448 5257
2448 6920
2449 1711
2449 3761
2449 3920
2450 1120
2450 6443
2451 1252
2451 3333
2451 4244
2451 4643
2453 98
2455 1779
2457 4093
2457 5963
2458 735
2459 1129
2460 4084
2462 2284
2462 5457
2464 3167
2464 4291
2465 4119
2466 2134
2466 4418
2467 3405
2467 5111
2468 6064
2468 6294
2469 753
2469 3031
2469 3844
2471 554
2471 3493
2472 3588
2473 3740
2473 5581
2473 6685
2475 579
2476 920
2477 359
2477 3215
2480 3533
2480 6015
2481 4279
2482 599
2482 2707
2483 2221
2483 4307
2483 5196
2484 3471
2484 3659
2485 2094
2486 2092
2486 3316
2486 4955
2487 1196
2488 2742
2489 2428
2489 4375
2489 5311
2490 860
2490 1775
2490 2387
2491 5448
2491 5986
2491 6258
2492 2197
2492 6795
2493 678
2494 6623
2494 6843
2495 27
2495 1646
2495 3131
2496 412
2496 897
2496 2737
2496 4798
2497 805
2498 267
2499 4784
2500 355
2500 643
2500 2490
2500 5252
2500 5512
2501 2436
2501 5794
2501 6134
2502 5391
2502 6230
2503 698
2503 4328
2503 4434
2504 2787
2504 3990
2507 3283
2509 47
2509 4634
2510 3722
2511 5971
2513 978
2513 2872
2513 5651
2516 755
2516 5058
2519 3742
2519 3798
2519 4855
2520 5419
2520 6698
2521 658
2522 947
2523 928
2523 4089
2523 4692
2525 2376
2525 5656
2527 1077
2527 4948
2528 233
2528 4842
2529 6390
2530 2021
2530 3742
2531 2125
2531 6589
2532 787
2533 6505
2534 9
2534 2094
2535 2759
2536 2948
2536 6294
2536 6389
2539 3771
2539 4855
2539 4888
2541 3814
2542 5859
2543 1201
2543 2807
2543 2917
2543 5075
2544 2048
2545 4300
2547 4177
2548 1998
2548 2320
2549 6193
2549 6847
2550 118
2550 2503
2550 6698
2551 3507
2551 4867
2551 6797
2553 1083
2553 4779
2555 1509
2555 1866
2556 3772
2557 445
2558 151
2558 5044
2559 2540
2559 5482
2560 1555
2560 2328
2561 1900
2561 4881
2562 272
2562 2660
2563 5642
2563 6321
2564 2888
2564 3278
2564 4767
2565 946
2565 1989
2565 2049
2565 4467
2565 6891
2566 84
2566 2093
2566 5522
2568 325
2568 1042
2568 3600
2569 3895
2570 2201
2570 5709
2571 2529
2572 5836
2573 5080
2574 4221
2575 310
2575 1139
2575 4609
2577 2938
2577 4817
2579 190
2581 3180
2581 5692
2582 587
2583 3623
2584 3032
2585 1740
2587 5666
2587 6136
2589 1455
2589 2114
2589 2262
2589 5782
2589 5980
2590 5585
2590 5935
2590 6578
2591 665
2591 3330
2591 3679
2591 4341
2591 4737
2591 6668
2594 2608
2594 2882
2594 6813
2595 2749
2596 4148
2597 4114
2599 5586
2600 1468
2600 4576
2601 2248
2602 2449
2602 2802
2604 2120
2604 5148
2605 3165
2606 2646
2606 3663
2606 5526
2607 1277
2608 1693
2608 3835
2609 1363
2609 2432
2609 3066
2609 3492
2610 2873
2610 4954
2611 650
2611 5035
2613 1138
2613 3785
2614 3945
2614 4051
2614 4818
2614 5076
2615 1339
2615 1410
2616 4023
2616 5106
2617 5670
2618 6184
2618 6375
2619 5194
2620 1220
2621 1408
2621 4130
2622 392
2622 3199
2623 2719
2623 4950
2624 2797
2626 2950
2628 4061
2628 5266
2629 2906
2630 4192
2630 5568
2630 6342
2632 4742
2632 5776
2632 5791
2633 1717
2635 1578
2635 6130
2636 4779
2636 4891
2637 1395
2638 845
2639 949
2639 2995
2639 4368
2639 4983
2639 6032
2640 5386
2641 3524
2641 5848
2642 1572
2642 2940
2642 5341
2644 4356
2645 3185
2645 4221
2647 4495
2647 6301
2648 2661
2649 2584
2649 6655
2650 558
2650 3449
2651 93
2651 1347
2651 5219
2652 3082
2652 3694
2652 5597
2652 5853
2653 3405
2654 5265
2654 5788
2656 3947
2656 5568
2657 1622
2657 3286
2657 6003
2658 3746
2658 4326
2660 3940
2660 4173
2660 4283
2660 6635
2661 907
2665 6938
2666 3268
2666 5548
2666 5893
2669 4974
2670 1137
2671 1794
2671 3720
2671 5611
2672 1893
2672 1909
2672 4587
2672 4713
2673 4335
2673 5473
2674 383
2674 2220
2674 3727
2674 4312
2674 6838
2675 5921
2676 162
2676 5812
2676 5835
2676 6008
2678 2883
2678 2980
2678 5058
2679 1401
2679 2890
2679 3326
2679 4833
2680 434
2680 2214
2681 4053
2682 6706
2683 6654
2684 2065
2684 5607
2685 2112
2685 5184
2687 1598
2688 3086
2689 5217
2690 18
2690 1784
2691 986
2692 3423
2693 870
2694 3617
2694 4109
2695 2278
2695 2719
2695 5812
2695 6021
2696 432
2696 2675
2698 4433
2699 5198
2700 2960
2704 4536
2705 3957
2705 4246
2706 4516
2707 1835
2707 3152
2707 6679
2708 5026
2708 6231
2710 5653
2711 212
2711 788
2711 1906
2711 4615
2712 19
2712 2521
2712 2916
2712 3892
2713 1147
2713 5346
2713 6025
2714 4440
2715 5763
2716 3810
2716 5265
2716 6292
2717 4413
2717 5612
2717 5759
2718 2207
2718 2531
2718 5237
2719 33
2720 2369
2720 3031
2720 3763
2720 3926
2720 5194
2722 4100
2724 3052
2724 4313
2724 6009
2725 3669
2725 4983
2726 2972
2728 112
2729 970
2729 2868
2729 6508
2731 355
2731 5785
2732 4689
2732 5625
2733 4409
2733 6524
2736 3933
2738 3985
2738 5047
2739 308
2739 6945
2740 3256
2741 2338
2741 2962
2741 5367
2742 3043
2742 3946
2742 6420
2743 5029
2743 5295
2744 189
2744 373
2744 2327
2744 2969
2745 1191
2746 6873
2747 2495
2747 3155
2747 3537
2747 3609
2748 1501
2748 4405
2748 6798
2750 104
2750 2415
2750 4381
2750 6596
2751 37
2751 3093
2751 4011
2751 6909
2752 6797
2753 945
2753 1038
2753 1486
2753 5472
2755 1408
2755 1727
2755 4713
2756 491
2756 2123
2756 2832
2757 188
2757 3570
2759 368
2759 3839
2760 1462
2761 3144
2761 5170
2762 399
2762 6282
2764 3490
2764 5766
2765 2607
2766 5566
2767 1798
2767 1813
2768 4561
2769 2122
2769 5889
2770 2993
2771 367
2772 1644
2772 3706
2772 5402
2773 268
2773 2503
2773 2851
2774 1380
2774 5000
2775 1355
2775 4334
2776 488
2776 3263
2776 4933
2780 1583
2780 5601
2780 5913
2781 952
2781 3621
2782 417
2783 345
2783 1593
2783 2008
2784 1632
2784 2728
2785 219
2785 2074
2785 2781
2786 1246
2787 1584
2787 2829
2787 6086
2788 51
2788 906
2788 1011
2790 3326
2790 3931
2791 1246
2791 4897
2792 5986
2793 779
2793 6155
2794 174
2794 3569
2794 3840
2794 4140
2795 4539
2796 642
2796 4365
2797 1698
2797 3706
2798 151
2800 4799
2801 2401
2801 5203
2804 4721
2804 5602
2805 1533
2805 2072
2807 384
2807 4652
2807 6024
2808 1838
2808 4424
2808 6097
2808 6592
2808 6640
2809 3054
2810 5744
2812 3839
2812 4118
2813 6330
2814 2099
2815 5107
2816 3055
2816 3487
2816 6919
2817 2218
2817 5208
2817 5447
2818 3164
2818 4699
2820 5123
2821 1328
2821 6104
2823 79
2823 145
2823 3928
2823 6884
2824 4912
2825 3024
2825 3170
2825 6280
2826 3403
2827 1363
2828 1699
2828 4620
2829 528
2830 525
2830 6920
2833 1568
2834 2060
2834 2690
2834 3088
2834 3248
2834 4622
2835 3545
2835 4899
2836 4074
2837 292
2837 5457
2838 1842
2838 2499
2839 5901
2840 4799
2840 5394
2840 6558
2841 1765
2841 2689
2841 3189
2842 130
2842 1179
2842 3108
2842 3592
2842 6667
2843 2916
2844 2039
2844 6705
2846 4542
2847 895
2847 3228
2848 2365
2848 3909
2848 4159
2848 4953
2848 5880
2850 410
2850 3867
2850 6368
2851 823
2851 1944
2851 2839
2851 6220
2853 2704
2853 4290
2854 1110
2855 5043
2855 5401
2856 1570
2856 3801
2856 5577
2857 2002
2857 2653
2857 4053
2858 1428
2858 6214
2858 6892
2862 4252
2863 1422
2863 3875
2863 5163
2863 6519
2864 1436
2864 6678
2865 3629
2867 2728
2867 3311
2867 4623
2867 5753
2869 422
2869 497
2869 5256
2869 6665
2870 3461
2870 6444
2872 3145
2872 5040
2872 5391
2874 46
2874 1321
2876 3050
2878 2831
2878 4117
2879 962
2879 1878
2879 3783
2880 1306
2880 6736
2882 1625
2882 3879
2883 1218
2883 2024
2883 6726
2885 3412
2885 5273
2886 3259
2887 809
2887 814
2887 4368
2888 1746
2888 3498
2888 3537
2890 4870
2893 4718
2893 6029
2894 305
2894 2262
2894 4097
2894 4870
2895 4861
2895 5302
2896 2900
2898 3102
2899 83
2899 105
2900 3072
2901 4312
2902 10
2902 580
2902 3664
2903 3547
2903 3614
2903 4899
2905 2242
2905 5021
2906 5162
2907 4110
2907 6000
2908 1110
2908 6046
2909 4557
2909 5181
2909 5398
2910 166
2911 232
2911 1884
2911 3712
2912 4246
2912 4270
2912 5360
2913 2500
2914 2061
2914 2202
2914 5671
2916 1408
2916 3974
2916 5365
2918 641
2918 2495
2918 3007
2918 6775
2919 905
2919 3556
2919 3920
2920 241
2921 1390
2921 2810
2922 5398
2922 6655
2923 2034
2923 5089
2924 1894
2925 114
2925 4642
2926 1139
2926 4831
2927 1821
2927 2413
2928 5012
2929 190
2929 463
2929 2888
2932 131
2932 1154
2932 2662
2932 5705
2934 64
2934 4900
2934 6177
2936 1770
2936 2150
2937 100
2937 4605
2937 5171
2939 452
2940 6407
2940 6885
2941 3794
2941 4799
2943 3784
2943 4734
2944 6615
2946 1332
2947 2935
2948 2508
2948 3409
2949 2166
2949 4433
2950 502
2950 628
2950 662
2950 3861
2951 5851
2951 6345
2953 818
2953 1490
2953 3489
2953 5516
2955 172
2955 359
2957 2806
2957 5759
2958 4805
2959 651
2959 4634
2961 4393
2961 4772
2961 6853
2962 1638
2962 3495
2962 6263
2964 591
2967 1994
2967 4631
2968 471
2969 2718
2972 722
2972 1500
2972 5045
2972 6076
2973 855
2973 2166
2973 2756
2973 3847
2974 2385
2974 4061
2975 4023
2976 706
2977 5246
2979 3374
2980 527
2980 5556
2981 4871
2983 1413
2983 3398
2984 3600
2985 797
2985 1066
2985 1531
2985 2149
2985 3626
2986 42
2986 51
2986 1676
2988 4724
2989 3003
2989 3045
2989 3354
2989 3996
2991 2120
2991 2906
2993 3183
2993 5796
2994 2813
2994 4115
2994 5585
2996 3338
2996 3446
2996 5219
2996 6062
2996 6219
2996 6677
2997 6016
2998 2036
2998 6884
2999 115
2999 4352
3000 819
3001 178
3001 547
3001 5166
3002 4690
3003 3442
3004 2789
3005 2263
3006 6196
3007 393
3007 2084
3008 6264
3009 239
3009 376
3009 505
3010 803
3010 6531
3011 3176
3012 1192
3012 1359
3012 2076
3012 4369
3013 367
3014 5223
3014 5800
3015 3588
3015 6591
3017 6459
3018 792
3018 2490
3018 5944
3019 1219
3019 1442
3019 2247
3019 2662
3020 6137
3021 1064
3022 1751
3022 2799
3023 6743
3024 1754
3024 3349
