69 66 101 97
2 24
2 28
2 58
3 13
3 15
3 33
3 39
5 35
7 18
8 16
8 19
8 49
8 60
10 21
11 58
11 65
12 40
13 25
13 32
13 44
13 55
15 35
16 26
18 29
19 4
20 58
22 17
22 21
22 24
23 43
23 65
24 37
24 58
26 61
26 63
27 8
27 12
27 66
29 19
31 64
32 18
32 26
32 39
32 55
34 6
37 56
38 20
38 42
38 61
39 4
41 65
43 66
45 10
45 32
45 48
46 13
46 25
46 43
46 66
47 5
48 18
48 29
48 40
49 44
51 42
51 49
52 8
52 16
52 32
52 37
52 55
53 46
53 63
54 22
55 13
56 29
56 40
56 46
57 48
58 4
58 5
58 48
59 9
59 47
59 63
60 19
60 40
62 41
62 65
63 15
63 41
64 10
64 22
64 34
64 59
66 9
66 37
66 51
67 47
67 54
67 61
1 46
3 64
5 25
5 44
5 64
6 14
7 21
7 31
9 15
10 25
10 41
11 5
11 19
11 44
12 2
12 17
12 25
12 34
12 58
14 38
15 8
15 16
15 23
16 35
17 22
18 55
18 57
19 48
20 62
21 27
22 19
22 23
24 10
25 9
25 48
27 58
29 3
29 16
29 17
29 55
29 62
30 54
31 6
31 30
31 37
31 38
31 47
32 35
33 64
34 7
34 66
35 4
35 7
35 36
36 13
37 28
37 54
38 31
39 26
39 43
40 21
40 38
41 11
41 38
42 59
43 6
44 51
44 56
44 57
44 58
45 19
45 58
46 3
49 36
50 19
52 58
53 18
54 23
54 32
55 12
55 28
56 39
56 52
56 55
57 59
58 21
60 36
62 25
62 28
62 44
63 6
63 16
64 61
65 11
65 32
67 52
69 35
51 98 173 186
1 86
2 7
2 51
3 13
3 59
3 86
4 13
4 23
4 80
5 34
5 39
5 63
6 6
6 51
6 64
8 18
8 57
9 32
9 69
10 20
10 33
10 80
10 86
11 42
11 66
11 67
11 82
11 89
12 17
12 42
12 70
13 13
13 45
13 74
13 98
14 7
14 12
14 85
14 91
15 50
15 80
16 70
16 94
17 35
17 75
18 89
19 30
19 67
19 84
20 36
20 95
21 25
21 26
21 34
21 74
21 86
21 97
22 54
22 68
22 85
23 11
23 48
23 60
23 84
23 97
24 22
24 35
24 63
24 70
24 91
25 3
25 25
25 84
26 3
26 47
28 3
28 26
28 82
29 3
29 5
29 15
29 49
29 59
29 89
30 55
30 66
30 72
30 95
30 96
31 94
32 20
32 28
32 37
32 52
32 70
32 94
33 53
33 92
34 1
34 6
34 9
34 20
34 28
34 50
34 52
34 55
34 70
35 14
35 31
35 76
35 82
35 83
36 31
36 46
36 58
37 5
37 48
37 93
38 4
38 59
38 70
39 13
39 14
39 28
39 47
39 62
39 85
39 98
40 12
40 29
40 33
40 47
40 96
41 27
41 36
41 56
41 87
42 24
42 27
42 38
42 49
42 56
42 63
42 94
43 26
43 80
44 5
45 23
46 5
46 7
46 32
46 33
47 51
47 64
48 3
48 13
48 37
48 47
48 57
48 89
49 21
49 33
49 67
49 86
50 33
50 43
50 45
50 64
50 71
50 86
51 48
51 62
51 72
1 19
1 91
1 92
2 19
2 46
3 35
3 53
3 83
3 91
3 94
4 26
4 32
4 40
4 49
4 69
4 85
5 9
6 19
6 25
6 37
6 41
6 59
6 62
6 72
6 77
7 1
7 17
8 84
9 25
9 31
9 67
9 97
10 13
10 26
10 54
11 14
11 39
11 81
11 86
12 4
12 16
12 49
12 66
13 69
13 84
14 50
14 54
14 83
15 27
16 9
16 15
16 71
16 82
16 90
17 76
17 77
18 6
18 73
18 95
19 60
19 66
20 24
20 45
22 37
22 45
22 65
23 7
23 10
23 40
23 58
23 96
24 24
24 49
24 62
25 93
26 23
26 53
26 55
26 83
26 88
26 98
27 41
27 76
28 19
28 53
28 81
28 86
29 2
29 27
29 55
29 58
29 66
30 13
30 23
30 41
30 51
30 60
30 62
30 71
30 91
31 26
31 73
31 79
32 34
32 75
33 5
33 29
34 25
34 27
34 54
34 96
35 19
35 23
35 35
35 42
35 81
36 2
36 55
36 80
36 83
36 96
37 31
37 49
38 5
38 40
39 23
39 97
40 16
40 32
41 11
41 35
41 73
41 98
42 47
42 50
42 88
43 52
43 53
43 91
44 2
44 49
44 66
44 82
44 91
45 5
45 7
45 31
45 40
45 41
45 78
45 88
45 94
45 97
46 26
46 82
46 92
47 6
47 28
47 45
47 48
47 56
48 8
48 9
48 11
48 18
48 19
48 48
48 86
48 87
49 6
49 22
49 49
49 51
49 58
49 71
49 80
49 96
50 4
50 11
50 36
50 70
50 94
51 26
51 57
51 87
51 95
95 40 123 106
1 37
2 20
3 20
3 40
4 16
5 12
6 15
6 20
6 22
7 1
7 32
8 9
10 16
10 24
10 33
11 9
11 30
11 40
12 16
12 39
15 7
17 3
17 32
18 5
19 5
19 19
20 5
20 26
22 22
23 16
23 22
23 29
27 5
27 14
29 25
29 28
30 4
30 14
30 22
32 21
32 32
34 13
34 14
36 13
36 22
36 39
37 6
37 23
37 24
37 28
38 11
38 24
38 34
40 4
41 2
41 33
42 28
43 10
43 27
43 38
46 16
46 23
46 30
46 31
47 39
48 16
49 32
52 36
53 28
55 6
56 8
56 20
57 21
57 37
58 31
59 4
59 5
59 19
59 39
60 4
60 17
61 37
63 23
63 26
63 33
65 16
68 1
69 17
69 25
71 29
72 1
72 36
73 8
73 28
73 29
74 13
75 34
75 40
76 9
77 37
78 16
78 25
78 28
80 7
80 27
81 30
82 29
82 33
83 40
84 7
85 31
86 7
86 13
86 25
86 35
87 19
87 30
88 7
89 10
91 37
93 10
95 6
95 18
1 4
2 7
2 8
3 11
4 15
4 24
6 32
7 27
8 27
9 26
11 26
12 21
12 35
13 2
14 21
14 35
15 12
16 8
16 16
17 11
19 15
19 36
20 8
21 10
21 13
22 29
23 33
23 39
24 4
24 6
25 38
26 35
28 39
29 24
29 32
29 36
31 6
33 25
33 36
34 20
35 7
35 15
35 16
35 40
36 12
37 36
39 16
41 15
41 35
41 36
44 6
45 7
46 4
47 1
48 1
48 29
49 39
52 11
52 15
53 6
53 8
53 9
54 3
54 6
54 38
55 16
55 33
56 3
56 19
57 31
57 33
59 16
60 12
61 25
62 1
63 6
64 25
65 1
65 4
66 4
66 8
67 14
69 5
69 12
70 31
71 8
72 6
72 15
73 3
74 37
75 32
76 24
76 38
77 6
80 29
81 2
81 3
82 13
82 26
86 15
88 17
92 26
93 4
93 21
94 40
95 34
49 24 27 27
1 15
2 15
3 5
7 2
7 20
8 17
16 2
16 16
18 3
20 5
24 1
28 1
33 13
34 3
37 14
37 18
38 5
38 7
38 17
40 8
41 11
41 13
42 11
43 17
45 13
46 14
47 9
1 9
4 23
13 22
16 10
17 16
17 19
18 16
19 12
21 15
21 24
22 6
24 19
27 1
27 22
31 2
31 16
32 6
33 3
33 20
34 11
35 16
39 15
43 9
44 12
45 6
49 13
49 22
33 37 60 55
1 33
2 31
2 32
3 3
3 16
3 37
4 18
4 35
5 3
5 8
5 24
5 31
6 7
6 15
6 17
6 18
8 3
9 3
10 33
11 12
11 25
12 14
12 23
13 3
13 19
13 28
14 1
15 24
15 29
17 37
18 5
19 5
19 20
19 25
19 29
19 37
20 11
20 33
21 14
21 21
22 9
22 20
24 1
24 7
25 1
25 22
25 34
26 2
26 32
27 2
27 18
27 34
28 29
28 32
28 37
29 29
31 26
32 1
32 21
32 28
1 6
1 29
4 4
4 5
4 9
4 24
5 9
5 11
5 28
6 9
6 19
7 4
7 7
8 26
9 11
9 16
10 13
11 19
11 35
12 10
12 11
12 25
13 12
14 24
15 18
16 21
16 37
17 36
18 2
18 20
18 35
18 37
19 9
19 28
21 35
22 13
23 30
23 32
26 15
26 25
27 15
29 24
29 31
30 26
30 28
31 5
31 6
31 23
32 2
32 4
32 8
32 20
32 37
33 5
33 14
58 100 37 55
5 26
7 96
8 84
11 27
11 39
11 92
14 50
14 74
16 32
16 71
16 91
17 13
20 23
20 31
21 87
22 85
24 70
25 35
26 12
29 44
29 75
30 3
32 28
34 15
36 27
39 25
39 84
41 53
41 72
43 46
45 86
50 27
51 49
51 57
55 91
56 35
56 42
1 43
1 70
2 10
7 26
7 44
7 51
8 32
8 42
8 83
10 12
10 26
11 13
11 58
11 79
12 35
13 11
13 46
14 42
14 45
15 14
16 7
17 50
18 9
18 77
18 99
19 16
21 30
21 79
22 43
23 80
24 46
27 33
27 58
29 47
30 93
31 89
34 57
34 65
35 6
38 36
39 46
40 8
40 91
42 89
43 80
44 14
44 40
45 45
46 81
49 87
53 5
54 13
56 79
57 38
58 77
28 24 157 165
1 6
1 9
1 14
1 22
2 10
2 11
2 13
2 17
3 1
3 14
3 21
4 2
4 3
4 16
4 23
5 2
5 3
5 5
5 12
5 13
5 17
5 18
5 19
5 21
5 22
5 24
6 3
6 4
6 9
6 11
6 15
6 24
7 7
7 8
7 9
7 12
7 14
7 19
8 7
8 15
8 19
8 20
8 22
9 2
9 5
9 14
10 2
10 5
10 10
10 18
10 22
11 3
11 4
11 16
11 19
11 22
12 6
12 8
12 19
12 24
13 1
13 6
13 9
13 10
13 12
13 20
14 3
14 11
14 13
14 14
14 15
14 21
14 23
14 24
15 3
15 5
15 6
16 1
16 3
16 4
16 5
16 12
16 15
16 18
17 2
17 5
17 6
17 10
17 17
17 18
17 20
17 21
17 24
18 3
18 9
18 10
18 11
18 14
19 8
19 13
19 19
19 20
19 24
20 20
20 22
21 6
21 9
21 12
21 15
21 17
21 18
21 22
21 24
22 1
22 4
22 6
22 10
22 13
22 16
22 17
22 19
22 20
23 7
23 8
23 11
23 12
23 14
23 19
23 23
24 6
24 9
24 13
24 16
24 24
25 1
25 5
25 6
25 8
25 14
25 15
25 19
25 22
25 23
26 3
26 10
26 15
26 16
26 18
27 6
27 11
27 16
27 17
27 18
27 19
27 21
27 23
28 21
1 1
1 2
1 3
1 5
1 17
1 19
1 23
1 24
2 1
2 4
2 9
2 12
2 15
2 16
2 18
2 19
2 21
2 24
3 7
3 9
3 18
3 20
3 22
4 9
4 10
4 12
4 14
4 18
4 19
4 21
4 22
5 7
5 9
5 11
6 8
6 16
6 18
7 5
7 6
7 11
7 15
7 16
7 18
8 4
8 10
8 11
8 14
9 6
9 10
9 15
9 19
9 20
9 23
10 3
10 8
10 15
10 17
10 23
11 1
11 9
11 10
11 11
11 12
11 18
11 21
12 7
12 14
12 17
12 20
12 21
12 23
13 11
13 21
14 1
14 6
14 7
14 19
14 22
15 1
15 2
15 4
15 7
15 11
15 12
15 13
15 17
15 20
15 23
16 6
16 10
16 13
16 14
16 16
17 4
17 7
18 1
18 4
18 8
18 12
18 17
18 22
18 23
19 2
19 6
19 10
19 11
19 12
19 16
20 3
20 4
20 9
20 15
20 21
20 23
20 24
21 3
21 7
21 11
21 16
22 9
22 23
22 24
23 3
23 9
23 15
23 17
23 20
23 21
23 22
24 2
24 4
24 5
24 10
24 11
24 14
24 17
24 20
24 21
24 22
25 4
26 2
26 4
26 12
26 13
26 23
27 2
27 3
27 4
27 7
27 10
27 22
28 1
28 2
28 4
28 5
28 6
28 7
28 9
28 10
28 11
28 14
28 16
28 17
28 20
28 22
19 38 25 47
1 12
1 15
1 36
3 14
3 38
5 26
6 34
8 7
8 34
9 14
9 18
10 10
11 1
11 2
11 21
12 20
13 1
13 15
14 2
14 34
15 3
15 30
16 6
17 37
18 17
1 4
2 18
2 38
3 16
3 20
4 11
4 12
4 35
5 31
5 36
5 37
6 19
6 26
7 8
7 15
7 23
7 30
8 24
9 4
9 11
9 31
9 32
10 30
10 34
10 35
11 16
11 20
11 34
12 13
12 34
13 11
13 34
14 10
14 24
14 29
14 38
15 7
15 11
15 18
15 34
15 36
16 23
16 24
17 38
18 23
19 2
19 14
23 11 64 71
2 3
2 6
2 7
2 8
3 8
4 3
4 4
4 7
4 8
5 3
5 7
5 11
6 1
6 4
6 7
6 10
7 2
7 10
7 11
8 1
8 2
8 5
9 3
9 4
9 6
9 7
9 8
9 9
10 1
10 2
10 7
10 10
10 11
12 1
12 9
12 11
13 1
13 2
13 4
13 5
14 4
14 6
14 7
15 3
15 6
17 3
17 4
17 10
18 1
18 7
18 8
19 7
19 11
20 6
20 9
21 3
21 6
21 8
22 5
22 10
23 1
23 2
23 5
23 8
1 1
1 9
1 11
2 5
2 9
3 2
3 4
3 7
3 9
3 10
4 1
4 10
4 11
5 2
5 8
6 2
6 6
6 8
6 11
7 3
7 5
7 6
7 9
8 8
8 9
8 10
9 5
9 11
10 3
10 4
10 6
10 8
11 1
11 10
12 4
12 5
12 6
12 8
12 10
13 8
14 3
14 8
14 10
14 11
15 7
15 9
15 10
15 11
16 2
16 9
16 10
17 1
17 2
17 5
17 9
17 11
18 4
18 5
18 9
19 3
19 9
19 10
20 1
20 5
21 9
22 2
22 6
22 8
22 9
23 7
23 9
80 90 1 3
28 85
1 61
33 84
45 73
12 95 0 1
12 43
67 77 0 4
1 50
8 65
35 53
44 60
35 53 501 501
1 4
1 10
1 13
1 16
1 19
1 20
1 21
1 24
1 30
1 31
1 32
1 35
1 36
1 47
1 49
1 50
1 51
2 3
2 6
2 7
2 8
2 15
2 20
2 27
2 29
2 31
2 36
2 46
2 48
2 49
3 3
3 4
3 17
3 20
3 21
3 23
3 25
3 31
3 32
3 33
3 34
3 39
3 40
3 43
3 46
3 47
3 49
3 51
4 8
4 13
4 14
4 18
4 30
4 32
4 33
4 48
4 49
4 50
4 52
5 7
5 15
5 18
5 19
5 24
5 27
5 29
5 33
5 38
5 42
5 52
6 3
6 6
6 15
6 23
6 24
6 26
6 27
6 31
6 36
6 37
6 41
6 42
6 43
6 50
6 52
7 1
7 8
7 10
7 11
7 14
7 16
7 21
7 25
7 26
7 29
7 32
7 35
7 36
7 40
7 41
7 43
7 51
8 7
8 10
8 11
8 12
8 17
8 20
8 21
8 28
8 30
8 44
8 49
9 5
9 8
9 11
9 16
9 21
9 26
9 30
9 32
9 35
9 43
9 44
9 45
9 47
9 53
10 1
10 5
10 9
10 10
10 15
10 25
10 36
10 39
10 40
10 41
10 44
10 46
10 50
11 1
11 2
11 8
11 12
11 16
11 19
11 21
11 27
11 31
11 32
11 44
11 47
11 50
11 52
12 9
12 11
12 13
12 15
12 16
12 17
12 19
12 20
12 21
12 26
12 32
12 34
12 37
12 39
12 50
12 52
12 53
13 2
13 5
13 7
13 9
13 16
13 22
13 31
13 37
13 38
13 39
13 41
13 42
13 46
13 48
13 52
14 6
14 10
14 14
14 17
14 19
14 26
14 28
14 29
14 31
14 33
14 38
14 41
14 43
14 47
14 48
14 51
15 5
15 9
15 11
15 14
15 15
15 17
15 19
15 24
15 26
15 27
15 35
15 36
15 38
15 45
15 47
16 3
16 4
16 5
16 16
16 17
16 20
16 22
16 27
16 35
16 39
16 46
16 47
16 49
16 51
17 3
17 4
17 14
17 20
17 23
17 28
17 29
17 41
17 47
17 48
18 1
18 7
18 14
18 18
18 20
18 22
18 24
18 32
18 33
18 40
18 45
18 46
18 48
18 49
18 50
18 52
19 2
19 6
19 10
19 22
19 24
19 29
19 31
19 39
19 46
19 49
19 52
19 53
20 6
20 8
20 13
20 18
20 20
20 22
20 30
20 33
20 37
20 39
20 42
20 43
20 46
20 48
20 50
21 7
21 9
21 11
21 12
21 19
21 21
21 30
21 36
21 39
21 41
21 42
21 43
21 46
21 47
21 50
22 1
22 10
22 11
22 17
22 20
22 26
22 27
22 28
22 35
22 38
22 39
22 43
22 44
22 51
22 52
23 4
23 6
23 11
23 19
23 23
23 25
23 28
23 33
23 35
23 44
23 46
23 48
24 3
24 18
24 19
24 21
24 23
24 25
24 32
24 33
24 36
24 38
24 43
24 49
24 50
25 6
25 10
25 12
25 17
25 19
25 27
25 28
25 30
25 32
25 33
25 36
25 40
26 3
26 8
26 15
26 16
26 22
26 23
26 28
26 31
26 37
26 40
26 41
26 51
26 53
27 1
27 4
27 6
27 8
27 10
27 14
27 20
27 22
27 23
27 30
27 33
27 37
27 38
27 41
27 45
27 51
28 1
28 4
28 9
28 22
28 24
28 28
28 30
28 32
28 39
28 44
28 47
28 49
28 50
28 51
29 5
29 7
29 11
29 12
29 14
29 18
29 19
29 22
29 29
29 34
29 35
29 39
29 42
29 45
29 53
30 6
30 7
30 8
30 10
30 13
30 15
30 21
30 25
30 29
30 30
30 47
30 48
31 6
31 7
31 9
31 10
31 17
31 18
31 19
31 25
31 29
31 32
31 35
31 36
31 38
31 45
31 48
31 49
32 1
32 4
32 5
32 12
32 17
32 21
32 24
32 29
32 32
32 34
32 38
32 41
32 43
32 45
32 47
32 48
32 50
32 51
32 52
32 53
33 1
33 4
33 10
33 12
33 16
33 18
33 25
33 26
33 34
33 40
33 46
33 48
33 50
34 1
34 2
34 5
34 11
34 12
34 16
34 18
34 19
34 25
34 27
34 31
34 36
34 39
34 41
34 48
35 1
35 8
35 11
35 14
35 24
35 27
35 28
35 29
35 35
35 37
35 38
35 40
35 43
35 45
35 46
35 49
1 2
1 5
1 9
1 17
1 23
1 27
1 33
1 44
1 45
1 48
1 52
2 1
2 10
2 13
2 19
2 25
2 26
2 33
2 38
2 41
2 45
3 5
3 9
3 10
3 12
3 16
3 29
3 30
3 41
3 44
3 45
4 5
4 7
4 10
4 11
4 20
4 23
4 24
4 25
4 27
4 34
4 40
4 42
4 44
4 46
4 47
5 1
5 2
5 8
5 9
5 11
5 22
5 26
5 28
5 30
5 34
5 37
5 44
5 45
5 46
5 47
5 48
5 49
5 51
6 1
6 2
6 4
6 10
6 16
6 20
6 22
6 29
6 30
6 32
6 33
6 34
6 35
6 39
6 40
6 44
6 46
6 47
7 3
7 5
7 9
7 18
7 27
7 31
7 33
7 34
7 39
7 44
8 6
8 19
8 25
8 33
8 34
8 36
8 39
8 40
8 41
8 42
8 43
8 48
8 51
8 52
8 53
9 2
9 12
9 14
9 17
9 18
9 20
9 25
9 27
9 31
9 38
9 40
9 48
10 3
10 7
10 8
10 13
10 16
10 18
10 26
10 35
10 37
10 42
10 43
10 47
10 51
10 52
11 4
11 5
11 6
11 7
11 9
11 14
11 17
11 18
11 20
11 30
11 33
11 36
11 38
11 45
11 48
11 53
12 22
12 24
12 25
12 31
12 35
12 36
12 40
12 42
12 48
13 1
13 3
13 4
13 6
13 11
13 14
13 20
13 24
13 27
13 29
13 30
13 34
13 40
13 44
13 49
13 51
13 53
14 2
14 3
14 4
14 5
14 7
14 8
14 13
14 18
14 20
14 21
14 23
14 25
14 27
14 32
14 35
14 37
14 39
14 50
14 52
14 53
15 2
15 7
15 8
15 10
15 12
15 21
15 22
15 25
15 29
15 32
15 39
15 42
15 49
15 51
15 53
16 1
16 8
16 10
16 12
16 13
16 14
16 18
16 21
16 23
16 30
16 40
16 41
16 52
17 5
17 7
17 10
17 11
17 19
17 22
17 24
17 25
17 30
17 32
17 35
17 36
17 37
17 40
17 44
17 52
18 6
18 12
18 16
18 27
18 28
18 34
18 36
18 37
18 41
18 44
18 47
18 53
19 4
19 5
19 11
19 12
19 16
19 18
19 20
19 23
19 28
19 30
19 33
19 42
19 43
19 44
20 4
20 10
20 11
20 12
20 14
20 24
20 26
20 28
20 31
20 32
20 35
20 36
20 38
20 40
20 45
20 51
20 52
21 1
21 4
21 20
21 28
21 35
21 37
21 38
21 44
21 45
21 49
21 51
21 52
22 5
22 6
22 7
22 8
22 9
22 13
22 21
22 22
22 24
22 25
22 34
22 45
22 46
22 49
22 53
23 2
23 5
23 7
23 8
23 10
23 12
23 14
23 15
23 16
23 20
23 22
23 26
23 27
23 34
23 36
23 37
23 40
23 45
23 47
23 49
23 53
24 2
24 4
24 5
24 8
24 9
24 13
24 24
24 27
24 28
24 29
24 34
24 35
24 39
24 41
24 46
25 3
25 5
25 7
25 16
25 20
25 22
25 25
25 38
25 39
25 41
25 44
25 45
25 46
25 49
25 52
26 1
26 2
26 4
26 10
26 11
26 12
26 13
26 18
26 24
26 25
26 33
26 36
26 39
26 47
26 48
26 49
26 52
27 5
27 11
27 12
27 16
27 21
27 27
27 28
27 32
27 34
27 36
27 43
27 49
27 53
28 3
28 7
28 10
28 11
28 12
28 13
28 14
28 19
28 20
28 26
28 27
28 34
28 35
28 40
28 42
28 43
29 1
29 4
29 17
29 33
29 36
29 51
30 1
30 11
30 12
30 14
30 16
30 19
30 22
30 28
30 32
30 33
30 39
30 40
30 42
30 43
30 46
30 50
30 52
30 53
31 3
31 4
31 5
31 8
31 12
31 15
31 16
31 20
31 21
31 30
31 33
31 34
31 40
31 42
31 46
31 50
31 51
32 3
32 13
32 19
32 27
32 28
32 30
32 31
32 36
32 44
32 46
32 49
33 2
33 6
33 11
33 15
33 17
33 19
33 29
33 30
33 31
33 35
33 37
33 41
33 42
33 45
34 3
34 9
34 10
34 13
34 14
34 15
34 17
34 28
34 29
34 43
34 46
34 49
34 52
35 2
35 3
35 6
35 7
35 13
35 15
35 17
35 18
35 32
35 34
35 36
35 47
35 48
35 50
35 51
35 52
22 31 135 138
1 6
1 10
1 12
1 14
1 24
1 25
2 1
2 19
2 21
2 24
2 26
2 29
2 30
3 1
3 8
3 10
3 15
3 17
3 22
4 23
4 29
5 1
5 6
5 8
5 12
5 14
5 25
5 26
6 2
6 21
6 28
6 30
7 3
7 7
7 8
7 15
7 24
7 28
7 29
7 31
8 3
8 19
8 23
9 2
9 5
9 6
9 7
9 13
9 18
9 22
9 29
9 31
10 2
10 3
10 6
10 7
10 9
10 10
10 25
10 30
11 17
11 18
11 25
11 26
12 1
12 3
12 4
12 6
12 12
12 14
12 15
12 16
12 23
12 31
13 5
13 16
13 18
13 29
13 31
14 1
14 5
14 11
14 13
14 19
14 21
14 22
14 26
14 27
14 31
15 1
15 14
16 3
16 4
16 8
16 10
16 13
16 15
16 16
16 18
16 19
16 25
16 26
16 30
17 9
17 14
17 20
17 26
18 6
18 8
18 21
18 29
18 30
19 3
19 8
19 14
19 24
19 25
19 27
19 31
20 1
20 13
20 17
20 25
20 26
21 2
21 5
21 7
21 15
21 18
21 28
22 2
22 3
22 9
22 19
22 26
1 4
1 11
1 19
1 21
1 23
1 26
2 2
2 5
2 11
2 15
2 20
2 31
3 3
3 4
3 9
3 16
3 30
4 6
4 7
4 17
4 18
4 21
4 31
5 28
6 17
6 18
6 23
7 4
7 6
7 9
7 10
7 11
7 14
7 18
7 22
7 26
7 27
8 5
8 6
8 14
8 15
8 22
8 28
9 4
9 8
9 16
9 17
9 24
9 27
10 17
10 24
10 27
10 28
11 1
11 3
11 5
11 9
11 10
11 12
11 19
11 23
11 29
12 2
12 9
12 18
12 19
12 22
12 28
12 29
13 2
13 7
13 11
13 12
13 15
13 20
13 21
13 22
13 24
13 25
13 26
13 30
14 8
14 12
15 4
15 7
15 13
15 20
15 23
15 25
15 27
15 28
15 31
16 1
16 9
16 11
16 17
17 12
17 13
17 29
17 30
18 1
18 4
18 7
18 11
18 13
18 17
18 18
18 20
18 24
18 25
18 27
18 28
19 1
19 5
19 7
19 26
19 28
20 4
20 5
20 8
20 9
20 24
20 30
20 31
21 10
21 14
21 19
21 22
21 26
21 30
22 5
22 10
22 12
22 17
22 21
22 24
22 28
22 29
1 14 0 0
1 35 0 0
29 49 21 26
1 20
1 31
1 42
2 38
5 35
6 16
6 19
13 3
13 5
16 32
17 32
20 1
20 37
21 31
21 41
22 15
22 42
23 1
23 40
26 9
29 1
1 19
2 21
3 4
3 34
4 4
4 23
6 6
6 21
8 39
9 7
9 26
11 19
12 41
14 19
14 23
14 25
14 30
18 27
19 11
20 23
20 44
21 20
22 19
22 45
24 11
29 16
1 1 0 0
9 11 0 0
47 30 5 5
10 30
19 15
25 1
37 25
39 2
12 8
13 26
25 7
27 11
27 25
69 9 2 2
58 5
68 8
28 6
59 9
68 4 0 1
11 1
9 11 29 34
1 1
1 2
1 4
1 7
1 10
1 11
2 2
2 10
3 6
3 7
3 9
4 1
4 6
5 1
5 8
5 11
6 2
6 3
6 6
6 7
6 10
7 2
7 4
7 8
8 1
8 8
8 9
9 4
9 9
1 3
1 8
2 1
2 3
2 6
2 7
2 8
2 11
3 3
3 8
3 10
4 4
4 8
4 11
5 3
5 4
5 6
5 10
6 1
6 4
6 8
6 9
7 1
7 7
7 11
8 6
8 7
8 10
8 11
9 1
9 3
9 5
9 8
9 11
92 18 211 205
2 5
2 8
3 11
3 13
3 16
4 14
5 7
5 11
5 17
6 3
7 1
7 2
7 14
8 2
8 6
8 9
8 17
9 3
9 13
9 14
11 7
12 2
12 6
12 7
12 18
13 1
13 3
14 6
15 12
15 13
15 17
17 5
17 17
18 5
18 6
18 13
18 14
19 5
19 7
19 8
20 6
21 1
21 7
21 16
22 8
22 9
22 11
22 17
23 1
23 7
23 10
23 11
23 14
24 3
24 5
24 12
25 18
26 17
27 3
27 7
27 9
27 17
28 5
28 15
28 18
30 5
30 7
30 11
30 16
30 17
32 7
32 8
32 9
32 15
33 1
33 6
34 4
34 18
35 1
35 6
35 11
36 2
36 5
37 8
38 7
38 8
39 3
39 9
39 14
39 16
40 4
40 6
40 7
40 16
41 15
42 13
43 18
44 1
44 2
44 12
45 3
45 5
45 8
45 17
45 18
46 11
47 11
48 2
48 5
49 5
49 7
50 2
50 4
50 11
50 14
50 16
51 6
51 10
52 9
52 13
52 15
53 5
53 6
53 13
53 17
54 2
54 16
55 10
56 15
57 4
57 10
57 17
58 13
58 16
59 3
59 5
59 16
60 7
61 5
62 14
64 3
64 8
64 10
64 14
65 3
65 7
65 13
66 2
66 8
66 11
66 14
67 3
67 14
68 4
68 8
68 11
68 14
68 16
69 12
70 6
70 7
70 12
70 14
70 15
70 17
71 8
71 15
72 12
73 10
73 11
73 17
74 3
75 10
75 18
76 10
76 18
77 8
77 9
77 15
78 7
78 14
78 15
78 16
79 6
79 10
79 11
80 6
82 7
83 15
83 16
84 3
84 12
84 15
85 3
85 7
85 14
86 1
86 7
86 8
86 12
87 2
87 3
87 4
89 2
89 6
89 16
90 3
90 8
90 9
90 14
91 7
1 1
2 2
2 13
3 2
4 3
5 3
5 15
6 14
7 16
7 17
8 8
9 8
9 11
10 5
10 7
10 11
11 2
11 12
11 16
12 5
13 5
13 6
14 7
14 9
15 2
15 3
15 6
15 14
16 2
16 3
16 5
16 11
16 12
18 1
18 18
20 2
21 14
21 15
21 17
23 5
23 12
23 13
23 16
24 14
25 4
25 5
25 16
26 2
26 6
26 9
26 11
26 12
26 16
26 18
27 4
27 5
27 6
27 18
29 2
29 5
29 8
29 12
29 14
30 4
30 6
30 10
31 10
31 14
31 18
32 4
32 6
32 10
32 17
33 4
33 11
34 7
34 9
36 1
36 8
36 10
36 18
37 2
37 4
37 13
38 2
38 17
39 1
39 10
40 9
40 12
40 17
41 4
41 11
41 13
41 17
42 8
43 12
44 7
44 14
45 4
46 4
46 8
46 14
47 4
47 10
47 13
47 17
48 3
48 6
48 15
49 9
49 10
49 11
49 14
49 18
50 3
50 13
51 2
52 16
53 2
53 7
53 9
53 15
54 1
54 5
55 2
55 11
55 14
56 3
56 14
57 5
57 9
59 7
59 8
59 18
60 4
60 9
61 1
61 2
61 16
62 1
62 17
63 14
65 2
65 17
66 6
67 4
67 7
67 8
67 9
67 18
68 7
68 13
69 7
69 17
70 3
70 10
71 9
72 7
72 9
72 11
73 1
73 14
74 14
74 18
75 7
75 15
76 8
76 14
77 7
77 10
77 13
77 14
77 16
78 12
79 13
79 14
81 4
81 8
81 18
82 5
82 16
83 3
83 17
84 1
85 5
85 6
85 12
86 6
87 5
87 13
88 6
89 3
89 14
90 2
90 5
90 15
91 4
91 8
91 18
92 3
92 10
92 11
92 15
92 18
4 21 21 8
1 4
1 13
1 15
1 21
2 2
2 3
2 10
2 11
2 16
2 17
2 18
3 1
3 5
3 7
3 21
4 2
4 3
4 7
4 11
4 14
4 15
1 6
1 11
2 14
3 13
3 17
4 19
4 20
4 21
67 35 370 381
1 2
1 11
1 12
1 25
2 16
2 23
3 5
3 10
3 11
3 16
3 28
4 1
4 3
4 9
4 12
4 28
4 29
5 6
5 8
5 13
5 20
5 23
5 24
5 32
5 34
6 2
6 5
6 17
6 21
6 25
6 33
6 35
7 19
7 23
7 27
7 34
8 3
8 13
8 15
8 17
8 20
8 25
8 32
9 4
9 9
9 27
10 3
10 5
10 14
10 17
10 24
10 28
11 11
11 19
11 22
11 23
11 24
11 27
11 31
11 35
12 10
12 17
12 20
12 21
12 29
13 7
13 14
13 21
13 26
13 28
13 30
13 32
14 1
14 8
14 10
14 12
14 13
14 16
14 23
14 25
14 26
14 35
15 2
15 4
15 6
15 13
15 23
16 17
16 19
16 32
16 33
17 6
17 19
17 21
17 26
17 28
18 15
18 26
18 27
18 31
19 3
19 6
19 15
19 18
19 20
19 23
19 24
19 26
19 34
20 4
20 6
20 8
20 14
20 15
20 23
20 28
20 31
21 9
21 11
21 18
21 19
21 26
21 28
22 2
22 6
22 16
22 22
22 29
22 33
23 7
23 18
23 20
23 23
23 27
23 32
24 1
24 20
24 30
25 7
25 11
25 15
25 16
25 17
25 24
25 27
25 28
26 16
26 25
26 28
26 35
27 11
27 14
27 22
27 27
27 29
28 3
28 9
28 13
28 30
28 32
29 2
29 15
29 17
29 34
30 2
30 11
30 13
30 19
30 30
30 32
31 6
31 17
32 2
32 6
32 14
32 28
32 31
32 34
33 1
33 6
33 10
33 11
33 16
34 2
34 10
34 17
34 24
34 29
34 31
34 33
35 5
35 12
35 19
35 33
36 4
36 7
36 14
36 20
36 25
37 8
37 9
37 19
37 22
37 27
38 4
38 11
38 12
38 20
38 24
38 31
39 6
39 11
39 17
39 35
40 4
40 21
40 28
40 33
40 34
41 26
41 33
42 8
42 11
42 16
42 24
42 25
42 32
43 12
43 13
43 32
44 6
44 18
44 28
44 31
44 32
44 35
45 3
45 6
45 13
45 20
45 29
46 2
46 9
46 11
46 13
46 24
46 25
46 27
46 34
47 18
47 22
47 26
48 6
48 9
48 25
48 28
48 34
49 4
49 8
49 22
49 30
49 34
50 7
50 8
50 11
50 15
50 18
50 21
50 28
50 32
51 1
51 4
51 5
51 8
51 10
51 13
51 16
51 19
51 29
52 1
52 7
52 22
52 29
52 30
53 4
53 12
53 15
53 22
53 23
54 19
54 20
54 30
54 32
55 3
55 5
55 7
55 20
55 21
55 23
55 24
55 29
55 33
56 2
56 9
56 15
56 27
56 28
56 33
57 10
57 11
57 14
57 26
57 28
58 15
58 18
58 25
58 26
59 2
59 5
59 9
59 23
60 3
60 5
60 14
60 27
60 28
60 32
61 10
61 18
62 5
62 8
62 17
62 18
62 23
62 29
62 32
62 34
63 1
63 7
63 8
63 11
63 15
63 26
63 29
64 1
64 20
64 23
64 35
65 11
65 15
65 16
65 21
65 35
66 1
66 9
66 13
66 22
66 23
66 24
66 27
66 32
66 33
66 35
67 8
67 10
67 11
67 12
67 21
67 22
67 28
1 5
1 7
1 8
1 9
1 15
1 16
1 17
1 27
1 30
1 31
2 10
2 17
2 19
2 21
2 33
3 13
3 14
3 17
3 24
3 27
3 29
3 34
4 6
4 8
4 10
4 16
4 23
4 24
4 27
5 9
5 11
5 33
6 6
6 7
6 14
6 22
6 23
6 24
6 34
7 4
7 6
7 8
7 9
7 10
7 20
7 21
7 22
7 33
7 35
8 5
8 6
8 9
8 19
8 27
8 30
9 5
9 6
9 11
9 16
9 22
9 25
9 29
10 10
10 16
10 19
10 26
11 1
11 6
11 7
11 12
12 1
12 2
12 3
12 15
12 23
12 28
12 32
13 2
13 3
13 11
13 18
13 20
13 29
13 34
14 5
14 6
14 9
14 21
15 5
15 7
15 8
15 10
15 12
15 16
15 19
15 21
15 25
15 29
15 34
16 1
16 6
16 12
16 15
17 3
17 4
17 8
17 20
17 27
17 33
17 34
18 3
18 9
19 2
19 4
19 10
19 11
19 12
19 22
19 33
20 2
20 10
20 20
20 21
20 24
20 27
20 29
22 10
22 17
22 21
22 23
22 25
22 26
23 5
23 9
23 16
23 17
23 19
23 28
23 35
24 8
24 10
24 12
24 14
24 17
24 18
24 21
24 22
24 23
24 31
24 35
25 1
25 8
25 9
26 5
26 11
26 17
26 20
27 3
27 13
27 21
27 28
27 33
28 11
28 16
29 3
29 11
29 24
29 31
30 4
30 18
30 25
30 29
30 31
31 1
31 7
31 13
31 14
31 20
31 23
31 25
31 33
32 1
32 3
32 12
32 26
32 27
32 29
32 33
32 35
33 3
33 23
33 24
33 25
33 30
33 31
34 1
34 18
34 22
34 26
34 27
34 30
34 32
35 9
35 18
35 26
35 28
35 30
36 5
36 11
36 13
36 21
36 27
36 35
37 4
37 5
37 10
37 17
38 5
38 6
38 13
38 19
38 23
38 26
38 32
39 3
39 15
39 16
39 20
39 29
39 34
40 1
40 18
40 19
40 23
40 25
40 29
41 2
41 9
41 18
41 24
42 1
42 14
42 15
42 20
42 22
42 28
42 31
42 34
43 2
43 5
43 6
43 7
43 17
43 19
43 20
43 33
44 1
44 2
44 3
44 8
44 13
44 17
44 26
44 27
44 29
45 7
45 11
45 14
45 16
45 19
45 30
45 33
46 1
46 5
46 10
47 11
47 23
47 30
47 33
48 3
48 5
48 11
48 30
49 11
49 14
49 16
49 18
49 20
49 23
49 24
49 32
50 12
50 29
50 33
50 35
51 7
51 9
51 22
51 31
52 4
52 6
52 11
52 19
52 23
52 25
52 28
52 34
53 7
53 9
53 10
54 7
54 8
54 24
54 27
55 1
55 14
55 15
55 25
55 35
56 12
56 13
56 18
56 21
56 23
56 25
56 35
57 3
57 4
57 7
57 9
58 8
58 14
58 27
58 34
59 10
59 11
59 17
59 18
59 27
59 34
59 35
60 2
60 15
60 22
60 23
60 24
60 26
60 31
60 34
61 3
61 11
61 19
61 22
61 23
61 26
61 34
62 6
62 7
62 24
62 28
63 5
63 12
63 21
64 5
64 8
64 12
64 28
64 30
64 32
65 1
65 9
65 23
65 27
65 29
66 16
66 21
66 29
66 31
67 16
67 26
67 31
1342 3590 2199 2267
2 1241
4 1444
4 2429
5 829
7 132
7 485
7 2691
7 3179
8 790
9 130
9 1006
11 1663
12 108
13 384
13 1924
13 2645
14 215
14 275
15 1361
15 3168
16 364
16 1672
17 261
17 781
17 1054
17 1880
17 2101
18 3333
19 368
19 2344
19 2961
21 1824
22 2889
22 3266
23 1447
24 441
24 806
24 3140
25 1121
25 3483
27 44
27 1899
27 3358
29 101
29 534
29 1373
29 1689
30 1743
33 537
33 1263
33 3412
34 12
34 1053
34 2253
35 2612
37 23
37 3080
38 945
38 1179
38 3500
39 1561
40 117
40 685
40 1060
41 703
42 3500
43 2865
45 734
45 1510
46 142
46 1041
47 3436
48 2697
49 1696
50 1415
51 586
51 2469
51 2858
53 288
53 612
55 553
55 2637
57 972
57 1339
57 1961
57 3298
57 3537
58 247
58 2979
59 351
59 418
59 1942
60 1112
61 397
61 741
64 1677
64 2928
65 1731
65 2268
66 55
67 525
67 1247
68 409
68 436
68 980
69 202
69 2497
69 2710
70 993
70 2448
70 3218
71 1334
72 124
73 1298
74 3185
75 44
75 2649
76 806
76 1255
76 2655
77 633
77 1794
77 2764
77 2903
78 488
78 768
79 697
80 728
80 2648
82 2068
83 1733
83 2856
84 819
86 161
86 2017
86 2920
86 3415
87 2187
88 147
88 214
88 1154
88 3072
90 2540
91 3406
92 1910
93 1704
93 2080
93 3423
93 3547
94 1071
95 291
95 2998
97 2298
99 548
99 983
99 996
99 3151
99 3513
102 94
102 196
104 441
104 1296
104 2999
105 2169
105 2324
105 2892
105 3562
106 216
106 857
107 1408
107 1748
109 2215
109 2440
110 444
111 100
111 199
111 302
111 2566
111 3543
112 937
113 1952
114 2874
116 403
116 886
116 1019
116 1308
117 1883
118 3020
118 3403
119 547
119 917
119 2523
120 348
120 554
122 2698
123 163
124 1495
125 281
126 1344
127 754
127 3506
129 211
129 257
129 993
129 1562
131 2121
132 2840
132 3510
134 126
134 1006
134 3042
135 2716
137 992
137 1420
137 2523
138 306
138 608
138 916
139 644
140 3407
141 329
141 1825
141 1960
141 2508
141 3539
142 2149
143 814
143 2711
143 3114
144 421
144 923
144 1253
144 2582
145 2182
145 2415
146 818
146 3078
146 3581
147 1132
148 803
148 1639
148 3107
148 3262
151 297
151 2875
152 2494
152 2611
153 1329
154 761
155 500
155 2560
156 711
156 765
156 2585
157 480
157 2315
158 2587
160 2415
161 911
161 2955
162 90
162 1406
162 2006
163 1
163 2569
164 1968
165 677
165 2542
167 2360
167 2932
168 1345
169 1395
170 2823
171 2510
172 2345
172 2537
172 2934
173 213
173 1744
173 2805
175 2189
176 2107
178 2660
179 2858
180 3154
181 514
183 2361
185 447
186 91
186 931
187 922
187 3293
187 3563
188 2904
189 2926
190 3215
191 1432
192 875
193 1608
193 3340
195 2736
196 2621
196 3273
197 530
197 2364
197 2727
197 2863
197 2871
198 559
198 2429
198 3528
199 2620
200 98
200 3149
201 853
202 237
202 825
202 1763
202 1924
202 2282
202 3379
203 127
203 682
203 791
204 1277
204 1903
205 2449
206 1012
207 2763
208 1932
208 3094
210 349
210 1828
210 2055
210 2309
211 1206
211 1289
211 2469
212 80
213 1138
214 470
215 189
216 2200
217 610
217 1435
218 37
218 564
218 852
218 1736
220 295
220 1356
221 949
221 1421
221 3222
223 1310
223 2448
223 2465
224 2120
226 156
226 1052
226 2260
229 556
230 931
230 1319
230 2015
231 1862
232 1372
234 3162
236 678
236 3116
236 3241
237 960
237 1612
237 3018
238 2643
239 3497
240 657
240 2333
241 6
241 838
241 1245
244 2342
244 3310
245 2106
246 256
247 1028
247 2186
248 984
248 2030
250 64
250 2174
250 3024
251 1090
251 1432
252 605
252 1128
253 1846
253 2695
254 240
254 3391
255 29
255 519
255 961
255 2026
256 2820
257 239
259 826
260 3277
261 871
262 1053
262 1068
262 1802
263 222
263 1939
263 3514
264 344
264 1733
264 3332
265 1694
266 2764
266 3099
267 3408
268 803
269 2508
269 2720
269 3232
269 3493
270 2538
270 3420
271 2909
272 722
272 3453
273 507
273 1828
273 3378
274 2231
275 827
276 1646
276 1772
277 733
278 869
279 510
279 2862
280 2027
281 2110
282 692
282 1427
282 2671
283 68
285 404
285 425
285 2032
285 3117
286 853
286 2698
287 1166
287 2180
287 2252
287 3415
288 758
288 1959
288 2466
289 1873
290 797
290 2860
291 349
291 1994
293 1493
293 1728
293 1811
294 218
294 2715
295 2888
297 779
297 2297
299 1798
300 1575
301 1796
303 234
303 578
304 324
306 1237
306 1480
306 2834
307 2469
308 350
308 982
308 1124
308 1642
308 2283
308 2578
309 2436
310 679
310 3304
312 562
312 3191
313 1463
314 433
315 2169
315 2555
315 3159
316 1581
318 2877
319 155
319 1493
319 2010
320 871
320 1044
320 2645
322 1491
322 2998
325 2058
325 2501
326 211
326 667
326 1263
327 1865
327 3545
328 2394
329 3399
330 327
332 607
333 346
333 355
333 1990
334 119
334 130
334 252
334 1519
334 2086
334 2695
335 6
337 155
337 1386
337 1964
338 2789
339 442
340 328
340 2359
341 3373
342 769
342 1206
342 2145
343 2549
344 1326
345 476
345 2987
345 3121
348 2184
348 2685
349 848
349 1832
352 89
352 1830
353 736
353 2147
353 3083
354 2469
355 294
355 2109
355 2310
356 1636
356 2709
357 1001
357 1711
357 2106
357 3087
358 3471
359 690
359 2494
359 3489
360 2005
360 2750
361 208
361 2401
361 2520
363 1050
365 792
365 817
365 1137
366 1772
367 2026
368 2521
368 2938
368 3030
369 2531
371 2488
372 697
372 1931
373 1389
373 1485
373 2523
375 1340
376 1138
376 2725
377 475
377 1504
377 3074
377 3110
377 3427
378 336
378 3240
381 1663
382 2044
382 2775
382 3552
383 2030
384 1135
385 508
385 646
386 1072
387 1699
387 3298
388 1414
388 2991
388 3212
389 193
389 1248
390 106
390 2375
390 2760
390 2990
390 3389
391 24
393 2881
395 2968
395 3118
395 3420
396 1308
397 3
397 2052
398 1045
398 1815
398 2443
398 3128
398 3138
399 2638
400 1512
401 691
401 709
401 1376
402 489
402 3557
403 715
403 1785
404 1385
406 271
406 2293
407 1123
407 2258
407 2945
408 3313
409 1818
410 3226
411 187
412 261
412 1174
412 2889
413 925
413 2715
414 3087
415 1582
416 3256
416 3521
417 441
417 3096
418 1950
419 2939
420 2681
420 3082
421 3129
421 3376
422 664
422 2232
422 3452
423 2331
423 2792
423 3484
424 1471
424 2513
424 3257
425 162
425 1491
426 427
428 873
428 1109
429 1130
430 3016
430 3065
430 3545
431 28
431 332
431 3128
431 3259
432 918
432 1580
433 1366
433 3175
434 862
435 2604
437 190
437 3282
438 2773
439 681
439 1871
439 3262
439 3346
440 673
440 917
440 1139
440 2519
441 309
442 1808
446 2702
446 3276
447 2063
448 1153
449 447
450 513
450 2746
451 2497
452 339
452 821
453 3006
454 1295
454 3279
455 1056
455 2020
455 3550
455 3590
456 1168
457 1115
457 3530
458 1740
458 3122
459 686
461 412
462 1714
464 475
464 2359
464 2567
465 1677
465 2605
465 3291
465 3493
466 1312
466 2242
466 3263
467 386
467 2820
468 1073
468 1365
468 2236
469 3267
469 3353
470 170
470 2135
471 1530
472 95
472 1946
472 3416
473 161
473 598
473 1152
474 2379
474 2813
475 1250
476 14
476 1078
476 1642
476 1745
476 2798
478 530
478 1856
478 3132
479 540
480 1568
480 3119
481 485
481 779
481 1404
481 2464
482 1685
482 1824
482 2358
484 276
484 1415
485 906
485 1786
488 2261
488 2606
489 1016
489 1283
489 1333
489 3050
490 2143
490 2303
490 2745
491 1235
492 681
492 1126
492 2766
493 667
494 916
495 403
495 960
496 567
497 968
497 2022
498 580
499 339
500 792
500 1410
503 2473
503 2871
503 3329
504 1692
504 3402
506 1391
507 3489
508 5
508 932
508 944
508 3244
509 2635
510 120
511 2142
511 2145
512 145
512 762
513 3202
514 3126
516 773
518 1627
519 1957
519 3271
521 2852
522 1077
522 1212
522 2380
523 763
523 2462
524 2141
524 2212
524 2372
525 680
525 3003
525 3201
526 140
526 1360
526 1851
526 2424
528 104
529 2490
530 1021
530 2699
530 3396
530 3406
531 1076
531 2800
532 752
532 1586
533 2257
533 2728
534 18
534 2166
534 3416
535 392
535 790
537 765
537 2513
538 372
538 1373
538 2155
538 2758
538 2808
538 3216
538 3572
539 1939
539 2169
539 2876
539 2984
541 114
541 1090
541 1374
542 1065
543 1815
544 1761
544 2558
546 2742
546 3522
547 2418
548 481
548 1881
548 2844
549 193
549 1362
549 1819
551 1293
552 933
552 972
552 1936
553 3142
554 1271
554 2979
555 2180
555 3210
556 179
557 1409
557 2504
558 1513
558 1575
559 1404
560 1136
560 1489
560 2656
560 3459
561 244
563 774
563 1263
563 2144
564 2483
565 875
565 1704
565 3153
567 308
567 3101
567 3292
567 3559
568 293
568 1529
568 1820
569 202
569 1112
569 1872
569 2643
570 1074
570 2816
571 333
572 655
572 2341
573 997
573 2367
576 627
576 851
576 3515
577 2524
578 1735
579 379
579 1440
580 3453
581 1051
581 1336
581 1951
581 2917
582 1719
582 3463
583 912
583 3125
584 636
584 1514
584 1593
586 564
586 764
586 1420
586 2428
587 2283
587 3130
588 1279
588 1548
589 924
589 1601
589 2439
590 3230
591 1577
591 2234
591 3424
592 854
592 1030
592 3419
593 381
593 3120
594 595
594 2568
594 3136
595 967
595 1806
597 2042
597 3491
598 1398
599 2887
601 734
603 2370
604 398
604 652
605 1230
606 56
606 1817
606 3130
606 3555
607 1624
607 2263
607 2513
608 1528
609 1313
609 2926
610 600
610 1329
610 1967
610 2682
611 178
611 1355
615 773
615 3255
616 1334
616 1678
616 1820
617 282
617 2409
617 2960
617 3108
618 1791
618 2513
619 531
619 1787
620 63
620 2755
620 2770
620 2845
620 2920
621 559
621 1067
621 1121
621 2775
621 2954
622 1615
622 2724
623 238
623 695
623 3547
624 467
624 2785
625 672
625 1139
625 1441
625 1679
626 2993
628 506
628 1430
628 2455
629 2394
629 2403
630 1486
630 2633
632 576
632 1365
633 888
633 1761
635 2772
636 537
637 15
637 712
638 2558
639 1232
640 863
640 1456
640 2094
642 325
642 401
642 2819
642 2912
643 66
643 662
644 638
644 1048
644 1193
644 2166
645 7
646 1433
647 346
648 1062
648 3581
650 3255
651 576
651 2133
651 2506
651 2632
652 1151
654 2032
655 2228
655 2525
655 3112
657 3271
659 589
659 785
660 2079
661 1692
662 2614
663 1012
664 2726
665 381
665 1779
665 2807
667 1866
667 3436
669 488
669 648
669 3069
670 3375
671 1853
671 2681
672 1251
672 1579
672 2623
672 2818
673 1387
673 1541
674 541
674 2317
674 2743
675 1619
675 1932
677 1906
677 3352
678 2840
679 2476
680 59
680 436
681 1901
681 2642
682 1182
682 2745
684 576
684 1944
684 2368
684 2501
684 3359
686 438
686 608
686 886
686 1971
686 3252
688 2161
689 1141
690 524
691 3351
692 3075
694 330
695 386
695 975
696 1790
697 1174
699 804
699 2167
699 2441
699 3534
700 2015
702 1147
702 2421
702 2423
702 3177
703 2737
704 2070
704 2971
704 3429
705 273
705 2643
706 2416
706 2654
707 2073
707 2692
708 1327
709 1300
709 2589
709 3384
710 1473
710 1525
711 1795
712 805
712 924
713 284
713 866
713 1120
713 1644
714 2119
715 1695
717 631
719 1461
719 1844
721 934
721 1546
721 2976
724 557
724 2322
726 2675
726 3370
731 437
731 896
731 2224
732 1457
733 1444
733 3475
734 385
734 3392
735 3288
736 513
736 1225
737 1260
737 2595
737 3237
738 1058
738 2046
738 2347
738 2469
738 2796
740 3080
741 2934
742 1941
743 205
744 276
745 796
745 1257
745 1404
745 1606
745 1916
745 3111
745 3414
746 3
746 1324
747 2581
748 653
748 2974
749 1094
750 958
750 1001
750 2704
751 1594
751 3486
752 464
752 1668
753 2670
753 2772
754 589
755 2976
756 393
756 1499
757 576
758 2155
759 1579
759 1703
760 1358
762 2193
762 2257
762 3125
764 141
764 889
765 61
766 641
767 57
767 105
767 901
767 2062
768 414
768 1060
768 1710
768 2338
770 1495
770 3458
772 1548
773 84
774 629
774 1647
775 3088
776 2171
776 2517
776 3478
777 1522
778 2285
779 1363
779 1395
780 1849
781 17
781 379
781 3047
782 2167
783 401
783 2235
783 2400
783 2757
783 2818
783 2982
785 2082
786 811
786 2067
787 727
787 2770
788 28
788 1936
788 2558
788 2858
789 3054
790 1645
790 1857
790 1895
790 3306
791 1560
791 3432
792 1728
792 1971
792 3016
793 838
793 1617
795 328
795 1429
795 2885
796 2871
798 2216
798 2598
799 1547
799 3017
800 1255
801 1412
801 2249
802 800
803 2681
803 3247
804 2089
804 2156
804 2797
805 789
806 1431
807 1744
808 968
808 1507
808 2626
809 2455
809 3262
810 217
810 644
810 2257
811 974
811 1067
811 2102
811 2406
811 2534
812 870
813 2742
813 2782
813 3293
814 2852
815 1945
815 2401
816 1317
816 1647
817 1399
817 2240
818 432
819 440
819 3183
819 3416
820 550
820 1823
821 88
821 792
821 2609
821 2851
822 157
822 470
822 3339
823 1094
823 1636
823 2250
823 2615
823 3049
824 163
824 1301
824 1402
826 1832
826 3243
826 3555
829 1820
829 2048
829 3213
829 3438
830 2414
830 3551
831 1621
832 2324
833 610
833 1499
833 2358
833 2557
834 1780
835 3578
836 1251
836 1901
837 45
838 90
838 1238
838 1396
839 331
839 3321
840 1571
840 3438
841 232
841 1658
842 121
843 896
843 1834
844 249
844 2121
844 2733
845 646
845 1301
847 2025
848 2428
849 128
849 3259
850 3270
851 445
851 813
852 48
852 2923
854 75
856 291
856 862
857 1633
857 2283
857 2458
858 3376
861 289
862 264
862 1055
862 1357
862 3275
863 2175
864 2471
865 2032
866 695
866 1324
866 1410
867 533
867 3215
870 374
870 1419
872 2156
872 2654
873 796
873 3312
874 1691
874 2138
875 1029
875 1521
876 909
877 3378
878 182
878 2843
878 2920
879 2519
881 2307
881 2620
882 780
882 1065
883 1651
884 23
884 2081
884 3310
885 1000
886 157
887 485
889 2146
890 1736
890 2324
891 66
891 1154
892 712
892 2915
893 90
893 1032
894 1325
896 413
896 1213
897 166
897 558
898 987
898 1004
898 3076
899 1074
900 2998
901 388
901 656
901 3278
902 2735
902 3096
903 860
903 2068
903 2900
904 457
904 1065
905 7
905 2439
907 557
908 1233
909 715
910 232
912 2002
913 1482
914 939
916 2017
916 2496
917 116
918 895
919 822
920 2499
920 2521
920 2924
921 2071
921 2077
924 1942
925 2702
925 2845
925 3461
926 556
927 817
927 867
927 3454
929 3246
930 303
930 377
931 543
931 756
932 45
932 1677
932 2195
933 2214
934 1407
935 540
935 572
935 2153
936 1262
936 3495
938 2950
939 302
939 1604
940 435
940 2478
941 2890
943 914
944 452
944 1032
944 1239
944 1900
945 835
945 1105
945 2085
945 2497
946 2829
948 340
948 1864
948 1908
949 2586
950 583
950 1136
950 1739
952 359
952 943
952 2484
952 3016
952 3291
953 993
953 1388
953 2374
954 2193
956 900
956 1258
956 1534
956 2663
957 889
959 1878
960 1124
960 1481
962 1869
962 2151
962 2968
962 3589
963 2027
964 3067
964 3173
965 356
965 392
965 3029
967 1228
967 1870
967 2862
968 1813
968 3544
969 145
970 387
970 3208
971 1825
972 3051
973 1843
973 1864
974 1921
975 335
975 1628
975 2083
976 902
976 2413
977 404
977 932
978 343
979 1301
979 2155
980 377
980 1562
980 1780
980 1968
981 945
981 1757
982 1502
982 2582
983 1949
983 3260
984 601
985 2968
986 270
988 391
990 1292
990 3529
991 1625
992 3586
993 3268
994 448
994 2468
994 3537
995 1163
996 3411
997 381
997 2416
997 2567
998 462
998 723
998 2266
998 3011
999 318
1000 1452
1001 2506
1003 690
1005 543
1005 698
1006 333
1006 2541
1006 3287
1006 3409
1007 334
1007 3310
1008 1911
1008 2932
1009 3262
1010 162
1010 231
1010 413
1011 1035
1011 2945
1012 2229
1013 1009
1013 1473
1013 2010
1014 498
1015 617
1015 1404
1015 3457
1016 1182
1016 3043
1017 282
1017 2607
1017 2768
1018 1217
1020 1208
1022 1183
1022 1373
1023 3327
1024 825
1024 1566
1024 2595
1027 623
1027 1382
1027 1520
1028 376
1028 1116
1028 2575
1029 661
1029 3186
1030 1207
1030 1278
1031 1249
1032 917
1033 2605
1034 359
1034 3189
1034 3438
1035 1968
1035 2768
1035 3325
1036 1074
1037 900
1037 1061
1037 1096
1037 1232
1037 1927
1038 312
1039 1267
1040 581
1040 681
1040 1748
1040 3530
1041 3308
1042 2005
1042 3576
1043 381
1044 2153
1046 2071
1050 970
1051 532
1051 1908
1051 2425
1053 1621
1053 1801
1054 3561
1055 83
1056 1086
1056 2459
1056 2561
1056 2604
1057 272
1057 3151
1058 180
1059 73
1059 1621
1061 3288
1061 3583
1062 1760
1062 1863
1063 526
1063 838
1063 3480
1064 742
1064 753
1065 90
1065 254
1065 1105
1065 1756
1065 3040
1066 2121
1066 3230
1067 3293
1068 1707
1068 2952
1068 3561
1069 602
1069 2363
1070 1835
1070 2252
1071 231
1071 2230
1072 240
1073 1218
1074 3395
1075 719
1076 2287
1076 3485
1077 1152
1078 1468
1078 2449
1078 2542
1078 2620
1079 1203
1080 1353
1080 1887
1081 2485
1081 2865
1081 3587
1082 1431
1082 2988
1083 1443
1084 469
1084 1739
1086 1044
1086 3510
1087 1568
1088 1908
1089 3125
1090 834
1090 901
1091 1688
1092 1213
1092 3237
1095 306
1095 469
1095 1543
1095 1965
1097 414
1097 1623
1098 623
1099 69
1100 3580
1102 196
1104 138
1105 514
1105 1033
1105 2731
1106 655
1106 688
1106 1247
1106 2306
1107 771
1108 470
1109 173
1109 2453
1109 2550
1109 2740
1109 3251
1110 116
1110 1917
1112 449
1112 879
1112 1753
1113 1425
1114 846
1114 3520
1115 453
1115 914
1115 2856
1117 146
1118 1796
1119 542
1119 2337
1119 2731
1120 2057
1120 2794
1121 1828
1121 3111
1122 3073
1123 863
1123 1366
1124 2133
1124 3585
1125 990
1127 3092
1128 163
1129 2480
1130 2620
1131 322
1131 840
1131 1364
1133 757
1134 2866
1135 2543
1139 2174
1140 2190
1140 2619
1141 1471
1141 2928
1142 877
1142 3367
1143 514
1143 2592
1146 3552
1147 45
1147 1047
1148 374
1148 2424
1149 517
1149 2960
1150 457
1151 2962
1152 1326
1152 1777
1152 2747
1153 1080
1153 1124
1154 2029
1154 2277
1156 336
1156 1523
1156 2986
1157 2090
1157 2256
1158 3046
1159 668
1160 42
1160 2329
1160 2592
1160 3104
1161 276
1161 753
1161 1318
1162 474
1162 2621
1162 2772
1163 3051
1165 3398
1167 1589
1167 2882
1168 1047
1168 3254
1169 2678
1170 1425
1171 1624
1171 1738
1171 2698
1171 3202
1172 3236
1172 3283
1173 266
1173 913
1173 2098
1173 2396
1173 2926
1174 953
1174 2393
1175 393
1175 2713
1175 3043
1175 3415
1176 2001
1177 553
1177 802
1177 1718
1179 272
1180 794
1181 2685
1183 2867
1184 1364
1185 314
1186 1687
1186 3394
1187 167
1187 1694
1187 2418
1188 772
1189 2844
1190 3372
1191 635
1191 1160
1191 2099
1191 3471
1192 220
1192 1353
1192 1599
1192 2256
1193 2251
1193 2539
1194 2535
1194 3178
1194 3242
1194 3452
1195 99
1195 1922
1195 2440
1196 1003
1196 3163
1197 3507
1198 2385
1200 1797
1201 551
1202 1818
1202 2052
1202 2514
1203 3119
1205 142
1205 609
1205 2022
1205 2864
1206 183
1207 1724
1207 2639
1209 1719
1209 3455
1210 1636
1210 1941
1210 2092
1210 2502
1211 1826
1211 2418
1212 174
1212 892
1213 3079
1213 3100
1214 2729
1215 1015
1215 3513
1216 971
1219 851
1220 155
1220 2080
1222 1801
1222 2784
1222 3560
1223 1080
1223 1654
1223 2024
1223 2106
1224 864
1224 1504
1225 2557
1226 1389
1226 2721
1227 914
1227 1329
1229 671
1229 736
1229 1560
1229 1982
1230 901
1230 3061
1231 1989
1232 2752
1233 1056
1235 825
1236 2372
1237 282
1238 453
1238 2240
1239 3215
1240 3073
1242 227
1242 2045
1242 2570
1243 2638
1244 3372
1245 527
1245 1345
1245 1689
1245 2298
1245 2571
1246 87
1246 2964
1248 778
1248 1031
1248 2631
1250 679
1250 1304
1251 337
1251 1741
1251 3037
1253 911
1253 2353
1254 1261
1254 1545
1254 2409
1255 2086
1256 2179
1257 202
1257 370
1257 385
1257 1359
1258 977
1260 253
1260 3455
1260 3467
1261 2295
1261 2938
1261 3472
1263 1420
1264 1201
1265 1589
1265 2213
1265 2650
1266 2512
1266 2546
1268 1135
1269 839
1269 1397
1270 2245
1271 803
1271 2354
1271 2782
1271 3475
1272 2104
1272 2141
1273 767
1273 1775
1273 1801
1275 576
1275 2751
1277 479
1277 1037
1277 2143
1277 2350
1278 3537
1279 575
1279 1426
1279 2622
1279 3158
1280 3300
1281 3018
1283 1094
1283 2413
1283 2707
1283 3524
1284 2235
1284 2560
1285 428
1286 2356
1287 566
1288 996
1288 2147
1288 2808
1289 423
1289 2836
1290 2576
1291 292
1291 1065
1291 3162
1293 95
1293 1230
1294 3562
1295 2143
1296 1653
1298 212
1298 2007
1298 2972
1298 3079
1299 919
1299 927
1299 1540
1299 1777
1300 1266
1300 2140
1300 2803
1300 2884
1300 2980
1301 39
1301 3552
1302 326
1302 615
1303 634
1304 3285
1304 3555
1305 559
1305 1790
1305 2615
1306 40
1306 595
1306 836
1306 2668
1306 3252
1306 3378
1307 501
1307 2515
1307 2528
1308 2660
1308 3153
1309 2321
1310 2473
1310 3245
1310 3297
1312 1083
1315 2162
1315 2830
1318 875
1318 1587
1319 1329
1320 2533
1321 514
1321 2629
1324 9
1324 83
1326 327
1326 2059
1326 2429
1326 2505
1326 3555
1327 6
1327 835
1327 2023
1327 2898
1328 2868
1328 3436
1329 36
1329 211
1329 2396
1329 2587
1330 1143
1332 501
1332 1767
1333 302
1333 1522
1334 1733
1334 2017
1335 326
1336 3215
1339 870
1339 2449
1340 628
1340 3138
1340 3222
1 2224
1 2396
2 2223
2 3204
4 871
4 2339
4 2551
4 2727
6 1780
6 2659
7 3559
10 1737
11 2087
11 3280
12 1034
12 1635
13 305
13 1047
15 518
15 1788
16 2762
17 287
17 290
18 618
18 1526
18 2403
18 3118
19 2674
20 1110
20 2286
21 2269
22 294
24 370
24 1349
25 3278
26 2998
27 2745
27 3321
29 791
29 1998
29 2860
30 623
30 2363
30 2568
31 133
31 180
31 1420
31 3087
31 3317
32 155
33 172
34 44
34 1967
36 2042
36 3162
38 814
39 844
40 371
40 1290
40 1395
40 2982
41 1253
41 3088
42 1817
42 2170
42 2192
44 684
44 706
44 1659
44 2543
44 2678
44 3072
45 488
46 338
46 2384
47 141
47 2993
49 393
49 2240
49 3433
50 1817
51 2871
52 960
53 403
53 1904
55 1029
56 1137
56 2196
57 3200
57 3252
58 1192
59 186
59 949
59 1755
59 2774
60 399
60 3268
61 594
62 1235
63 1975
64 731
64 933
64 1609
65 2718
67 1164
67 2838
69 313
69 2439
71 824
71 1944
71 3436
72 2846
72 3100
72 3232
72 3454
73 716
73 1979
74 32
76 476
77 2248
78 721
80 2016
80 3190
84 2755
84 3248
85 2009
85 3475
86 2472
87 3390
88 3466
89 1863
90 1360
90 1612
90 2404
90 2807
90 3504
91 439
91 2460
91 3146
92 1538
92 2586
92 2892
93 1260
93 1859
93 2829
94 842
95 1202
95 2506
96 1040
96 1106
97 893
97 3139
99 1385
100 533
100 3514
101 1800
101 3518
102 2593
103 2474
103 3517
104 86
105 800
105 1159
105 1883
105 2630
105 3064
107 282
108 1184
108 1549
108 3167
109 2267
109 2396
110 822
110 896
111 3117
111 3243
112 3144
115 964
116 798
116 3008
117 1711
117 2082
117 3384
118 2341
118 2527
119 1314
120 631
121 921
121 2037
122 760
122 1828
124 818
124 1373
124 2415
125 46
125 3080
126 3375
127 926
127 1542
128 265
128 1451
128 2088
128 2235
129 3315
130 2755
131 365
131 1179
131 1202
132 1116
132 1970
132 2661
133 3045
134 3588
135 1273
135 2614
135 3521
137 253
138 938
138 3369
139 2851
140 1086
141 538
141 541
142 2341
142 2552
142 3454
143 947
143 1646
145 1087
147 2034
147 2641
148 336
148 1021
148 2124
149 717
149 2026
149 2682
150 72
150 421
150 1181
150 1285
152 2572
154 2202
154 2993
155 184
155 2460
156 2640
158 650
158 2804
159 1004
159 1560
161 1207
161 3018
162 650
162 1009
162 1635
164 1721
165 3399
167 2145
168 79
168 1221
168 1361
168 1526
168 2837
168 3296
169 680
169 2596
170 2598
170 3476
171 2400
172 1218
173 1431
174 999
174 1186
174 3222
175 2133
175 3580
176 360
176 2101
176 3293
177 1108
179 550
179 2525
179 2771
180 333
180 1041
180 1415
180 1440
180 1916
181 627
181 2660
181 2789
182 176
183 34
183 191
183 378
183 824
183 1316
183 1450
183 2716
184 924
184 936
185 767
185 889
185 991
185 1367
185 1382
185 1605
185 3201
186 803
188 795
188 1917
188 2979
190 1340
190 1492
190 2215
190 2907
191 421
192 3515
193 431
193 1680
193 2006
194 2797
195 2674
196 563
196 964
196 1173
197 1358
199 810
200 2976
200 3536
201 3363
203 3359
204 1589
205 360
206 710
210 858
210 2465
211 125
211 712
211 1910
211 2137
212 3306
213 2900
214 393
215 295
215 548
215 1603
215 2725
215 2807
216 368
216 1034
216 1163
217 1969
217 3096
218 98
218 2359
220 722
220 811
220 1916
220 3053
221 2272
222 1835
222 2032
223 1937
223 3197
225 2976
226 2421
227 836
227 2929
228 1532
228 2369
228 3554
229 3011
230 1293
230 2598
231 33
231 513
232 2257
232 2417
233 550
234 135
235 603
235 1293
236 3459
236 3474
238 1794
238 2197
238 2316
238 2382
238 3439
239 3032
240 879
240 1981
240 2584
241 3111
242 1331
242 2879
243 454
244 1266
244 3449
246 340
246 1833
246 2428
247 2037
248 1407
248 1718
248 2091
248 2418
249 1217
250 310
250 873
251 3236
251 3572
252 1142
252 1199
254 1023
254 1166
255 294
255 3224
256 3091
257 3382
258 822
258 2210
259 3323
260 3470
261 811
266 387
266 2767
266 3382
267 198
268 220
268 3008
268 3118
269 105
269 2708
270 683
271 2281
271 3571
274 2661
274 2807
275 995
275 1387
275 3041
276 225
277 1395
277 3329
278 1889
280 95
280 1323
281 1835
282 1152
282 2840
283 130
283 709
283 932
284 965
284 3465
285 169
285 2333
286 2501
286 3052
287 177
287 245
287 1726
288 2070
289 876
289 1554
290 1017
290 2029
291 2531
292 513
292 1265
292 2969
293 730
293 2369
293 2795
294 689
294 752
294 2972
296 597
296 2410
296 2514
296 2999
297 3153
298 1096
298 1736
298 2402
299 2516
299 3582
301 1509
301 3295
302 862
304 321
305 633
306 874
306 3155
307 1024
307 2015
307 2503
308 1075
308 1434
309 617
309 2512
310 88
310 2728
310 3222
313 1029
313 2939
314 869
314 2212
314 2923
315 1019
315 1528
315 2867
316 772
316 2378
316 3569
317 3268
319 538
319 2377
319 3200
320 1063
320 1620
320 2894
320 3110
322 748
322 1331
322 1358
322 2862
323 919
323 1366
324 688
324 823
324 991
324 2520
325 323
326 1381
326 2641
327 1694
327 2514
328 1076
329 1390
330 2378
331 1790
331 2883
331 2940
332 37
332 187
332 947
332 1479
332 1867
332 2855
333 1814
333 3037
334 2567
335 259
338 2886
338 3269
338 3332
339 1382
340 2500
342 853
342 3364
343 631
344 2043
345 166
346 583
346 1652
346 2264
346 2365
347 1336
348 564
348 1198
349 213
349 677
349 2764
350 61
350 588
351 1584
351 2690
352 1657
353 130
354 331
354 1261
355 280
355 1249
355 1687
355 1720
356 544
356 3580
357 204
357 407
357 2380
358 797
359 1018
359 2610
359 2678
360 455
360 655
360 1138
360 1503
360 2259
360 3037
361 1721
362 1827
363 1034
364 7
365 1170
365 1475
366 831
366 1063
369 1944
369 2296
370 480
370 2096
370 3046
372 2570
373 3337
374 44
374 1013
375 3539
377 1579
377 3051
378 1666
378 1735
378 1855
379 1719
379 2308
380 223
381 303
381 2101
381 3100
382 1103
383 1847
384 764
384 2293
384 2539
385 2182
385 2910
386 162
386 372
386 1387
386 1796
388 329
388 703
389 518
389 575
389 2463
390 2850
391 3411
391 3549
392 644
392 1957
392 2677
393 1219
395 2390
395 2784
396 3058
396 3232
397 862
397 1337
398 714
398 3325
399 616
399 1161
399 2479
399 2893
400 377
400 488
400 1352
402 3565
403 298
404 3508
406 2729
407 1708
407 3295
408 51
408 3006
408 3389
409 1385
409 1813
409 1935
413 837
413 2781
413 3490
414 1707
414 1941
414 2650
415 1010
418 1556
418 2317
420 279
422 2955
423 3523
424 842
425 830
425 2754
428 1565
428 2151
429 338
429 1234
429 1580
429 2645
430 677
431 1229
431 1787
431 2693
431 2702
432 173
433 732
434 1923
434 2355
435 1406
435 1943
437 1160
437 1170
437 3093
438 920
439 182
439 874
439 1744
439 2020
439 3566
440 2043
441 499
441 791
441 2579
442 17
442 230
443 1469
444 362
444 374
445 155
445 2309
446 2144
447 471
447 1632
447 2513
448 814
448 1993
449 284
450 2923
452 46
452 2870
453 2239
454 367
454 925
454 1914
454 2629
454 3391
457 2998
457 3204
458 2729
459 2841
460 1768
460 2653
460 2798
461 2034
461 3234
462 3355
463 1934
464 951
464 1012
465 3098
466 2834
467 2318
468 556
468 623
468 1945
469 1044
469 3457
471 184
471 782
471 1782
472 393
472 2496
472 3487
474 436
475 2816
476 1299
476 3108
477 523
477 3162
478 858
479 726
479 2397
480 1506
480 3341
481 961
481 982
481 1375
484 22
485 3256
486 592
486 3576
487 1370
487 1543
487 2000
487 2094
488 133
489 1831
490 1236
490 2051
490 2307
492 2083
492 3517
493 2076
494 533
494 1390
494 2709
495 1716
496 695
496 1024
496 2277
497 318
497 1716
497 1846
498 550
498 809
498 2641
500 810
501 100
501 2768
503 444
504 898
504 1267
504 2176
504 2465
505 2309
506 682
506 2526
506 2671
507 427
508 1657
508 2425
509 275
509 747
510 1218
510 1816
510 3395
511 3080
512 1878
513 55
513 1159
513 1446
513 2069
513 2591
515 635
515 1704
515 1824
515 2604
515 2970
516 424
516 439
516 1279
518 1836
519 2263
519 3198
520 434
520 1626
520 2665
521 1649
521 1730
523 173
523 1760
524 1126
524 1404
524 1652
524 2338
526 808
526 1295
526 2467
527 1404
527 1917
527 2273
527 2742
528 964
528 3424
529 950
529 2439
529 3386
531 568
531 1586
531 2083
534 3549
535 157
535 2518
535 3019
536 3328
537 2574
538 2085
539 514
539 873
539 1593
539 3123
540 1632
540 1791
541 715
541 2194
543 1476
544 1379
544 3510
546 1759
547 787
548 1842
548 3203
549 935
549 1401
549 3362
550 296
550 832
550 1349
550 2203
551 3301
552 44
552 964
552 1061
552 2049
554 129
554 273
554 697
554 1217
556 1789
556 2062
556 2144
557 1586
558 3031
558 3321
559 765
560 1771
560 2414
560 2726
560 2979
562 1533
564 1149
564 1566
564 1569
564 1980
564 3543
565 1990
565 2717
567 1156
567 2262
567 2720
568 50
568 70
568 972
568 1847
568 2245
569 1033
569 2073
569 2376
570 1575
570 1631
571 228
571 1172
571 1270
571 2237
571 2522
571 3368
571 3451
572 1703
573 2193
574 8
574 699
574 704
575 677
575 1921
575 2884
576 2927
577 2065
577 2671
579 1444
579 1760
579 2463
579 2859
580 2836
580 3053
582 2661
583 270
583 1256
584 395
584 1434
584 2679
584 3154
585 439
586 2425
587 2936
587 3128
587 3581
588 2124
588 2893
589 897
590 865
590 1240
590 1912
591 1656
591 3349
592 359
592 769
592 2705
593 2483
594 649
595 1590
595 1945
595 2883
596 137
596 2117
596 2485
597 110
597 519
597 1707
598 3235
598 3457
599 161
599 702
599 3043
600 493
601 188
601 1796
602 2627
602 2849
604 1321
606 2738
606 2908
606 3315
607 2787
607 3265
608 1275
608 1523
609 1580
610 1124
611 1530
611 2151
611 3430
613 1685
614 3365
615 2655
616 1636
617 2132
618 194
618 2770
619 575
619 1034
619 1044
619 3419
620 121
621 409
621 1774
622 1731
622 2045
623 2251
624 204
624 2225
624 3418
625 580
625 1398
628 2984
628 3188
628 3511
629 2
629 2442
630 280
631 2745
632 167
633 2122
634 276
634 687
634 700
634 935
634 1337
635 1531
636 3515
638 641
638 1857
639 1298
639 1627
640 88
641 2365
641 2460
641 2536
642 496
643 1443
644 187
644 810
644 2062
644 3040
645 1001
646 1311
647 2477
648 938
648 2118
649 235
649 452
649 3141
650 32
650 1027
650 1221
651 832
651 1964
651 2656
651 3113
652 899
652 3164
653 1259
653 2028
654 2661
655 158
655 812
655 2854
656 169
656 1166
657 246
658 953
659 2838
659 3105
660 319
660 2459
661 892
661 1097
662 966
664 2336
664 3315
665 2221
665 3403
666 1353
666 3092
667 3301
668 1292
668 1669
668 3026
669 1526
669 2439
669 3109
669 3542
670 211
670 1746
671 417
671 1981
671 2847
671 3215
672 1534
672 3386
673 1576
673 1694
674 1029
674 1532
674 2010
674 3088
675 124
676 1571
676 2527
676 3471
677 3489
679 1726
681 1536
684 1268
685 1888
685 3354
686 1716
686 1799
687 753
688 8
688 879
688 1714
688 2076
690 2049
690 2690
691 1642
691 3370
692 3006
693 1143
695 1329
695 1702
695 2253
696 1285
698 497
698 679
698 2302
699 3242
700 640
700 1674
701 417
701 592
701 880
701 2659
701 3049
702 1764
702 2838
703 762
703 3443
704 1471
704 2037
706 457
706 3228
707 660
707 1525
708 40
708 1099
708 2506
708 2591
709 1587
709 2594
712 1890
713 1195
713 3048
714 858
714 1755
714 2617
714 3004
715 398
715 1058
715 2089
715 2849
716 1804
716 2087
716 2855
717 972
718 600
718 2835
721 689
722 607
723 9
724 652
725 1894
725 2814
725 3402
726 43
726 1336
727 301
727 638
727 2488
727 3483
728 474
728 3009
729 587
729 2435
729 3346
731 2695
731 3290
733 537
733 2147
734 9
735 1875
736 1777
737 72
737 1139
737 1780
737 1942
737 2352
738 1649
740 1920
741 1849
741 2658
741 2889
742 544
742 1685
743 1041
743 1997
743 2076
744 291
744 3080
745 1344
746 654
746 1640
747 921
748 3097
749 1671
749 3036
749 3229
751 2030
751 3188
752 3380
753 1210
753 2786
754 1204
755 2024
755 2107
756 946
757 1045
757 3042
758 216
758 2108
758 2636
759 1311
761 451
761 1003
762 395
762 3155
763 1244
763 3086
764 878
765 2642
766 303
766 2902
767 387
767 537
767 1271
768 2822
769 3079
769 3395
770 844
770 1443
771 1730
772 728
772 2258
774 1344
776 2409
777 1004
779 513
779 982
779 1973
779 3327
781 369
781 2230
783 505
783 956
783 1022
783 2309
784 1918
784 1938
784 3532
785 3225
787 2035
788 567
788 882
788 1052
789 1257
789 3545
790 3486
792 1804
793 354
793 2450
793 3044
793 3291
794 211
794 1586
795 3014
796 1891
797 1952
797 2372
797 2796
798 210
798 1630
798 1657
798 3180
798 3209
799 1216
800 2056
801 3050
801 3431
802 871
803 887
804 106
804 920
804 1014
805 1721
805 2635
806 744
807 3142
808 1060
808 3043
809 1081
809 1226
809 1809
809 3032
809 3050
810 737
810 1828
811 173
811 1804
812 221
812 1212
814 913
814 2263
814 3103
815 930
815 1580
815 1618
816 769
816 982
816 3586
817 634
817 2843
817 3397
818 41
819 2116
820 897
821 2753
822 907
822 2033
823 130
823 1236
825 696
826 2443
826 2993
827 2970
828 239
828 3087
829 331
829 721
829 1036
830 1891
831 262
831 714
831 2116
831 2931
831 3421
832 2830
832 3090
832 3349
833 1783
833 2792
834 431
834 1120
834 1434
835 174
835 1049
835 1051
836 238
836 3081
837 15
838 752
838 3501
839 1082
839 1236
841 2657
841 3069
841 3523
842 2586
843 862
844 123
844 623
845 1344
845 2503
845 3397
846 1565
847 1813
849 396
850 209
850 2561
851 459
851 976
851 2600
852 2360
853 2081
854 1310
854 1945
854 2300
854 3272
856 920
857 693
857 1687
857 2179
858 504
859 688
861 880
861 2511
861 2980
862 735
865 1350
866 586
866 1849
867 629
867 2832
868 1746
868 2227
870 119
870 1499
870 1878
870 1883
870 2537
871 462
871 2916
872 2670
874 1665
874 1824
875 11
875 2152
876 2827
876 3479
877 3329
879 2192
879 2508
880 791
880 1869
881 12
881 2317
881 2552
882 2016
883 1882
884 1177
884 2524
885 2385
885 3094
886 1597
886 1936
887 636
888 84
888 2171
888 3303
889 265
889 773
889 1137
889 1635
889 1724
889 2920
890 2295
890 2333
891 599
891 1696
892 221
892 1145
893 160
893 2285
894 788
894 1152
894 2003
895 50
896 2595
899 2567
900 503
902 1536
903 476
903 1001
903 2498
904 1847
906 2429
907 819
907 1333
907 3127
908 1097
908 3059
908 3562
909 2105
910 551
910 1788
910 3089
910 3568
911 1496
912 3381
914 765
915 11
915 958
915 2375
915 3321
916 3112
917 1145
917 3288
918 218
918 1552
921 610
921 2231
922 1098
922 1860
922 2367
922 3520
923 1267
923 1563
923 2112
924 427
924 3008
925 687
926 1019
928 387
928 434
928 806
928 1040
929 781
929 2470
929 2550
932 426
932 430
932 2384
933 518
934 975
934 2176
934 2249
934 2890
935 2883
936 87
936 177
936 1597
936 2811
936 3383
936 3492
937 100
937 1316
938 1429
939 3437
940 2221
940 3232
941 639
941 1551
942 2307
942 3090
943 3192
944 3164
945 1052
945 1561
945 1804
946 3022
946 3119
949 1781
949 2908
950 2142
950 2502
950 2692
950 3561
951 1922
951 2159
951 2880
952 1832
953 2771
954 588
954 626
955 34
955 2223
955 3589
956 1247
956 2622
956 3073
957 1168
957 1402
959 1922
959 2856
961 2033
961 2405
961 2880
962 724
962 1644
962 2254
963 2438
964 2491
966 35
966 927
966 1826
967 2585
969 1391
969 3072
970 2974
972 3479
973 2534
975 231
975 1934
975 3043
976 1604
976 1917
977 1813
978 3188
978 3579
979 1008
979 1838
981 843
981 1143
981 2318
981 2448
982 551
983 1835
983 2974
983 3092
984 1867
985 134
985 1159
985 2196
986 678
986 716
986 2229
986 2713
988 13
988 1938
988 3436
989 3308
990 1440
991 1145
991 1619
991 1887
991 1923
992 1604
993 2282
994 81
994 2109
994 2520
994 3031
995 1555
996 868
996 1426
996 1892
997 202
997 379
997 733
998 573
998 740
998 1246
998 2741
998 3001
1000 463
1000 1345
1000 2440
1001 596
1001 1815
1001 3382
1002 1879
1003 1873
1004 454
1005 372
1005 1667
1005 2868
1006 1729
1007 2062
1007 3583
1008 2151
1009 1740
1009 2504
1011 824
1011 1988
1013 3184
1015 1325
1015 3097
1017 1885
1018 3200
1018 3210
1019 2571
1019 3433
1020 371
1020 1614
1020 3320
1021 1623
1021 2460
1022 2633
1022 3101
1023 418
1023 2153
1024 3184
1025 462
1025 2491
1026 696
1026 3497
1027 989
1028 2360
1028 2394
1028 2569
1029 60
1029 557
1029 1174
1029 2185
1030 205
1030 660
1030 2208
1031 208
1032 2864
1033 1014
1033 2017
1034 1174
1034 1958
1034 2955
1035 1379
1035 2331
1035 2821
1036 1379
1036 1644
1037 1739
1037 2118
1037 2229
1038 871
1038 1229
1038 3560
1040 1560
1041 2148
1042 293
1042 425
1042 2723
1042 2972
1043 1174
1044 193
1044 279
1044 2878
1045 1885
1046 98
1046 492
1046 3305
1047 1058
1047 2141
1047 2579
1049 3515
1051 2874
1052 2445
1052 3356
1053 1600
1053 2231
1054 1118
1055 2290
1055 3177
1057 2500
1057 2918
1059 435
1059 1205
1059 2042
1059 2630
1060 2607
1060 2985
1060 3091
1061 346
1061 2086
1061 2676
1062 182
1062 1455
1062 2090
1062 3101
1063 2214
1066 449
1066 1984
1069 3452
1070 366
1070 2589
1071 1311
1071 1393
1071 1969
1071 2501
1072 504
1072 1134
1072 1818
1072 2782
1072 3211
1072 3427
1073 240
1073 790
1074 1211
1074 1294
1075 564
1075 2204
1076 2539
1076 3073
1077 1021
1077 2159
1078 746
1078 1934
1078 3464
1079 1949
1079 2179
1079 2208
1079 2333
1079 3410
1081 2875
1081 3443
1082 2590
1083 2811
1084 2491
1085 1206
1085 2642
1086 1242
1086 1636
1088 268
1089 826
1089 2467
1089 2643
1090 881
1091 121
1091 3007
1094 2314
1094 3193
1094 3336
1094 3472
1095 347
1096 489
1096 3174
1097 1388
1097 2478
1098 40
1098 2301
1099 1716
1099 2617
1100 23
1100 181
1100 1092
1100 2620
1101 629
1101 818
1101 2617
1102 900
1102 918
1102 2993
1102 3156
1103 1179
1103 2116
1103 3313
1104 96
1104 1162
1105 2173
1106 1966
1107 823
1107 1775
1109 743
1109 1223
1110 605
1112 849
1112 3377
1113 208
1113 435
1113 1439
1113 2724
1117 1262
1117 2676
1118 2368
1118 3207
1119 2454
1120 992
1120 3084
1121 1437
1121 2742
1121 3370
1122 3320
1123 1398
1123 1728
1124 536
1124 1220
1124 2045
1125 615
1125 3397
1127 2314
1128 318
1128 3273
1129 1684
1130 2518
1130 2756
1131 3207
1132 349
1132 557
1133 742
1133 3510
1134 2203
1134 3590
1135 2111
1136 1753
1136 2080
1136 3557
1137 2352
1138 917
1138 953
1138 2761
1139 423
1139 2639
1140 755
1141 265
1141 812
1141 1428
1141 3223
1142 2497
1143 1003
1143 2153
1144 113
1144 3132
1145 1376
1145 2530
1145 3012
1146 3497
1148 1030
1150 1445
1150 2031
1150 2666
1150 3239
1151 264
1151 440
1152 601
1152 1463
1152 2947
1153 591
1156 1507
1158 37
1158 292
1159 653
1159 1330
1159 3182
1159 3236
1160 2420
1161 458
1161 1506
1161 2270
1162 663
1163 457
1164 400
1164 1631
1165 235
1165 669
1166 3492
1168 1084
1168 2621
1168 3298
1169 1552
1170 944
1171 3288
1172 3163
1173 640
1173 832
1173 1671
1174 582
1174 1008
1174 2060
1174 2665
1177 50
1177 514
1177 1989
1177 2840
1177 2848
1178 3142
1179 2683
1180 2524
1181 1423
1182 1422
1183 172
1184 378
1184 394
1184 608
1185 3577
1186 384
1186 3258
1187 3231
1188 2983
1189 69
1189 138
1189 3112
1190 460
1191 430
1191 981
1191 2581
1191 2904
1192 2343
1192 2928
1192 3281
1193 174
1193 404
1193 1160
1193 2669
1194 2868
1194 3037
1194 3175
1198 22
1198 2658
1199 3546
1200 204
1200 2173
1201 771
1201 1053
1201 1673
1202 496
1202 3278
1204 1202
1204 1532
1204 2210
1204 2815
1205 416
1205 890
1206 330
1207 75
1207 1512
1207 2531
1209 2387
1210 2677
1210 3524
1211 809
1211 2450
1212 676
1213 387
1213 711
1213 769
1213 980
1214 2027
1214 2703
1215 1630
1215 2899
1217 1316
1218 3518
1219 2771
1221 28
1221 532
1221 999
1221 3300
1222 1318
1223 3113
1226 842
1226 3072
1227 1555
1229 2280
1229 2678
1230 1120
1230 2745
1231 724
1231 3268
1233 573
1234 55
1236 3354
1237 451
1237 1182
1237 1738
1237 2137
1237 2757
1238 940
1238 1030
1238 1232
1238 2182
1239 1849
1239 2025
1239 2030
1239 2281
1239 2825
1240 1373
1241 1064
1241 2830
1241 3512
1242 2930
1243 1571
1243 2578
1244 640
1245 620
1247 1579
1247 2743
1248 339
1248 853
1248 2100
1248 2383
1249 254
1249 876
1249 3303
1249 3411
1250 808
1250 1287
1250 2281
1251 2935
1252 693
1252 1933
1254 319
1254 3019
1254 3367
1255 3167
1256 1113
1256 1580
1257 1273
1257 2443
1258 2193
1259 1234
1259 1252
1259 1332
1260 3061
1261 674
1261 1435
1262 1665
1262 1783
1263 1273
1263 1751
1264 2267
1266 1358
1269 2817
1270 2628
1271 93
1271 2060
1272 339
1272 850
1273 769
1274 570
1275 3123
1276 2830
1279 1306
1279 3205
1281 304
1281 1461
1281 3378
1282 12
1282 2113
1282 3232
1283 1181
1283 2064
1284 1967
1285 248
1287 1549
1287 2883
1288 114
1288 2427
1289 3242
1289 3457
1291 604
1291 2029
1291 3445
1292 2686
1292 2905
1292 3349
1293 1011
1293 2072
1293 2203
1294 3193
1295 471
1296 2681
1297 1898
1298 1363
1299 676
1299 2637
1299 3170
1301 1459
1301 1885
1301 2671
1301 3316
1302 1381
1303 522
1304 2355
1305 1518
1305 2681
1306 1543
1307 1197
1308 2444
1308 3388
1311 1036
1311 1043
1311 2552
1312 751
1312 2795
1313 2087
1315 1497
1316 33
1316 3550
1317 2582
1317 2891
1319 868
1319 869
1319 1208
1319 1594
1320 305
1320 2334
1321 125
1321 811
1321 3287
1322 1440
1322 2377
1323 987
1323 2205
1323 3544
1324 23
1324 2537
1325 1863
1325 2411
1325 3258
1326 93
1326 2271
1326 3464
1327 1815
1327 2608
1328 3455
1330 222
1330 3235
1331 1571
1331 2317
1332 696
1332 752
1332 1323
1333 1121
1333 2749
1335 3114
1337 1884
1338 1352
1339 3150
1340 2860
1340 3423
1341 1733
1341 2108
1341 2471
1341 3045
1341 3090
1342 2879
