30
48 60 69 146 173 189 213 223 264 323 343 356 378 424 441 485 491 534 546 547 551 630 656 671 673 697 715 752 777 783 791 811 817 818 819 822 839 843 845 854 863 878 880 890 911 914 917 925 928
49 3 57 83 93 100 107 108 119 143 180 186 194 203 233 262 272 302 330 338 350 381 399 403 564 590 601 620 666 691 692 706 707 735 771 772 786 792 799 833 853 858 869 892 926 930 931 934 936 943
22 21 22 78 99 166 178 220 222 260 301 312 333 370 407 430 433 464 480 497 521 524 532
32 66 127 155 159 176 225 271 275 303 319 327 365 395 449 494 502 542 545 561 562 584 588 623 626 634 657 681 689 713 716 731 732
38 11 38 61 64 135 179 256 294 329 364 422 455 505 520 577 594 613 649 668 675 677 700 701 729 737 745 754 814 821 834 876 877 896 908 910 913 916 920
36 44 46 63 92 101 105 117 138 152 161 240 281 342 355 389 429 460 461 466 503 507 528 529 557 558 644 645 650 661 725 738 763 767 769 774 781
17 7 42 120 130 172 239 290 299 306 314 340 394 408 426 432 523 541
20 29 50 151 158 188 195 234 257 280 282 293 296 373 392 421 516 543 556 576 586
45 20 27 33 72 148 181 246 265 276 358 363 440 522 527 555 560 566 567 578 608 614 625 660 669 710 780 784 788 810 815 838 849 851 859 860 862 883 894 895 899 900 906 912 921 922
17 53 81 89 91 95 97 103 170 196 253 270 315 346 361 402 444 463
36 39 48 51 122 154 187 205 215 217 244 300 320 388 412 473 486 508 526 538 591 596 600 604 624 646 688 696 751 776 789 795 804 857 867 874 881
34 25 26 30 84 123 131 139 145 182 191 236 245 267 287 313 326 334 375 376 380 398 416 428 438 472 535 569 597 609 648 655 687 693 743
12 65 67 71 90 133 134 160 308 310 317 336 345
32 32 56 75 76 96 98 126 140 147 235 269 286 341 353 368 401 406 476 478 482 572 619 635 639 676 695 703 727 760 764 798 820
34 1 55 94 102 106 113 150 162 190 230 231 328 359 393 400 452 453 500 530 544 607 611 617 637 658 686 694 702 717 739 741 742 761 787
32 4 5 9 36 37 118 141 149 157 209 250 258 284 285 384 387 450 477 489 511 514 525 548 549 553 571 621 647 674 744 758 768
42 41 79 80 85 86 109 125 153 168 214 251 254 331 344 348 367 382 404 434 439 451 462 465 575 628 678 718 721 748 775 793 809 813 827 828 856 870 872 882 884 898 923
28 17 23 43 88 110 128 164 202 224 252 263 291 305 337 417 419 445 498 568 585 629 641 684 720 722 762 765 766
14 19 62 104 111 136 211 241 335 351 352 354 360 366 396
33 10 13 114 210 292 295 311 316 369 371 374 425 443 490 504 506 518 540 580 582 595 605 699 728 740 750 803 832 835 871 873 879 897
25 49 73 193 204 206 218 237 304 307 318 322 377 415 420 427 454 468 471 550 587 602 612 618 653 664
48 28 144 185 219 248 249 279 405 409 411 413 469 474 512 552 570 574 589 592 603 610 622 633 640 651 662 680 682 709 714 723 736 746 759 796 797 801 806 812 826 837 840 846 847 850 855 861 866
26 6 16 31 40 70 116 216 266 288 298 357 362 390 447 459 483 487 488 499 573 615 636 667 712 719 724
47 18 34 45 52 58 174 177 207 212 232 423 496 513 515 638 659 665 683 685 698 730 779 805 807 808 816 823 825 848 864 865 891 893 902 903 907 909 918 919 927 937 941 942 944 945 946 947
28 8 12 14 87 132 156 184 200 247 259 274 277 339 372 410 448 484 554 598 599 690 733 734 755 756 757 770 778
44 197 199 208 229 242 283 324 325 397 436 456 457 492 531 533 539 593 654 672 705 749 790 794 824 829 831 836 841 844 868 887 889 901 904 905 915 924 929 932 933 935 938 939 940
38 15 59 77 82 112 129 198 221 227 255 273 309 321 385 437 495 616 652 663 670 679 708 711 726 747 753 773 782 785 800 802 830 842 852 875 885 886 888
19 2 47 54 68 121 137 165 167 175 192 201 297 347 379 386 418 431 481 536
27 35 124 163 183 228 238 243 268 278 289 332 391 414 435 442 458 467 501 559 563 565 579 581 627 632 643 704
24 24 74 115 142 169 171 226 261 349 383 446 470 475 479 493 509 510 517 519 537 583 606 631 642
