32
16 3 38 59 94 110 163 173 339 390 416 418 427 476 485 495 593
10 2 20 35 54 66 69 70 71 91 93
20 36 58 67 99 118 120 134 161 168 172 178 226 241 242 293 296 334 357 396 436
10 31 121 123 124 132 138 139 141 179 218
21 34 45 48 62 76 116 128 148 197 200 232 246 247 282 300 309 326 407 435 551 562
40 6 51 117 127 180 187 228 237 249 279 303 311 333 340 422 505 512 532 546 720 767 808 819 840 849 854 859 871 898 914 918 919 924 926 929 934 935 944 950 954
35 9 14 56 151 203 219 283 290 302 327 337 363 389 421 452 459 479 491 497 508 526 571 575 576 577 589 595 613 636 668 671 673 703 705 707
38 16 21 107 129 130 191 214 231 253 267 273 286 287 318 349 360 367 405 413 415 428 454 490 524 609 612 621 626 649 651 669 678 684 690 718 722 727 731
30 65 79 112 167 174 194 213 271 297 329 392 398 408 453 456 467 471 473 550 555 560 566 638 667 676 688 702 814 818 833
14 25 37 44 96 114 182 189 193 195 270 321 344 409 496
28 32 78 136 154 188 208 222 223 277 347 373 441 525 534 544 570 578 606 628 630 653 670 685 724 745 780 806 815
36 12 49 83 88 95 113 122 170 192 202 268 276 295 305 316 338 352 380 386 387 429 502 531 567 572 583 596 602 631 723 757 764 775 800 812 813
12 92 126 162 310 314 315 320 342 351 383 394 400
39 82 97 146 212 221 264 288 377 397 404 425 465 492 528 535 557 581 605 608 614 648 675 692 695 730 755 765 771 772 793 798 807 816 828 834 865 873 882 888
29 22 30 55 77 85 103 105 144 165 186 254 257 292 331 417 438 449 484 499 516 620 666 706 760 770 776 783 803 805
33 33 50 100 140 149 211 395 457 474 477 520 533 539 552 556 569 598 611 689 693 699 700 715 737 752 759 773 820 839 858 861 880 907
50 10 40 41 47 61 175 248 252 294 368 382 403 443 472 487 493 498 501 584 662 748 753 763 789 810 811 829 837 844 851 864 866 872 878 883 893 895 897 906 912 916 921 923 930 933 936 940 943 951 952
17 1 46 68 72 150 171 184 198 250 262 280 284 328 376 426 440 444
40 52 106 111 147 152 245 255 298 317 343 365 371 384 385 393 420 469 507 515 518 527 540 542 582 587 588 617 619 625 663 735 766 781 787 792 801 823 870 875 881
34 5 131 185 225 256 261 281 313 322 375 424 446 603 664 672 674 682 694 697 711 716 717 721 729 741 744 754 762 782 802 825 848 853 890
45 27 102 137 156 181 205 259 266 324 355 364 366 410 411 434 451 568 574 635 656 701 732 734 785 791 796 822 824 835 836 855 876 877 884 885 886 901 904 909 928 931 946 947 949 955
14 15 60 142 217 224 238 240 260 325 356 374 423 450 466
44 84 115 155 157 177 265 269 348 402 419 430 439 506 510 553 554 591 594 624 640 647 652 661 679 704 710 725 746 747 756 761 809 821 830 841 842 843 892 894 900 902 910 927 941
31 4 125 143 196 206 272 306 350 391 431 455 464 468 480 511 519 547 548 564 586 597 623 644 659 677 683 712 728 749 750 778
41 13 29 159 183 289 330 361 432 478 489 559 601 646 696 698 738 739 742 751 788 817 826 838 847 852 862 863 874 917 925 942 953 960 961 963 964 965 966 967 968 969
46 80 81 86 104 108 209 239 304 319 346 359 369 388 401 470 488 529 530 563 565 573 607 634 643 657 709 733 758 774 799 804 831 845 856 857 887 889 899 903 905 908 911 915 920 938 939
11 18 28 75 98 109 199 227 236 251 274 285
27 23 43 89 133 158 234 235 291 336 362 461 517 522 538 541 545 604 610 633 642 654 658 660 686 687 708 714
37 24 26 87 101 135 166 201 207 216 229 243 275 278 299 323 379 399 412 437 460 521 590 599 616 639 641 665 680 681 691 736 743 769 777 779 786 795
50 8 53 57 74 90 153 160 190 204 301 307 332 354 372 381 406 442 475 482 486 494 509 514 537 561 580 592 600 615 627 645 740 784 846 850 860 868 891 896 913 922 932 937 945 948 956 957 958 959 962
27 7 11 42 145 164 215 220 230 233 244 308 341 345 353 358 433 445 448 458 463 513 523 549 585 618 629 637
44 17 19 39 63 64 73 119 169 176 210 258 263 312 335 370 378 414 447 462 481 483 500 503 504 536 543 558 579 622 632 650 655 713 719 726 768 790 794 797 827 832 867 869 879
