50
50 99 127 265 285 403 459 541 549 693 695 702 709 825 878 923 1017 1103 1190 1194 1206 1212 1249 1255 1272 1385 1540 1555 1556 1567 1813 1909 2081 2171 2190 2209 2234 2251 2269 2274 2278 2285 2306 2324 2369 2384 2419 2431 2434 2440 2451
50 76 131 139 152 173 184 214 243 282 287 300 317 380 478 540 547 557 590 596 630 670 688 739 772 781 801 813 877 954 1019 1114 1138 1238 1242 1268 1309 1323 1349 1388 1482 1522 1577 1579 1601 1631 1689 1777 1845 1855 1878
50 14 60 67 84 93 94 133 239 241 370 388 402 495 595 667 698 861 978 1049 1055 1065 1077 1151 1247 1341 1404 1454 1505 1513 1548 1575 1670 1697 1706 1715 1793 1807 1856 1923 1937 1973 2068 2089 2154 2167 2178 2185 2200 2297 2299
50 75 130 310 357 379 449 458 530 536 566 657 672 708 753 807 833 900 933 938 1013 1030 1034 1035 1081 1084 1115 1333 1428 1477 1485 1568 1595 1598 1742 1836 1868 1908 1942 1954 1960 2031 2044 2060 2124 2177 2222 2334 2335 2340 2380
50 2 90 206 219 224 281 324 374 395 399 502 521 594 609 624 645 665 697 701 806 849 875 1047 1091 1111 1144 1160 1381 1463 1480 1571 1584 1587 1656 1837 1916 1974 1981 2018 2025 2114 2129 2138 2169 2265 2301 2327 2336 2344 2364
50 12 18 80 112 129 137 198 231 247 372 445 503 508 559 689 696 699 706 714 815 820 864 868 880 899 949 1050 1059 1067 1073 1149 1167 1207 1219 1305 1331 1392 1413 1489 1492 1531 1615 1616 1630 1751 1811 1867 1944 1994 2071
50 13 95 128 163 166 189 291 292 313 316 351 361 366 392 394 405 444 460 501 516 692 784 855 876 960 1072 1080 1159 1211 1226 1285 1350 1356 1490 1509 1678 1733 1791 1798 1820 1830 1890 1932 1943 2126 2135 2174 2176 2198 2215
50 31 115 174 177 311 315 420 518 537 552 554 610 627 752 765 889 905 967 1026 1054 1101 1251 1262 1298 1310 1374 1416 1429 1440 1508 1516 1552 1565 1573 1596 1607 1664 1710 1717 1729 1734 1781 1821 1853 1880 1910 1922 2008 2013 2015
50 3 20 77 258 343 363 414 636 647 686 715 716 735 746 774 848 908 972 1003 1107 1158 1236 1244 1259 1266 1399 1447 1542 1566 1594 1600 1660 1663 1720 1850 2010 2045 2067 2140 2203 2229 2235 2330 2354 2366 2399 2405 2425 2428 2444
50 148 182 191 330 362 382 416 417 439 443 457 492 531 533 597 713 721 771 887 948 979 982 1018 1027 1074 1089 1113 1120 1220 1297 1327 1618 1707 1766 1787 1817 1824 1835 1940 1948 1991 1998 1999 2047 2077 2094 2112 2113 2122 2219
50 58 86 98 228 297 318 368 413 415 539 579 591 642 653 724 748 754 794 800 854 893 921 922 936 985 1056 1130 1250 1256 1275 1336 1403 1530 1535 1591 1599 1604 1610 1649 1688 1705 1709 1815 1848 1886 1888 1900 1962 1996 2141
50 56 203 250 308 422 465 477 514 515 535 673 719 750 803 843 891 898 904 966 987 1024 1025 1058 1188 1263 1269 1277 1284 1348 1371 1419 1421 1438 1453 1455 1506 1564 1622 1635 1642 1657 1684 1737 1750 1758 1788 1846 1941 1947 1963
50 104 157 249 286 332 427 485 522 611 669 761 799 811 834 840 892 943 958 1095 1401 1427 1481 1511 1517 1518 1690 1693 1739 1838 1869 1891 1919 1964 2003 2058 2084 2206 2230 2255 2293 2337 2363 2376 2388 2391 2407 2412 2432 2441 2455
50 39 42 69 107 138 273 293 296 419 423 620 646 717 798 851 944 959 977 1008 1060 1164 1177 1279 1280 1318 1320 1342 1452 1491 1589 1771 1893 1894 2001 2032 2079 2092 2093 2099 2172 2184 2201 2208 2211 2226 2267 2295 2307 2349 2350
50 55 87 153 216 257 266 337 350 397 448 456 480 780 782 841 915 1002 1150 1155 1217 1278 1396 1462 1487 1527 1558 1637 1644 1805 1924 1985 1995 2040 2083 2186 2216 2271 2279 2304 2309 2338 2372 2378 2453 2458 2471 2479 2483 2493 2495
50 36 37 40 41 48 167 221 256 326 412 584 632 763 821 844 911 1016 1042 1071 1082 1087 1104 1124 1156 1192 1276 1337 1673 1676 1687 1703 1743 1747 1783 1808 2073 2074 2117 2137 2179 2213 2214 2247 2389 2408 2436 2469 2486 2487 2490
50 65 120 145 154 170 172 196 202 211 222 226 234 236 288 430 494 534 551 617 734 777 827 837 916 969 1032 1057 1061 1129 1295 1340 1467 1602 1722 1762 1847 1854 1883 2038 2061 2125 2210 2218 2341 2416 2427 2437 2454 2474 2481
50 34 70 74 105 171 346 359 424 529 562 605 606 654 704 727 788 879 952 973 1001 1098 1125 1168 1178 1191 1209 1414 1483 1494 1498 1520 1528 1559 1560 1767 1799 1809 1861 1988 2017 2086 2087 2136 2204 2252 2325 2328 2345 2351 2352
50 15 45 79 96 194 240 242 309 367 447 558 560 581 592 593 676 683 725 846 980 994 1099 1161 1308 1470 1507 1572 1638 1736 1746 1851 1897 1912 1934 1977 2014 2090 2127 2191 2244 2262 2289 2291 2318 2377 2398 2400 2411 2414 2429
50 92 160 169 176 245 327 421 425 433 507 604 674 700 705 755 793 852 871 895 907 926 971 1033 1036 1118 1213 1302 1317 1326 1332 1347 1400 1402 1432 1450 1597 1647 1654 1666 1718 1882 1975 2028 2051 2098 2146 2158 2183 2253 2275
50 43 122 186 336 387 426 437 467 510 577 619 690 939 1014 1090 1172 1183 1204 1224 1234 1282 1426 1451 1493 1521 1525 1585 1650 1691 1755 1779 1839 1885 1896 2024 2142 2165 2284 2332 2359 2365 2386 2433 2442 2443 2445 2450 2472 2476 2484
50 16 136 217 251 301 307 352 409 446 511 643 720 756 776 783 913 932 1012 1097 1180 1203 1205 1287 1296 1300 1382 1437 1496 1512 1551 1639 1672 1814 1818 1881 1892 1961 2012 2039 2049 2059 2075 2096 2202 2303 2305 2323 2347 2374 2413
50 4 88 116 227 230 237 268 289 312 338 376 383 404 461 482 498 703 858 863 869 924 927 940 965 1069 1085 1093 1237 1430 1431 1468 1546 1581 1582 1625 1636 1698 1810 1911 2088 2159 2249 2258 2266 2300 2319 2348 2382 2395 2397
50 24 44 51 89 118 149 201 238 377 488 532 576 580 648 681 694 712 737 769 802 835 862 873 957 975 993 1040 1166 1185 1197 1222 1225 1303 1322 1411 1425 1436 1543 1557 1590 1686 1752 1756 1806 1840 1926 1986 2000 2035 2100
50 29 32 53 91 103 197 229 264 298 432 451 452 561 586 612 629 634 728 730 733 740 870 884 902 934 937 1119 1299 1325 1375 1408 1418 1435 1442 1502 1523 1562 1633 1740 1759 1929 1993 2027 2043 2052 2105 2109 2116 2120 2207
50 5 23 26 57 125 134 144 319 320 341 355 356 398 472 499 760 766 785 817 826 859 984 1169 1218 1221 1232 1246 1314 1370 1389 1420 1446 1457 1458 1484 1503 1526 1658 1776 1782 1785 1804 1917 1949 1959 2005 2041 2065 2161 2164
50 81 109 165 185 205 218 223 235 527 556 816 883 918 1023 1092 1096 1132 1281 1351 1561 1701 1765 1812 1905 1950 1952 1957 1958 1979 2016 2019 2036 2097 2104 2118 2243 2248 2273 2290 2343 2360 2383 2394 2396 2404 2435 2465 2470 2473 2475
50 28 50 66 101 106 108 151 204 210 259 283 305 306 325 345 401 436 471 473 574 660 773 838 928 930 963 986 990 1174 1175 1196 1223 1304 1360 1365 1609 1753 1775 1816 1879 2007 2069 2107 2121 2132 2139 2144 2160 2231 2237
50 63 113 121 290 348 349 369 493 500 525 616 650 741 789 790 795 860 917 950 1140 1214 1252 1312 1329 1397 1415 1466 1474 1488 1538 1603 1682 1702 1730 1735 1796 1842 1918 1990 1992 2149 2192 2281 2316 2326 2346 2353 2379 2403 2421
50 10 97 220 252 253 279 431 434 462 469 512 520 528 582 644 666 682 687 723 796 897 946 947 970 995 1051 1143 1184 1195 1265 1313 1354 1386 1405 1471 1504 1514 1532 1541 1550 1574 1641 1665 1667 1681 1763 1870 1914 1982 2033
50 72 114 124 179 378 484 519 538 583 622 662 710 726 787 804 830 874 931 1063 1163 1179 1264 1334 1339 1361 1423 1486 1553 1651 1655 1694 1862 1873 1874 1956 1965 1969 2147 2194 2195 2228 2317 2370 2406 2417 2423 2426 2461 2467 2480
50 19 168 180 295 302 322 339 344 450 486 542 550 573 623 638 691 751 779 805 845 945 997 1041 1122 1181 1201 1215 1245 1344 1391 1394 1479 1534 1544 1634 1648 1661 1744 1774 1834 1904 1978 2021 2046 2091 2270 2277 2331 2375 2418
50 68 110 111 261 262 277 323 408 418 463 466 470 491 543 603 677 680 729 839 853 882 981 1006 1039 1165 1290 1353 1410 1460 1606 1653 1674 1677 1714 1770 1832 1858 1902 1936 1980 2034 2070 2131 2143 2166 2168 2236 2256 2259 2311
50 73 140 155 208 212 275 284 411 468 475 564 565 575 626 675 684 768 888 894 929 988 1011 1066 1079 1102 1116 1137 1270 1311 1364 1376 1613 1617 1721 1790 1802 1849 1927 1968 2004 2022 2057 2108 2115 2240 2242 2264 2355 2356 2361
50 30 181 183 215 340 428 476 578 625 635 652 767 836 890 935 974 992 1004 1007 1146 1182 1254 1273 1328 1330 1355 1393 1409 1434 1533 1614 1621 1624 1692 1716 1784 1907 1935 1939 1945 1967 2062 2063 2066 2111 2133 2157 2189 2199 2223
50 25 132 142 246 255 276 481 489 504 524 569 618 711 797 810 814 818 824 856 886 942 1123 1176 1208 1210 1253 1306 1319 1398 1407 1472 1475 1713 1726 1757 1773 1828 1831 1931 1953 1972 1983 1997 2055 2072 2085 2263 2286 2288 2308
50 38 64 158 213 225 304 314 334 621 651 758 764 770 910 956 1009 1021 1044 1064 1094 1186 1198 1233 1260 1274 1291 1292 1324 1346 1406 1456 1476 1549 1732 1786 1826 1841 1863 1895 1987 2048 2101 2102 2156 2170 2182 2225 2276 2282 2313
50 7 123 263 390 548 567 608 707 718 865 983 1037 1038 1131 1134 1316 1390 1501 1611 1671 1675 1745 1794 1825 1827 1884 1920 1938 2020 2053 2119 2123 2175 2212 2217 2241 2268 2272 2296 2302 2368 2385 2387 2390 2420 2422 2430 2446 2457 2464
50 33 59 143 190 299 354 375 474 483 523 572 585 601 613 732 828 857 872 901 920 998 1045 1048 1052 1070 1139 1147 1157 1241 1267 1384 1500 1519 1580 1795 1801 1844 1857 1915 1933 2029 2076 2082 2153 2173 2180 2193 2220 2246 2261
50 46 156 161 193 269 328 347 406 454 588 598 602 615 631 641 659 742 744 991 1068 1136 1154 1173 1293 1315 1369 1536 1569 1623 1699 1711 1712 1727 1738 1749 1761 1768 1792 1833 1889 2030 2054 2128 2155 2187 2224 2314 2333 2367 2373
50 178 187 188 195 233 244 260 278 331 333 506 568 655 757 775 778 786 792 822 829 850 881 912 953 955 1046 1301 1345 1359 1373 1395 1412 1459 1545 1592 1669 1780 1819 1852 1872 1901 2006 2078 2130 2162 2221 2250 2287 2310 2342
50 52 272 321 329 342 455 496 633 637 679 762 961 989 1020 1088 1121 1128 1135 1240 1243 1283 1372 1469 1547 1628 1640 1683 1695 1696 1865 1866 1875 1887 1955 2042 2056 2110 2134 2148 2181 2238 2329 2339 2401 2410 2438 2448 2456 2463 2466
50 248 384 396 513 517 526 545 555 563 614 663 664 722 867 903 941 1022 1031 1075 1127 1202 1216 1230 1257 1261 1271 1286 1289 1338 1368 1422 1448 1473 1529 1626 1700 1704 1723 1731 1829 1871 1876 2002 2050 2106 2232 2233 2254 2292 2312
50 117 164 175 200 267 271 373 400 440 464 546 571 587 628 678 731 832 914 1076 1148 1162 1170 1193 1239 1441 1464 1478 1499 1524 1578 1588 1627 1643 1760 1903 1906 2011 2023 2026 2037 2064 2163 2239 2257 2298 2358 2362 2381 2409 2447
50 21 47 49 82 85 100 119 150 274 303 360 381 438 505 509 589 599 600 745 791 809 847 964 999 1010 1028 1043 1083 1100 1105 1106 1110 1142 1187 1199 1229 1307 1343 1358 1379 1383 1387 1433 1445 1537 1680 1708 1719 1778 1803
50 126 270 442 453 544 553 607 671 749 823 866 885 996 1109 1133 1141 1145 1153 1189 1235 1248 1321 1367 1377 1378 1583 1668 1724 1748 1913 1925 1928 1930 1970 2009 2103 2294 2357 2392 2402 2449 2452 2460 2478 2482 2488 2491 2492 2496 2497
50 6 22 27 35 61 83 159 207 209 280 294 358 365 371 393 407 441 487 656 736 759 819 842 925 962 1015 1086 1335 1352 1366 1380 1539 1554 1570 1652 1725 1741 1772 1859 1860 1966 2145 2152 2188 2196 2197 2205 2280 2283 2320
50 9 17 62 71 135 141 147 192 232 254 429 490 570 639 640 658 738 747 812 968 1029 1053 1117 1126 1227 1362 1443 1461 1497 1576 1586 1620 1629 1645 1659 1685 1764 1789 1823 1946 1971 1984 1989 2080 2150 2227 2245 2322 2371 2393
50 1 8 11 54 146 335 353 364 389 391 435 479 649 668 685 808 831 906 909 976 1000 1005 1078 1108 1112 1171 1200 1228 1258 1288 1363 1417 1424 1444 1495 1515 1563 1605 1632 1646 1662 1679 1728 1754 1769 1797 1800 1822 1877 1898
50 78 102 162 199 385 386 410 497 661 743 896 919 951 1062 1152 1231 1294 1357 1439 1449 1465 1510 1593 1608 1612 1619 1843 1864 1899 1921 1951 1976 2095 2151 2260 2315 2321 2415 2424 2439 2459 2462 2468 2477 2485 2489 2494 2498 2499 2500
