23
26 47 92 116 126 156 161 178 218 228 248 249 253 268 270 313 315 336 359 399 412 479 489 502 503 556 596
12 4 25 26 29 35 82 90 107 114 152 165 172
26 12 59 105 118 146 231 232 281 283 285 287 303 380 387 407 445 466 487 518 559 577 591 593 601 620 625
28 3 53 55 63 74 78 80 97 104 115 121 142 169 173 185 216 237 254 275 278 300 319 368 386 398 415 432 450
40 1 5 27 28 56 94 98 141 162 194 206 217 244 246 247 276 286 289 294 323 343 351 408 411 425 447 448 451 458 523 526 540 561 614 629 638 639 653 655 681
41 2 39 66 87 145 170 179 223 227 243 266 273 280 354 426 455 460 484 485 495 496 505 513 537 569 572 611 617 628 702 704 710 711 712 722 732 736 737 741 743 748
28 13 18 30 32 33 41 50 84 91 127 188 213 260 282 305 320 339 340 357 382 405 428 483 511 533 560 562 565
11 58 111 124 160 164 250 262 288 295 347 350
34 21 37 61 62 64 95 136 140 147 176 183 190 196 198 201 208 215 257 271 291 293 301 360 381 383 400 402 423 438 442 473 477 507 529
36 34 45 75 81 119 153 154 155 157 158 192 219 221 265 352 355 403 435 453 467 491 493 497 509 554 573 585 588 600 608 632 636 643 656 678 687
42 20 36 51 93 108 113 202 212 341 376 377 388 446 463 468 470 474 498 516 517 522 525 575 587 602 622 630 645 648 666 680 694 714 715 718 719 721 725 727 729 731 742
40 16 46 73 131 168 181 186 204 251 259 279 322 335 337 401 422 433 440 441 456 464 472 475 476 482 514 527 542 545 570 589 649 664 685 686 688 699 700 701 703
46 19 24 31 44 133 174 180 210 241 308 310 329 353 369 373 375 393 414 418 452 457 462 471 492 534 548 550 552 553 578 580 586 605 624 626 627 631 634 647 652 658 663 667 668 683 698
43 99 132 171 191 193 207 234 290 296 348 379 427 431 436 486 490 521 549 566 581 584 603 604 618 669 676 679 684 691 695 705 707 709 723 735 747 749 750 754 756 760 761 762
45 7 9 23 69 71 77 130 144 166 177 189 211 258 314 345 358 370 371 372 378 385 406 419 439 443 454 504 506 519 524 530 532 535 538 541 546 551 582 592 616 635 640 654 670 673
16 38 88 101 103 110 122 137 167 175 225 229 269 297 299 302 344
48 14 40 109 128 159 195 200 214 222 224 233 240 242 284 307 367 390 397 417 429 459 469 480 481 494 515 543 544 547 564 567 571 579 583 598 606 609 623 675 690 693 706 708 713 720 733 740 744
50 8 11 49 70 83 100 135 150 151 182 261 263 267 277 309 327 333 346 356 364 384 413 434 437 478 488 508 520 531 574 594 615 619 621 637 650 651 660 665 672 689 692 724 728 738 739 745 746 752 755
21 43 54 65 67 106 138 203 235 304 306 311 328 362 420 424 501 510 512 536 595 612
48 10 17 57 85 112 125 139 197 199 220 256 264 312 316 325 342 361 363 365 394 395 416 421 528 539 568 599 607 644 646 657 671 674 677 682 696 697 716 717 726 730 734 751 753 757 758 759 763
22 22 52 60 68 72 76 79 86 120 123 134 148 163 238 239 245 255 321 326 330 331 349
40 15 89 102 117 129 149 184 187 226 230 236 292 317 332 338 366 374 389 391 404 409 430 465 499 500 555 557 558 563 576 590 597 610 613 633 641 642 659 661 662
20 6 42 48 96 143 205 209 252 272 274 298 318 324 334 392 396 410 444 449 461
