50
50 27 86 125 179 181 225 231 266 271 319 327 359 403 439 450 512 672 743 804 890 898 930 1039 1056 1088 1103 1136 1165 1169 1188 1236 1356 1365 1506 1568 1584 1595 1741 1757 1818 1925 1958 1965 2037 2097 2204 2270 2304 2310 2342
50 22 96 107 150 237 309 338 369 409 452 572 623 638 705 706 784 793 820 940 967 1058 1080 1157 1232 1272 1289 1319 1395 1489 1545 1546 1555 1585 1593 1619 1629 1647 1658 1834 1842 1851 1872 1907 1920 1968 2006 2064 2100 2123 2163
50 31 84 497 656 791 818 823 892 957 966 974 987 1049 1052 1065 1125 1142 1149 1217 1242 1353 1378 1570 1614 1627 1634 1657 1693 1697 1703 1724 1789 1795 1844 1880 1955 2031 2048 2075 2085 2106 2119 2126 2136 2142 2171 2206 2217 2230 2257
50 16 42 79 97 128 160 169 185 203 250 254 334 335 396 473 530 534 640 649 663 718 760 848 878 888 905 926 929 948 953 1067 1070 1083 1110 1284 1332 1357 1363 1471 1522 1528 1581 1656 1660 1855 1881 1889 1932 1962 1966
50 50 118 140 191 265 317 421 436 463 582 729 889 941 1041 1095 1100 1130 1171 1211 1257 1293 1349 1439 1650 1684 1707 1878 1913 1919 1926 2000 2041 2053 2109 2120 2122 2237 2242 2250 2255 2292 2303 2334 2373 2384 2413 2423 2443 2468 2470
50 21 56 68 137 147 180 208 227 268 277 395 431 435 531 593 618 844 904 906 1032 1427 1475 1541 1605 1608 1747 1860 1875 1930 1939 1959 1973 2007 2055 2095 2311 2314 2322 2339 2363 2368 2387 2402 2421 2426 2444 2446 2456 2462 2487
50 41 53 57 88 110 126 129 186 223 234 336 546 673 735 742 767 806 810 812 851 852 872 991 1015 1074 1143 1367 1370 1408 1445 1462 1664 1781 1900 1980 2036 2058 2101 2108 2118 2159 2214 2266 2285 2313 2325 2344 2349 2365 2411
50 11 44 106 213 220 252 290 315 332 376 397 518 550 605 620 634 636 862 960 1000 1014 1040 1082 1118 1177 1283 1285 1340 1346 1389 1413 1455 1461 1472 1507 1592 1600 1602 1606 1618 1648 1687 1702 1714 1748 1751 1916 1961 1998 2012
50 69 87 99 165 177 198 199 204 218 242 293 375 400 434 472 540 543 545 571 604 612 684 696 748 761 843 909 1034 1098 1122 1127 1183 1244 1262 1294 1301 1310 1519 1543 1578 1620 1628 1737 1763 1797 1801 1945 1946 1960 2024
50 35 155 393 394 414 419 430 466 517 544 632 644 817 854 885 893 1026 1180 1209 1269 1299 1364 1398 1410 1428 1505 1604 1754 2013 2066 2068 2077 2130 2145 2182 2239 2252 2262 2265 2287 2348 2370 2385 2408 2441 2474 2477 2479 2480 2482
50 7 135 161 162 214 305 353 386 404 406 446 495 499 516 551 630 702 778 815 866 899 949 1018 1037 1174 1266 1280 1347 1393 1396 1492 1529 1786 1862 1909 2030 2132 2198 2211 2288 2293 2337 2354 2424 2428 2434 2435 2448 2457 2458
50 216 287 459 460 487 558 600 675 679 687 730 753 805 992 1101 1113 1207 1275 1311 1342 1482 1526 1637 1659 1725 1743 1775 1827 1833 1866 1895 2027 2039 2084 2161 2176 2187 2224 2232 2320 2357 2376 2399 2438 2469 2471 2476 2485 2486 2497
50 47 54 151 219 224 296 415 444 535 559 575 586 643 830 917 1068 1206 1222 1233 1253 1255 1433 1480 1652 1701 1719 1742 2026 2193 2245 2247 2251 2271 2335 2371 2416 2417 2419 2429 2460 2464 2475 2478 2481 2484 2489 2494 2498 2499 2500
50 61 76 100 138 170 211 230 278 286 411 454 557 689 814 859 870 901 1001 1117 1181 1192 1256 1288 1350 1374 1583 1676 1711 1712 1752 1799 1876 1963 1976 2046 2094 2113 2146 2148 2185 2194 2199 2228 2256 2260 2305 2327 2347 2353 2386
50 4 70 77 94 144 182 303 345 351 355 456 478 525 573 603 741 863 875 1038 1097 1197 1200 1228 1326 1414 1432 1458 1473 1565 1586 2177 2180 2227 2240 2267 2275 2276 2278 2326 2391 2396 2425 2440 2488 2490 2491 2492 2493 2495 2496
50 55 58 168 263 301 308 316 343 391 424 442 471 474 481 496 594 609 629 755 850 871 925 928 975 1007 1020 1028 1214 1224 1229 1323 1381 1401 1452 1490 1613 1641 1675 1723 1728 1729 1856 1883 1906 1978 1979 1985 1999 2033 2093
50 72 101 131 174 222 281 328 344 423 462 514 528 549 561 563 569 614 648 697 801 802 868 911 964 1054 1150 1164 1167 1216 1221 1227 1456 1517 1554 1623 1651 1669 1713 1736 1744 1807 1824 1839 1867 1871 1896 1901 2153 2154 2200
50 246 295 358 380 392 401 455 616 653 880 884 968 999 1011 1042 1059 1060 1102 1112 1137 1175 1213 1215 1245 1261 1271 1328 1373 1415 1434 1467 1469 1548 1561 1596 1609 1631 1715 1829 1992 2011 2038 2080 2114 2133 2139 2173 2179 2277 2279
50 12 67 89 124 148 217 241 245 348 370 437 574 622 635 642 685 739 809 846 856 881 932 938 1053 1079 1128 1168 1226 1287 1292 1297 1305 1362 1372 1400 1425 1479 1497 1535 1616 1617 1626 1678 1692 1694 1776 1843 1854 1972 1986
50 127 171 312 407 427 506 548 598 619 717 724 740 769 825 838 860 920 956 976 1048 1084 1087 1091 1109 1199 1219 1260 1359 1384 1464 1484 1488 1520 1706 1735 1764 1780 1790 1841 1863 1891 1981 2022 2091 2151 2226 2231 2345 2372 2378
50 1 73 141 270 299 300 318 387 390 417 440 508 523 532 562 587 867 969 1138 1282 1314 1387 1402 1476 1524 1527 1569 1599 1612 1700 1749 1750 1849 1852 1897 1899 1903 1944 2138 2169 2282 2294 2302 2307 2346 2366 2397 2406 2409 2427
50 38 133 190 197 253 255 325 405 441 475 522 547 555 666 693 701 707 726 733 762 782 886 971 1071 1154 1243 1248 1268 1279 1351 1481 1501 1512 1558 1615 1625 1679 1685 1690 1745 1768 1771 1821 1838 1861 1911 1918 1984 2092 2107
50 8 36 105 142 232 256 275 302 330 402 480 482 490 507 537 576 669 849 989 1050 1063 1073 1189 1286 1337 1344 1457 1470 1493 1539 1563 1575 1591 1630 1646 1698 1887 1890 1914 1952 1987 2057 2273 2290 2329 2351 2352 2362 2430 2459
50 29 114 117 201 339 342 377 426 429 488 513 524 565 570 668 713 734 768 776 807 834 923 993 1008 1024 1027 1066 1085 1108 1123 1133 1139 1187 1190 1212 1263 1312 1368 1377 1386 1422 1450 1460 1533 1542 1590 1661 1681 1688 1738
50 28 93 132 228 346 352 381 438 465 483 584 658 775 799 922 951 965 979 1031 1045 1131 1134 1155 1162 1202 1220 1234 1348 1379 1468 1499 1671 1673 1730 1760 1766 1787 1791 1819 1830 1864 1910 1938 1953 1956 2016 2028 2047 2072 2104
50 40 75 123 172 238 249 267 269 313 445 477 536 577 589 610 611 662 736 829 841 874 883 891 935 963 1012 1057 1105 1124 1270 1465 1477 1572 1573 1622 1674 1695 1755 1769 1831 1832 1940 2005 2131 2150 2168 2189 2203 2215 2222
50 24 167 200 244 291 322 412 422 567 651 657 737 750 754 770 797 864 946 972 1036 1055 1078 1111 1141 1172 1182 1315 1333 1443 1510 1576 1762 1779 1803 1809 1815 1915 1929 1954 1970 1975 1997 2023 2061 2065 2074 2079 2083 2087 2156
50 63 65 130 163 187 202 258 379 389 416 479 502 671 725 732 902 933 981 1064 1092 1147 1153 1247 1259 1369 1383 1459 1483 1502 1538 1710 1718 1770 1816 1845 1902 1912 1933 1971 2020 2051 2081 2090 2103 2105 2144 2162 2165 2172 2233
50 37 323 453 476 492 641 647 738 819 833 912 1166 1277 1302 1406 1514 1562 1567 1640 1746 1761 1808 1848 1868 1884 1924 1988 1990 1993 2050 2060 2089 2164 2190 2192 2218 2236 2246 2312 2341 2367 2374 2395 2400 2403 2410 2431 2432 2436 2442
50 51 74 95 103 221 489 606 627 654 704 727 783 816 842 869 943 950 973 977 1023 1025 1093 1176 1179 1195 1231 1249 1258 1264 1267 1380 1431 1440 1495 1523 1552 1557 1653 1680 1691 1732 1767 1805 1853 1898 1917 1943 1947 1949 1967
50 59 158 176 195 321 388 529 553 554 566 596 599 617 628 714 790 803 813 895 900 947 995 1126 1273 1298 1300 1334 1338 1361 1409 1421 1438 1474 1598 1638 1756 1813 1877 1977 2002 2017 2098 2102 2134 2137 2316 2317 2318 2321 2330
50 23 60 92 164 193 215 273 347 607 613 699 712 763 764 779 795 837 939 984 998 1086 1096 1156 1303 1313 1343 1345 1494 1518 1532 1621 1633 1649 1662 1733 1798 1857 1928 1989 1996 2001 2040 2045 2049 2128 2135 2147 2208 2244 2253
50 2 33 49 62 194 280 292 371 418 464 521 526 533 659 720 722 822 865 913 918 936 970 1033 1089 1114 1204 1265 1358 1371 1404 1407 1419 1454 1549 1556 1580 1582 1588 1601 1654 1672 1708 1794 1812 1823 1825 1869 1905 1942 1957
50 46 71 235 288 350 356 433 509 625 698 723 731 780 826 858 994 1047 1309 1405 1610 1632 1642 1644 1665 1699 1705 1783 1792 1814 1859 1870 1892 2115 2167 2178 2184 2221 2241 2248 2323 2355 2398 2404 2407 2449 2450 2451 2454 2473 2483
50 82 122 139 578 608 615 710 747 772 773 811 821 910 921 1003 1043 1104 1145 1194 1449 1525 1534 1547 1587 1603 1624 1666 1800 1826 1873 1882 1888 1893 1964 1969 1983 2003 2059 2212 2223 2259 2272 2324 2358 2390 2393 2445 2447 2453 2455
50 6 10 83 111 173 264 360 425 469 491 541 590 665 794 958 962 986 997 1107 1135 1158 1186 1235 1291 1385 1399 1411 1466 1504 1536 1540 1607 1753 1782 1874 1894 1923 1950 2070 2078 2110 2249 2338 2375 2392 2422 2452 2461 2463 2466
50 66 104 243 364 368 384 457 467 519 538 585 637 645 661 664 759 876 959 1090 1116 1140 1201 1205 1230 1237 1254 1327 1486 1500 1537 1731 1778 1840 1865 2044 2062 2149 2158 2186 2205 2213 2229 2234 2264 2274 2298 2319 2332 2360 2379
50 15 48 52 91 153 184 282 284 331 362 385 485 500 670 686 695 777 824 847 887 944 961 1019 1051 1069 1307 1354 1417 1463 1508 1516 1551 1559 1571 1597 1636 1645 1682 1696 1716 1802 1806 1908 1922 1935 1948 2015 2042 2063 2117
50 78 156 226 236 274 279 306 310 324 458 470 501 602 700 711 745 781 827 934 945 990 1013 1016 1115 1129 1246 1278 1281 1296 1304 1316 1322 1388 1403 1487 1589 1704 1709 1734 1773 2019 2067 2073 2141 2152 2191 2220 2269 2286 2309
50 5 108 152 154 166 175 189 247 248 283 341 361 413 542 677 678 681 682 766 798 879 894 903 1119 1144 1223 1241 1391 1418 1423 1441 1513 1531 1560 1611 1663 1670 1727 1982 2096 2112 2129 2157 2201 2283 2331 2377 2381 2401 2415
50 14 19 90 116 207 261 285 289 329 399 520 527 691 703 709 715 744 751 756 927 983 1002 1010 1029 1163 1210 1274 1375 1392 1426 1447 1566 1772 1774 1836 1951 2052 2054 2069 2170 2202 2207 2281 2299 2308 2359 2361 2389 2405 2414
50 3 20 102 112 120 146 196 209 212 257 314 373 378 447 486 493 494 504 580 583 639 674 708 789 831 914 916 980 1062 1075 1094 1106 1160 1161 1170 1191 1218 1335 1341 1390 1397 1722 1828 1991 2010 2043 2056 2124 2166 2183
50 113 233 240 260 298 337 357 363 365 367 372 432 505 511 601 621 676 683 719 746 771 787 836 845 873 1005 1030 1046 1184 1306 1317 1321 1416 1424 1430 1442 1491 1686 1726 1758 1784 1796 1835 1837 1921 1936 2009 2021 2071 2088
50 34 45 159 210 294 297 382 581 595 631 660 694 728 832 835 839 877 907 937 1017 1061 1173 1203 1451 1503 1515 1564 1683 1689 1879 2014 2018 2035 2076 2099 2219 2280 2284 2301 2343 2350 2364 2380 2382 2383 2394 2420 2437 2439 2467
50 17 26 39 81 115 121 272 320 333 349 354 383 408 451 556 579 592 655 667 716 752 786 857 896 1004 1072 1146 1318 1394 1550 1594 1639 1810 1858 2025 2121 2181 2209 2238 2289 2291 2295 2306 2315 2333 2412 2418 2433 2465 2472
50 32 136 143 145 149 157 205 206 239 340 428 449 468 484 560 597 652 680 690 749 758 774 828 855 861 915 955 1044 1099 1121 1151 1178 1198 1208 1252 1290 1320 1329 1446 1485 1579 1635 1667 1720 1759 1765 1785 1793 1817 1846
50 18 43 64 80 119 178 251 259 304 410 503 515 626 688 800 924 978 1022 1120 1239 1240 1325 1355 1366 1436 1444 1448 1478 1521 1530 1574 1668 1850 1886 1994 2008 2174 2175 2196 2197 2216 2243 2296 2297 2300 2328 2336 2356 2369 2388
50 9 25 109 183 307 374 420 448 461 539 591 624 757 765 919 931 942 952 954 985 996 1009 1148 1251 1336 1412 1420 1437 1544 1553 1655 1677 1777 1788 1820 1847 1904 1934 1941 2004 2127 2155 2160 2210 2225 2258 2261 2263 2268 2340
50 13 30 85 134 262 326 366 443 498 552 568 633 646 721 788 796 882 908 982 1021 1077 1081 1225 1250 1324 1330 1339 1352 1360 1376 1382 1435 1453 1509 1721 1740 1804 1811 1822 1927 1931 1937 1995 2029 2034 2082 2086 2111 2116 2143
50 98 188 192 229 276 311 398 510 564 588 650 692 785 792 808 840 853 897 988 1006 1035 1076 1132 1152 1159 1185 1193 1196 1238 1276 1295 1308 1331 1429 1496 1498 1511 1577 1643 1717 1739 1885 1974 2032 2125 2140 2188 2195 2235 2254
