50
50 1 1 9 10 10 11 11 12 12 14 17 18 19 21 21 22 22 23 25 27 34 35 38 40 41 42 43 46 48 48 50 50 51 52 54 55 56 65 65 70 71 73 75 79 84 87 88 95 97 98
50 1 6 11 14 15 17 18 24 26 29 34 35 37 40 42 42 43 48 53 57 58 59 61 61 64 65 65 67 68 69 70 71 71 73 73 74 74 74 75 79 83 88 89 90 96 96 97 98 98 100
50 1 1 1 5 10 13 13 18 20 21 23 23 23 29 30 30 33 33 34 35 35 36 36 36 43 46 55 58 59 60 62 65 66 73 75 75 76 77 79 82 82 82 84 86 88 89 93 93 96 96
50 1 3 4 6 7 9 10 11 14 15 18 20 21 34 34 37 37 45 48 49 51 53 53 55 59 64 64 66 68 69 71 72 72 73 73 75 77 78 78 78 79 80 81 81 85 91 94 95 95 98
50 1 1 2 3 4 8 10 11 13 15 22 27 28 28 33 34 36 36 36 38 41 42 43 44 46 48 48 54 56 60 60 61 63 66 73 73 74 75 79 80 82 84 87 88 88 91 92 95 97 100
50 2 2 9 14 14 14 16 18 20 21 24 28 31 35 39 40 40 41 41 44 45 46 50 50 57 60 61 62 63 64 65 66 66 68 68 69 73 74 75 78 78 81 87 91 91 92 93 95 97 97
50 2 3 5 6 6 10 10 13 17 19 19 25 28 30 31 39 40 43 44 45 47 47 48 50 55 56 59 59 61 67 68 69 69 71 71 74 75 78 79 81 85 85 87 88 88 88 88 92 96 97
50 2 3 5 9 9 11 15 15 18 19 21 22 26 26 26 31 33 34 35 37 37 38 39 39 40 48 51 52 62 64 67 68 69 69 72 74 77 79 80 81 81 84 84 85 87 88 91 94 95 95
50 8 13 14 16 17 17 19 20 23 24 24 27 27 31 33 35 35 35 40 41 43 44 44 49 51 52 58 59 61 66 67 68 69 70 72 73 73 74 74 75 81 82 83 94 95 96 97 98 99 99
50 2 6 6 12 12 13 14 15 16 16 18 20 22 23 24 26 27 28 29 31 32 33 35 37 48 49 51 51 52 53 53 59 60 60 63 64 65 71 71 74 76 81 84 85 86 89 90 91 91 96
50 5 5 5 6 8 12 12 17 23 24 25 25 26 28 29 29 33 36 36 36 40 42 49 49 51 53 54 56 58 61 61 62 64 71 71 71 73 75 75 77 84 87 88 93 93 93 95 97 97 100
50 3 7 8 11 15 16 23 26 26 27 27 27 28 32 32 36 36 39 43 46 47 48 52 53 53 54 54 56 58 64 66 67 67 68 69 71 72 72 73 76 77 86 86 88 89 90 90 94 95 100
50 6 12 15 15 17 19 20 20 22 23 24 24 25 25 26 26 33 37 43 48 49 49 54 54 55 59 59 59 61 62 62 65 65 66 69 71 74 78 83 86 86 89 92 93 93 93 94 95 95 99
50 4 5 12 13 15 17 19 23 23 26 27 28 35 36 37 37 39 39 47 50 50 54 56 59 60 65 66 68 69 73 74 75 78 80 81 81 82 84 84 85 89 90 91 92 93 93 97 97 100 100
50 3 6 9 11 12 12 14 15 17 18 19 20 20 20 24 26 27 29 31 32 34 38 40 45 46 50 54 55 57 58 61 62 63 67 69 69 73 74 75 76 80 81 85 87 88 90 91 93 95 99
50 2 5 5 6 9 10 12 13 14 17 17 18 21 22 23 27 28 28 29 31 33 34 36 36 36 54 58 63 64 65 66 69 71 72 73 74 77 77 79 81 81 82 83 83 86 89 89 93 96 98
50 4 5 5 7 7 9 11 13 13 14 25 29 32 33 33 34 36 37 38 39 40 41 46 48 49 51 51 55 59 67 70 70 70 73 73 74 76 78 80 80 83 83 83 83 87 89 92 95 96 100
50 3 5 6 7 12 15 17 19 26 30 30 36 36 40 41 42 45 45 45 46 46 48 48 53 55 57 57 57 58 63 64 65 65 70 71 72 73 74 75 76 76 79 87 90 90 92 93 95 95 98
50 1 2 5 8 10 12 15 16 17 18 19 21 21 23 26 30 33 37 37 38 39 40 43 52 53 54 56 56 56 57 59 61 62 62 69 72 73 78 81 84 85 85 86 86 86 89 89 90 91 95
50 1 3 7 9 14 16 17 18 18 19 20 20 24 26 27 28 29 30 31 33 39 39 43 50 50 55 57 59 61 63 63 63 64 66 68 68 74 81 82 84 86 89 89 89 89 92 92 97 98 99
50 8 8 8 10 12 13 16 17 19 20 21 25 27 27 30 31 32 32 33 38 39 40 41 44 46 56 60 60 61 61 61 69 69 70 70 71 73 74 75 77 78 81 81 82 83 87 96 97 100 100
50 2 3 5 9 10 11 12 14 15 16 17 21 28 30 30 34 36 45 53 54 55 56 59 62 62 65 65 68 68 69 69 71 71 76 77 78 83 83 84 84 85 88 89 92 93 94 96 97 97 97
50 4 8 8 9 10 14 15 16 16 16 17 19 20 21 22 23 26 27 28 29 29 29 31 35 35 38 38 38 45 47 48 53 55 60 65 67 76 77 77 80 81 83 84 87 87 87 91 93 93 95
50 1 4 6 6 7 7 13 14 15 16 16 16 22 25 26 28 28 28 29 29 31 32 34 34 40 40 40 41 41 42 46 46 48 50 51 55 68 68 71 72 75 76 77 79 80 81 83 85 96 99
50 2 2 2 4 5 11 11 11 13 14 17 19 20 21 23 28 34 37 38 40 41 44 46 46 51 51 53 58 61 61 64 64 67 68 68 68 69 73 77 78 82 86 89 92 92 92 94 100 100 100
50 2 3 4 4 8 13 13 14 15 15 16 17 18 20 20 25 27 28 30 30 42 45 46 48 48 48 49 50 51 53 55 56 59 63 63 63 63 70 72 77 77 82 82 86 87 88 91 92 92 100
50 1 1 2 4 5 9 12 16 17 19 24 24 25 26 29 32 33 34 34 38 38 39 40 42 43 44 45 45 46 46 48 51 53 55 56 62 64 66 71 73 76 79 81 82 83 91 92 92 98 100
50 4 4 5 5 6 13 13 18 18 20 21 21 23 29 29 30 34 35 36 37 37 38 41 42 42 46 50 53 58 58 59 60 61 63 67 71 74 75 78 79 80 80 86 89 93 93 94 94 97 98
50 2 10 11 15 18 18 23 24 25 25 27 27 27 28 28 29 31 31 33 34 35 36 41 42 43 45 45 49 51 54 64 67 67 68 70 71 76 78 80 80 83 84 86 88 90 92 93 94 94 97
50 3 4 8 10 14 14 17 19 20 21 21 21 25 25 26 27 30 31 32 32 37 38 38 42 42 43 44 44 46 47 49 51 54 54 58 59 59 60 66 69 70 72 77 80 88 90 91 94 100 100
50 10 13 15 16 17 17 23 25 26 29 30 33 34 36 36 37 41 46 49 49 49 53 54 54 54 58 59 60 62 62 64 65 66 67 68 68 69 75 75 79 80 83 87 89 90 90 92 94 96 100
50 1 3 5 7 7 9 9 12 14 19 23 23 24 24 25 31 36 39 40 40 41 42 43 49 51 52 54 56 61 63 68 70 71 74 74 76 78 78 78 80 81 81 83 85 90 90 93 98 98 100
50 2 2 3 5 5 12 12 15 19 23 24 32 38 39 46 47 47 47 47 49 50 50 53 54 61 61 62 63 66 67 68 68 78 78 78 80 81 83 84 84 85 86 89 90 90 92 94 96 98 99
50 2 3 11 12 18 20 23 23 25 28 31 36 39 43 43 43 44 46 46 47 47 50 50 50 51 54 55 57 59 61 61 66 66 67 68 68 71 71 71 74 76 77 80 81 81 84 84 87 93 99
50 1 5 5 17 17 19 22 23 25 25 28 29 29 30 33 33 35 37 43 46 47 48 49 49 51 51 51 53 53 56 59 59 61 62 63 66 67 68 74 75 79 88 88 90 90 92 92 93 96 100
50 5 5 8 9 13 13 14 18 19 26 27 27 27 28 30 32 33 33 35 40 40 42 43 44 45 45 46 46 48 49 49 50 51 51 51 53 54 59 59 61 68 68 68 75 80 82 89 92 98 100
50 2 5 5 5 9 10 11 11 13 13 16 17 21 22 25 32 34 34 35 35 36 36 36 37 38 38 40 41 41 42 51 56 56 65 66 67 68 69 70 79 79 80 81 82 83 84 88 93 95 97
50 2 9 9 11 13 15 16 16 19 23 23 26 30 31 31 34 37 39 43 43 43 44 51 51 51 56 60 62 62 66 66 68 69 69 69 72 72 75 80 82 82 93 93 94 94 97 97 98 99 100
50 3 3 10 13 15 17 22 27 28 32 36 38 39 42 42 43 44 47 48 49 54 54 55 58 59 60 60 61 62 66 66 67 70 71 71 77 78 80 83 88 90 90 93 93 95 95 96 97 97 99
50 5 5 7 9 11 13 14 15 15 15 20 20 22 22 23 25 25 26 27 28 29 31 31 32 34 37 38 42 42 47 48 48 52 53 54 54 60 61 62 67 68 73 77 77 85 87 89 92 96 97
50 1 7 7 8 8 11 11 12 12 16 17 23 26 26 27 27 27 28 28 29 33 35 35 36 38 41 45 49 50 51 53 58 59 62 62 62 68 70 72 77 81 81 83 83 84 86 87 88 99 100
50 1 2 7 8 10 11 12 13 17 19 20 24 25 25 31 33 38 38 42 43 44 53 57 59 60 61 61 62 64 64 66 66 67 69 71 75 76 85 85 85 86 87 89 91 92 93 94 98 99 99
50 3 6 9 11 18 24 27 28 28 30 31 31 31 32 33 34 35 37 37 39 48 49 50 50 51 51 53 53 57 58 64 66 69 69 71 73 74 74 75 76 77 78 81 81 83 85 85 87 91 94
50 1 1 3 10 11 11 13 14 19 20 23 25 27 27 28 32 35 37 37 38 38 44 45 46 46 47 48 49 49 52 58 61 61 69 75 85 85 85 90 91 91 92 94 95 97 97 99 99 99 100
50 1 3 4 10 13 16 17 21 21 22 22 24 25 26 27 29 37 37 38 44 49 51 51 51 51 53 57 57 57 57 65 69 70 70 70 71 74 75 77 78 78 79 80 81 81 83 88 90 93 97
50 2 3 5 8 11 12 12 15 19 21 21 24 38 39 41 42 43 44 47 50 52 53 53 53 55 56 57 57 58 60 64 64 65 69 71 72 73 73 78 79 81 84 85 86 88 88 94 95 99 99
50 8 9 10 12 14 16 16 16 19 21 22 22 23 33 33 34 39 39 41 43 43 44 45 47 48 52 52 55 56 58 59 67 67 67 69 69 70 72 76 77 79 81 83 85 85 86 95 98 98 100
50 3 4 6 7 7 8 9 10 10 13 14 15 15 16 18 21 21 25 28 34 34 35 35 39 39 44 44 48 48 49 53 55 57 57 58 58 62 66 68 70 71 74 74 78 79 79 80 84 90 95
50 1 1 6 7 8 11 12 15 17 17 18 20 24 25 26 30 30 30 32 33 34 35 35 36 38 46 49 49 49 49 52 53 54 58 65 70 71 73 77 79 80 81 85 88 93 95 97 98 99 99
50 3 6 7 8 8 12 12 12 13 14 19 23 30 32 34 37 40 41 43 45 47 50 54 57 58 59 59 60 61 63 63 66 69 69 71 72 72 74 76 76 79 82 85 86 91 92 93 94 96 97
