50
50 100 200 300 400 500 600 700 800 900 1000 1100 1200 1300 1400 1500 1600 1700 1800 1900 2000 2100 2200 2300 2400 2500 2600 2700 2800 2900 3000 3100 3200 3300 3400 3500 3600 3700 3800 3900 4000 4100 4200 4300 4400 4500 4600 4700 4800 4900 5000
50 101 201 301 401 501 601 701 801 901 1001 1101 1201 1301 1401 1501 1601 1701 1801 1901 2001 2101 2201 2301 2401 2501 2601 2701 2801 2901 3001 3101 3201 3301 3401 3501 3601 3701 3801 3901 4001 4101 4201 4301 4401 4501 4601 4701 4801 4901 5001
50 102 202 302 402 502 602 702 802 902 1002 1102 1202 1302 1402 1502 1602 1702 1802 1902 2002 2102 2202 2302 2402 2502 2602 2702 2802 2902 3002 3102 3202 3302 3402 3502 3602 3702 3802 3902 4002 4102 4202 4302 4402 4502 4602 4702 4802 4902 5002
50 103 203 303 403 503 603 703 803 903 1003 1103 1203 1303 1403 1503 1603 1703 1803 1903 2003 2103 2203 2303 2403 2503 2603 2703 2803 2903 3003 3103 3203 3303 3403 3503 3603 3703 3803 3903 4003 4103 4203 4303 4403 4503 4603 4703 4803 4903 5003
50 104 204 304 404 504 604 704 804 904 1004 1104 1204 1304 1404 1504 1604 1704 1804 1904 2004 2104 2204 2304 2404 2504 2604 2704 2804 2904 3004 3104 3204 3304 3404 3504 3604 3704 3804 3904 4004 4104 4204 4304 4404 4504 4604 4704 4804 4904 5004
50 105 205 305 405 505 605 705 805 905 1005 1105 1205 1305 1405 1505 1605 1705 1805 1905 2005 2105 2205 2305 2405 2505 2605 2705 2805 2905 3005 3105 3205 3305 3405 3505 3605 3705 3805 3905 4005 4105 4205 4305 4405 4505 4605 4705 4805 4905 5005
50 106 206 306 406 506 606 706 806 906 1006 1106 1206 1306 1406 1506 1606 1706 1806 1906 2006 2106 2206 2306 2406 2506 2606 2706 2806 2906 3006 3106 3206 3306 3406 3506 3606 3706 3806 3906 4006 4106 4206 4306 4406 4506 4606 4706 4806 4906 5006
50 107 207 307 407 507 607 707 807 907 1007 1107 1207 1307 1407 1507 1607 1707 1807 1907 2007 2107 2207 2307 2407 2507 2607 2707 2807 2907 3007 3107 3207 3307 3407 3507 3607 3707 3807 3907 4007 4107 4207 4307 4407 4507 4607 4707 4807 4907 5007
50 108 208 308 408 508 608 708 808 908 1008 1108 1208 1308 1408 1508 1608 1708 1808 1908 2008 2108 2208 2308 2408 2508 2608 2708 2808 2908 3008 3108 3208 3308 3408 3508 3608 3708 3808 3908 4008 4108 4208 4308 4408 4508 4608 4708 4808 4908 5008
50 109 209 309 409 509 609 709 809 909 1009 1109 1209 1309 1409 1509 1609 1709 1809 1909 2009 2109 2209 2309 2409 2509 2609 2709 2809 2909 3009 3109 3209 3309 3409 3509 3609 3709 3809 3909 4009 4109 4209 4309 4409 4509 4609 4709 4809 4909 5009
50 110 210 310 410 510 610 710 810 910 1010 1110 1210 1310 1410 1510 1610 1710 1810 1910 2010 2110 2210 2310 2410 2510 2610 2710 2810 2910 3010 3110 3210 3310 3410 3510 3610 3710 3810 3910 4010 4110 4210 4310 4410 4510 4610 4710 4810 4910 5010
50 111 211 311 411 511 611 711 811 911 1011 1111 1211 1311 1411 1511 1611 1711 1811 1911 2011 2111 2211 2311 2411 2511 2611 2711 2811 2911 3011 3111 3211 3311 3411 3511 3611 3711 3811 3911 4011 4111 4211 4311 4411 4511 4611 4711 4811 4911 5011
50 112 212 312 412 512 612 712 812 912 1012 1112 1212 1312 1412 1512 1612 1712 1812 1912 2012 2112 2212 2312 2412 2512 2612 2712 2812 2912 3012 3112 3212 3312 3412 3512 3612 3712 3812 3912 4012 4112 4212 4312 4412 4512 4612 4712 4812 4912 5012
50 113 213 313 413 513 613 713 813 913 1013 1113 1213 1313 1413 1513 1613 1713 1813 1913 2013 2113 2213 2313 2413 2513 2613 2713 2813 2913 3013 3113 3213 3313 3413 3513 3613 3713 3813 3913 4013 4113 4213 4313 4413 4513 4613 4713 4813 4913 5013
50 114 214 314 414 514 614 714 814 914 1014 1114 1214 1314 1414 1514 1614 1714 1814 1914 2014 2114 2214 2314 2414 2514 2614 2714 2814 2914 3014 3114 3214 3314 3414 3514 3614 3714 3814 3914 4014 4114 4214 4314 4414 4514 4614 4714 4814 4914 5014
50 115 215 315 415 515 615 715 815 915 1015 1115 1215 1315 1415 1515 1615 1715 1815 1915 2015 2115 2215 2315 2415 2515 2615 2715 2815 2915 3015 3115 3215 3315 3415 3515 3615 3715 3815 3915 4015 4115 4215 4315 4415 4515 4615 4715 4815 4915 5015
50 116 216 316 416 516 616 716 816 916 1016 1116 1216 1316 1416 1516 1616 1716 1816 1916 2016 2116 2216 2316 2416 2516 2616 2716 2816 2916 3016 3116 3216 3316 3416 3516 3616 3716 3816 3916 4016 4116 4216 4316 4416 4516 4616 4716 4816 4916 5016
50 117 217 317 417 517 617 717 817 917 1017 1117 1217 1317 1417 1517 1617 1717 1817 1917 2017 2117 2217 2317 2417 2517 2617 2717 2817 2917 3017 3117 3217 3317 3417 3517 3617 3717 3817 3917 4017 4117 4217 4317 4417 4517 4617 4717 4817 4917 5017
50 118 218 318 418 518 618 718 818 918 1018 1118 1218 1318 1418 1518 1618 1718 1818 1918 2018 2118 2218 2318 2418 2518 2618 2718 2818 2918 3018 3118 3218 3318 3418 3518 3618 3718 3818 3918 4018 4118 4218 4318 4418 4518 4618 4718 4818 4918 5018
50 119 219 319 419 519 619 719 819 919 1019 1119 1219 1319 1419 1519 1619 1719 1819 1919 2019 2119 2219 2319 2419 2519 2619 2719 2819 2919 3019 3119 3219 3319 3419 3519 3619 3719 3819 3919 4019 4119 4219 4319 4419 4519 4619 4719 4819 4919 5019
50 120 220 320 420 520 620 720 820 920 1020 1120 1220 1320 1420 1520 1620 1720 1820 1920 2020 2120 2220 2320 2420 2520 2620 2720 2820 2920 3020 3120 3220 3320 3420 3520 3620 3720 3820 3920 4020 4120 4220 4320 4420 4520 4620 4720 4820 4920 5020
50 121 221 321 421 521 621 721 821 921 1021 1121 1221 1321 1421 1521 1621 1721 1821 1921 2021 2121 2221 2321 2421 2521 2621 2721 2821 2921 3021 3121 3221 3321 3421 3521 3621 3721 3821 3921 4021 4121 4221 4321 4421 4521 4621 4721 4821 4921 5021
50 122 222 322 422 522 622 722 822 922 1022 1122 1222 1322 1422 1522 1622 1722 1822 1922 2022 2122 2222 2322 2422 2522 2622 2722 2822 2922 3022 3122 3222 3322 3422 3522 3622 3722 3822 3922 4022 4122 4222 4322 4422 4522 4622 4722 4822 4922 5022
50 123 223 323 423 523 623 723 823 923 1023 1123 1223 1323 1423 1523 1623 1723 1823 1923 2023 2123 2223 2323 2423 2523 2623 2723 2823 2923 3023 3123 3223 3323 3423 3523 3623 3723 3823 3923 4023 4123 4223 4323 4423 4523 4623 4723 4823 4923 5023
50 124 224 324 424 524 624 724 824 924 1024 1124 1224 1324 1424 1524 1624 1724 1824 1924 2024 2124 2224 2324 2424 2524 2624 2724 2824 2924 3024 3124 3224 3324 3424 3524 3624 3724 3824 3924 4024 4124 4224 4324 4424 4524 4624 4724 4824 4924 5024
50 125 225 325 425 525 625 725 825 925 1025 1125 1225 1325 1425 1525 1625 1725 1825 1925 2025 2125 2225 2325 2425 2525 2625 2725 2825 2925 3025 3125 3225 3325 3425 3525 3625 3725 3825 3925 4025 4125 4225 4325 4425 4525 4625 4725 4825 4925 5025
50 126 226 326 426 526 626 726 826 926 1026 1126 1226 1326 1426 1526 1626 1726 1826 1926 2026 2126 2226 2326 2426 2526 2626 2726 2826 2926 3026 3126 3226 3326 3426 3526 3626 3726 3826 3926 4026 4126 4226 4326 4426 4526 4626 4726 4826 4926 5026
50 127 227 327 427 527 627 727 827 927 1027 1127 1227 1327 1427 1527 1627 1727 1827 1927 2027 2127 2227 2327 2427 2527 2627 2727 2827 2927 3027 3127 3227 3327 3427 3527 3627 3727 3827 3927 4027 4127 4227 4327 4427 4527 4627 4727 4827 4927 5027
50 128 228 328 428 528 628 728 828 928 1028 1128 1228 1328 1428 1528 1628 1728 1828 1928 2028 2128 2228 2328 2428 2528 2628 2728 2828 2928 3028 3128 3228 3328 3428 3528 3628 3728 3828 3928 4028 4128 4228 4328 4428 4528 4628 4728 4828 4928 5028
50 129 229 329 429 529 629 729 829 929 1029 1129 1229 1329 1429 1529 1629 1729 1829 1929 2029 2129 2229 2329 2429 2529 2629 2729 2829 2929 3029 3129 3229 3329 3429 3529 3629 3729 3829 3929 4029 4129 4229 4329 4429 4529 4629 4729 4829 4929 5029
50 130 230 330 430 530 630 730 830 930 1030 1130 1230 1330 1430 1530 1630 1730 1830 1930 2030 2130 2230 2330 2430 2530 2630 2730 2830 2930 3030 3130 3230 3330 3430 3530 3630 3730 3830 3930 4030 4130 4230 4330 4430 4530 4630 4730 4830 4930 5030
50 131 231 331 431 531 631 731 831 931 1031 1131 1231 1331 1431 1531 1631 1731 1831 1931 2031 2131 2231 2331 2431 2531 2631 2731 2831 2931 3031 3131 3231 3331 3431 3531 3631 3731 3831 3931 4031 4131 4231 4331 4431 4531 4631 4731 4831 4931 5031
50 132 232 332 432 532 632 732 832 932 1032 1132 1232 1332 1432 1532 1632 1732 1832 1932 2032 2132 2232 2332 2432 2532 2632 2732 2832 2932 3032 3132 3232 3332 3432 3532 3632 3732 3832 3932 4032 4132 4232 4332 4432 4532 4632 4732 4832 4932 5032
50 133 233 333 433 533 633 733 833 933 1033 1133 1233 1333 1433 1533 1633 1733 1833 1933 2033 2133 2233 2333 2433 2533 2633 2733 2833 2933 3033 3133 3233 3333 3433 3533 3633 3733 3833 3933 4033 4133 4233 4333 4433 4533 4633 4733 4833 4933 5033
50 134 234 334 434 534 634 734 834 934 1034 1134 1234 1334 1434 1534 1634 1734 1834 1934 2034 2134 2234 2334 2434 2534 2634 2734 2834 2934 3034 3134 3234 3334 3434 3534 3634 3734 3834 3934 4034 4134 4234 4334 4434 4534 4634 4734 4834 4934 5034
50 135 235 335 435 535 635 735 835 935 1035 1135 1235 1335 1435 1535 1635 1735 1835 1935 2035 2135 2235 2335 2435 2535 2635 2735 2835 2935 3035 3135 3235 3335 3435 3535 3635 3735 3835 3935 4035 4135 4235 4335 4435 4535 4635 4735 4835 4935 5035
50 136 236 336 436 536 636 736 836 936 1036 1136 1236 1336 1436 1536 1636 1736 1836 1936 2036 2136 2236 2336 2436 2536 2636 2736 2836 2936 3036 3136 3236 3336 3436 3536 3636 3736 3836 3936 4036 4136 4236 4336 4436 4536 4636 4736 4836 4936 5036
50 137 237 337 437 537 637 737 837 937 1037 1137 1237 1337 1437 1537 1637 1737 1837 1937 2037 2137 2237 2337 2437 2537 2637 2737 2837 2937 3037 3137 3237 3337 3437 3537 3637 3737 3837 3937 4037 4137 4237 4337 4437 4537 4637 4737 4837 4937 5037
50 138 238 338 438 538 638 738 838 938 1038 1138 1238 1338 1438 1538 1638 1738 1838 1938 2038 2138 2238 2338 2438 2538 2638 2738 2838 2938 3038 3138 3238 3338 3438 3538 3638 3738 3838 3938 4038 4138 4238 4338 4438 4538 4638 4738 4838 4938 5038
50 139 239 339 439 539 639 739 839 939 1039 1139 1239 1339 1439 1539 1639 1739 1839 1939 2039 2139 2239 2339 2439 2539 2639 2739 2839 2939 3039 3139 3239 3339 3439 3539 3639 3739 3839 3939 4039 4139 4239 4339 4439 4539 4639 4739 4839 4939 5039
50 140 240 340 440 540 640 740 840 940 1040 1140 1240 1340 1440 1540 1640 1740 1840 1940 2040 2140 2240 2340 2440 2540 2640 2740 2840 2940 3040 3140 3240 3340 3440 3540 3640 3740 3840 3940 4040 4140 4240 4340 4440 4540 4640 4740 4840 4940 5040
50 141 241 341 441 541 641 741 841 941 1041 1141 1241 1341 1441 1541 1641 1741 1841 1941 2041 2141 2241 2341 2441 2541 2641 2741 2841 2941 3041 3141 3241 3341 3441 3541 3641 3741 3841 3941 4041 4141 4241 4341 4441 4541 4641 4741 4841 4941 5041
50 142 242 342 442 542 642 742 842 942 1042 1142 1242 1342 1442 1542 1642 1742 1842 1942 2042 2142 2242 2342 2442 2542 2642 2742 2842 2942 3042 3142 3242 3342 3442 3542 3642 3742 3842 3942 4042 4142 4242 4342 4442 4542 4642 4742 4842 4942 5042
50 143 243 343 443 543 643 743 843 943 1043 1143 1243 1343 1443 1543 1643 1743 1843 1943 2043 2143 2243 2343 2443 2543 2643 2743 2843 2943 3043 3143 3243 3343 3443 3543 3643 3743 3843 3943 4043 4143 4243 4343 4443 4543 4643 4743 4843 4943 5043
50 144 244 344 444 544 644 744 844 944 1044 1144 1244 1344 1444 1544 1644 1744 1844 1944 2044 2144 2244 2344 2444 2544 2644 2744 2844 2944 3044 3144 3244 3344 3444 3544 3644 3744 3844 3944 4044 4144 4244 4344 4444 4544 4644 4744 4844 4944 5044
50 145 245 345 445 545 645 745 845 945 1045 1145 1245 1345 1445 1545 1645 1745 1845 1945 2045 2145 2245 2345 2445 2545 2645 2745 2845 2945 3045 3145 3245 3345 3445 3545 3645 3745 3845 3945 4045 4145 4245 4345 4445 4545 4645 4745 4845 4945 5045
50 146 246 346 446 546 646 746 846 946 1046 1146 1246 1346 1446 1546 1646 1746 1846 1946 2046 2146 2246 2346 2446 2546 2646 2746 2846 2946 3046 3146 3246 3346 3446 3546 3646 3746 3846 3946 4046 4146 4246 4346 4446 4546 4646 4746 4846 4946 5046
50 147 247 347 447 547 647 747 847 947 1047 1147 1247 1347 1447 1547 1647 1747 1847 1947 2047 2147 2247 2347 2447 2547 2647 2747 2847 2947 3047 3147 3247 3347 3447 3547 3647 3747 3847 3947 4047 4147 4247 4347 4447 4547 4647 4747 4847 4947 5047
50 148 248 348 448 548 648 748 848 948 1048 1148 1248 1348 1448 1548 1648 1748 1848 1948 2048 2148 2248 2348 2448 2548 2648 2748 2848 2948 3048 3148 3248 3348 3448 3548 3648 3748 3848 3948 4048 4148 4248 4348 4448 4548 4648 4748 4848 4948 5048
50 149 249 349 449 549 649 749 849 949 1049 1149 1249 1349 1449 1549 1649 1749 1849 1949 2049 2149 2249 2349 2449 2549 2649 2749 2849 2949 3049 3149 3249 3349 3449 3549 3649 3749 3849 3949 4049 4149 4249 4349 4449 4549 4649 4749 4849 4949 5049
