40
48 83 85 142 176 258 279 308 353 378 394 415 449 468 512 555 632 653 661 679 687 690 737 837 873 928 947 949 953 967 1017 1023 1050 1063 1066 1089 1096 1099 1115 1117 1121 1123 1137 1140 1144 1149 1150 1151 1152
16 3 29 51 177 199 249 268 280 291 317 329 362 533 609 615 620
38 56 89 130 161 188 242 250 332 336 339 343 382 401 414 506 541 548 600 631 643 666 712 746 793 829 884 904 915 921 983 986 998 1000 1003 1021 1026 1029 1038
25 71 113 117 136 175 207 224 266 271 473 516 527 623 627 628 682 726 740 785 822 850 858 865 881 892
17 9 24 26 33 63 73 128 197 244 275 322 325 327 340 356 428 441
41 30 109 146 254 298 300 357 370 462 553 559 583 613 639 667 683 711 723 733 734 768 776 786 836 893 900 935 944 975 982 989 995 996 1014 1024 1027 1035 1042 1046 1052 1057
17 6 45 138 143 213 392 444 557 603 664 673 695 717 742 749 780 788
33 81 108 115 158 238 277 338 349 379 426 455 511 580 596 641 642 675 676 692 714 719 738 767 812 821 855 899 916 927 933 942 1004 1005
24 8 49 67 119 129 155 231 295 390 391 434 574 598 602 722 750 781 789 800 832 876 902 923 936
24 10 21 75 97 147 150 217 239 301 364 393 406 453 518 519 523 543 582 625 728 741 756 760 841
18 31 37 90 95 187 204 320 321 445 471 572 577 587 599 678 689 693 762
14 34 76 99 139 232 248 262 367 417 446 568 586 630 655
45 103 110 112 168 178 260 296 369 385 413 439 463 469 504 514 576 606 626 634 638 705 716 885 952 988 994 1010 1018 1032 1045 1053 1058 1067 1086 1113 1116 1118 1119 1125 1131 1132 1143 1146 1147 1148
18 20 44 57 59 88 106 144 181 203 226 337 366 412 431 465 476 485 567
13 25 27 40 60 69 86 96 101 132 198 211 222 223
50 23 50 100 102 151 167 252 278 395 460 513 621 640 649 704 707 736 739 744 766 774 783 813 814 828 831 842 846 870 903 950 959 961 999 1006 1009 1012 1044 1056 1059 1064 1069 1074 1077 1078 1082 1084 1088 1097 1106
50 54 156 206 267 282 297 398 424 472 490 528 529 569 578 591 652 751 772 801 815 839 854 889 898 913 926 957 966 987 1015 1025 1034 1047 1054 1060 1062 1071 1072 1075 1076 1080 1081 1083 1104 1110 1122 1126 1129 1133 1145
23 12 42 133 183 237 251 264 290 313 318 333 352 380 388 402 433 447 489 496 535 590 601 647
18 52 104 141 173 179 354 377 397 399 440 442 461 483 515 549 637 671 674
29 15 28 91 98 122 131 164 229 235 286 294 419 508 530 539 607 715 758 778 843 852 909 910 922 937 939 963 972 979
17 22 159 293 328 422 500 532 536 552 558 565 571 610 725 748 755 795
22 38 77 107 166 210 221 234 241 247 255 302 314 319 335 420 467 492 499 561 629 656 662
35 18 55 145 193 194 246 376 389 438 443 475 494 509 531 562 566 658 680 686 710 730 735 794 848 851 857 868 869 879 895 908 918 919 941 943
24 43 94 134 157 165 200 323 334 347 400 410 524 550 556 589 644 654 660 700 761 805 827 834 840
46 62 135 311 359 365 387 448 503 534 542 573 585 592 604 616 617 759 764 765 790 797 820 824 830 847 853 859 871 874 920 934 978 985 997 1001 1007 1039 1041 1073 1090 1100 1108 1112 1120 1138 1139
44 16 19 124 148 189 191 305 331 375 470 474 486 487 510 622 646 685 718 727 773 808 819 835 861 897 931 945 962 965 968 991 1011 1031 1036 1055 1091 1093 1094 1095 1101 1102 1103 1107 1109
42 36 39 93 123 170 186 216 263 274 307 341 342 386 396 409 425 430 435 436 454 493 495 498 526 560 597 669 702 703 706 720 763 770 771 777 799 803 807 816 856 862 886
16 48 65 74 169 185 192 287 304 310 315 383 482 491 517 521 525
18 53 58 92 208 209 215 219 225 316 384 423 477 480 522 651 672 677 769
45 17 35 111 114 126 153 236 256 272 285 288 405 481 501 505 594 636 688 701 732 747 791 810 811 825 844 860 863 875 890 930 932 948 964 981 1002 1028 1033 1040 1048 1068 1087 1111 1127 1136
18 5 41 64 80 190 245 257 309 324 346 368 411 429 452 479 520 551 588
17 11 13 82 152 160 214 292 373 458 611 618 645 698 708 787 802 809
12 7 201 227 228 233 265 281 348 361 363 427 478
46 66 149 182 212 230 269 273 289 457 564 608 624 696 731 775 826 845 882 894 912 917 925 954 970 973 984 1008 1016 1019 1049 1051 1065 1070 1079 1085 1092 1098 1105 1114 1124 1128 1130 1134 1135 1141 1142
34 46 61 105 140 154 180 184 371 404 538 544 605 614 619 657 659 694 697 724 754 804 838 866 867 877 887 906 914 924 969 1030 1037 1043 1061
19 70 84 116 125 205 220 326 344 351 407 437 456 464 497 546 563 579 648 663
38 72 118 174 243 330 350 358 374 381 408 416 507 545 547 595 633 650 670 709 721 745 757 779 796 798 806 817 888 929 951 958 971 974 977 980 1013 1020 1022
42 1 14 68 87 137 163 172 196 253 270 284 418 432 450 451 570 581 665 681 684 699 713 743 752 753 784 792 823 849 864 878 880 883 891 896 907 940 946 955 956 960 993
42 2 4 32 47 79 120 121 171 218 240 259 261 283 303 306 312 360 372 403 421 466 484 488 502 537 554 575 584 635 691 729 782 818 833 872 901 905 911 938 976 990 992
14 78 127 162 195 202 276 299 345 355 459 540 593 612 668
