23
13 12 22 26 28 35 56 72 105 143 144 156 190 213
27 21 42 65 82 99 110 132 181 274 281 312 325 332 360 368 374 381 384 412 431 439 452 457 491 503 504 510
24 3 51 57 81 107 113 145 146 164 178 210 220 295 296 302 306 319 339 362 370 375 377 387 402
22 16 19 85 90 127 138 173 177 189 191 196 208 230 259 272 301 310 352 358 388 396 397
50 32 55 97 130 141 182 207 257 267 268 293 318 322 323 344 348 389 393 411 441 465 483 494 496 508 519 523 529 540 541 545 557 568 570 578 592 594 602 608 609 613 614 616 620 626 631 632 634 635 636
49 2 6 9 46 61 79 86 104 116 119 142 167 168 200 216 217 218 240 290 308 334 340 353 378 385 394 395 408 418 435 437 453 456 461 464 477 479 482 492 495 505 521 526 530 531 532 538 542 551
36 5 66 88 106 129 151 221 234 255 269 330 337 356 409 445 447 450 454 463 469 502 509 513 517 525 536 546 548 572 574 576 579 587 591 596 599
46 7 10 38 83 96 123 135 140 174 201 271 283 305 324 335 347 354 357 365 405 451 470 559 565 567 581 582 583 585 595 611 612 617 621 623 629 630 633 639 640 642 643 647 649 650 652
15 13 48 54 87 115 136 172 175 183 229 248 258 261 275 278
39 24 45 98 199 239 245 246 317 327 361 366 379 392 399 403 410 424 440 449 458 473 497 499 500 501 515 527 539 561 563 564 577 584 588 597 598 601 604 606
50 73 118 131 155 157 169 180 194 204 223 232 250 265 286 292 294 311 320 333 351 355 404 415 416 421 429 433 455 460 462 466 467 471 474 484 516 520 534 549 550 556 566 571 589 590 593 600 603 607 610
10 11 25 29 93 125 160 161 185 195 249
42 15 23 58 63 77 80 103 153 163 165 171 209 236 243 252 279 298 345 346 349 364 376 383 386 401 420 423 436 472 475 478 486 487 511 512 522 524 533 535 544 552 554
32 14 74 108 120 121 122 149 154 158 166 184 203 211 212 247 254 264 270 313 331 341 350 369 373 390 398 417 427 438 442 444 459
39 27 60 62 69 78 84 91 109 133 187 192 235 244 297 307 316 326 342 359 391 425 430 468 480 481 493 498 507 514 528 537 555 558 560 562 569 573 575 586
11 30 41 70 71 128 139 159 188 202 214 231
21 1 20 34 102 112 134 198 206 228 237 256 273 277 289 303 314 363 371 380 407 419
28 18 44 50 59 68 75 89 197 227 242 260 262 266 282 300 315 336 338 343 400 414 426 428 432 446 448 506 518
43 4 52 53 67 100 101 186 222 238 263 309 382 406 443 476 485 488 489 543 547 553 580 605 615 618 619 622 624 625 627 628 637 638 641 644 645 646 648 651 653 654 655 656
16 39 76 95 111 117 124 162 233 285 291 367 372 413 422 434 490
14 31 47 64 94 114 126 152 170 193 215 219 224 241 276
17 8 33 36 37 40 43 148 179 226 251 284 287 288 299 304 321 329
12 17 49 92 137 147 150 176 205 225 253 280 328
