50
50 81 95 98 178 247 315 421 428 469 497 500 595 641 648 676 690 827 829 1057 1093 1116 1194 1311 1333 1341 1392 1407 1412 1437 1472 1558 1634 1649 1666 1711 1716 1737 1872 1893 1981 1984 1994 2208 2222 2228 2240 2274 2320 2329 2338
50 29 119 144 228 234 241 454 530 541 554 612 628 644 719 791 831 945 970 1067 1110 1192 1212 1223 1227 1356 1452 1525 1560 1573 1614 1622 1738 1759 1808 1895 1915 1937 1998 2042 2116 2196 2252 2253 2315 2406 2414 2419 2455 2457 2482
50 24 148 166 208 253 310 319 436 466 478 586 744 770 850 902 958 977 1042 1043 1061 1083 1137 1138 1149 1206 1208 1290 1340 1454 1479 1500 1507 1539 1777 1813 1815 1899 1909 1993 2009 2040 2080 2100 2102 2129 2223 2269 2372 2400 2435
50 51 102 117 153 183 186 255 327 391 396 416 444 464 516 551 654 679 713 823 884 913 934 972 986 996 1165 1166 1187 1197 1324 1358 1400 1449 1478 1493 1574 1586 1587 1589 1630 1663 1717 1760 1870 2018 2185 2201 2245 2271 2277
50 35 73 108 109 121 210 248 261 263 380 434 567 588 597 598 624 649 696 732 768 774 784 915 925 960 974 1024 1055 1080 1082 1181 1198 1251 1381 1453 1474 1495 1503 1535 1577 1582 1588 1708 1758 1793 1830 1952 1960 1971 1980
50 47 105 112 123 388 627 687 734 746 749 752 932 978 1034 1063 1068 1141 1168 1169 1248 1254 1320 1338 1352 1569 1638 1646 1651 1669 1902 1905 1916 1951 2000 2037 2038 2058 2122 2147 2167 2179 2187 2225 2229 2288 2297 2333 2334 2351 2446
50 163 193 288 326 420 451 537 686 729 855 858 919 1075 1123 1170 1319 1322 1386 1471 1579 1607 1617 1679 1743 1751 1771 1829 1865 1975 1989 1991 2011 2176 2232 2289 2307 2314 2412 2425 2432 2434 2445 2456 2458 2460 2471 2477 2483 2486 2490
50 87 126 129 285 296 307 390 467 477 484 543 569 577 583 709 795 803 836 837 846 907 989 1049 1145 1244 1345 1365 1376 1391 1487 1489 1510 1530 1561 1591 1593 1657 1831 1869 1874 1928 1965 2016 2036 2043 2066 2091 2169 2255 2263
50 1 48 160 225 245 389 400 407 409 419 447 449 452 511 572 662 693 724 779 781 819 825 834 859 885 889 1086 1113 1219 1231 1270 1355 1465 1468 1486 1595 1683 1701 1730 1750 1943 2048 2093 2130 2194 2268 2365 2380 2391 2421
50 53 63 96 246 274 333 384 401 404 517 532 545 576 622 663 666 691 728 862 871 909 1018 1027 1095 1100 1148 1150 1156 1307 1377 1451 1537 1538 1559 1575 1620 1676 1713 1731 1784 1911 2027 2075 2098 2107 2193 2221 2260 2270 2382
50 84 161 199 207 216 252 256 283 354 370 431 510 560 722 1006 1035 1097 1233 1265 1295 1300 1398 1444 1463 1475 1592 1621 1695 1703 1744 1745 1747 1775 1785 1809 1819 1838 1857 1879 2103 2141 2202 2215 2219 2226 2290 2293 2305 2309 2322
50 21 113 137 202 259 270 323 374 406 479 553 581 600 822 873 916 936 963 964 971 979 985 1133 1157 1200 1201 1217 1272 1284 1337 1346 1347 1389 1406 1424 1482 1550 1659 1682 1705 1714 1727 1735 1822 1852 1867 1886 1901 1907 1995
50 14 15 32 42 131 170 198 314 349 499 512 606 777 788 826 866 895 1019 1098 1210 1297 1339 1342 1354 1455 1529 1590 1627 1652 1762 1847 1859 1878 1942 1947 2041 2150 2154 2267 2279 2295 2327 2360 2366 2368 2429 2454 2464 2467 2478
50 66 172 281 365 443 476 492 496 684 730 738 743 802 869 879 894 901 941 993 1032 1041 1107 1144 1161 1172 1241 1393 1496 1521 1522 1554 1601 1643 1687 1748 1804 1888 1944 2081 2177 2199 2211 2231 2242 2244 2266 2285 2388 2396 2405
50 71 91 175 177 303 331 363 422 433 446 463 473 526 566 587 631 646 727 817 957 987 1118 1147 1263 1274 1292 1332 1360 1436 1548 1609 1610 1612 1629 1667 1761 1779 1807 1851 1946 1985 2123 2172 2203 2254 2340 2341 2348 2357 2363
50 103 122 286 429 437 480 610 620 651 755 813 845 853 896 959 1012 1014 1023 1037 1058 1072 1090 1115 1163 1294 1442 1485 1514 1523 1602 1611 1675 1681 1774 1816 1938 1945 2057 2077 2184 2197 2200 2227 2291 2298 2349 2407 2428 2436 2440
50 75 110 140 149 190 200 218 232 284 302 332 357 359 397 413 495 559 591 611 723 843 954 1026 1051 1059 1104 1142 1214 1302 1448 1541 1555 1604 1860 1970 2064 2125 2142 2210 2217 2248 2331 2375 2393 2417 2442 2448 2451 2476 2479
50 88 115 222 231 242 304 320 375 394 426 501 539 557 565 780 792 800 865 942 955 1009 1031 1066 1084 1126 1205 1397 1402 1405 1506 1603 1814 1930 1953 2031 2065 2078 2104 2133 2241 2258 2299 2300 2335 2354 2370 2422 2441 2461 2472
50 8 10 26 204 450 456 674 694 698 790 796 805 807 880 908 924 1109 1202 1207 1216 1252 1259 1275 1329 1450 1504 1524 1585 1639 1696 1721 1722 1729 1884 1903 1904 1922 2008 2073 2121 2173 2247 2306 2316 2343 2356 2358 2369 2403 2433
50 7 31 114 227 571 603 706 711 931 944 1045 1134 1155 1318 1323 1350 1418 1511 1613 1624 1633 1641 1709 1740 1826 1862 1908 1913 1921 1925 1931 1974 1977 2053 2087 2095 2117 2144 2148 2153 2162 2174 2235 2261 2284 2323 2337 2362 2367 2376
50 19 59 85 152 165 457 459 482 534 548 632 681 682 683 688 695 703 762 851 864 910 921 968 973 1007 1017 1039 1132 1143 1224 1260 1334 1368 1462 1513 1605 1623 1664 1673 1693 1918 2014 2097 2099 2110 2146 2157 2237 2246 2249
50 36 78 93 138 277 309 321 442 485 515 552 563 570 592 661 692 789 818 870 998 1036 1125 1130 1256 1280 1303 1367 1375 1414 1464 1481 1526 1572 1650 1691 1734 1778 1894 1986 2017 2067 2143 2161 2165 2250 2312 2339 2361 2373 2379
50 11 23 167 188 254 258 386 395 481 524 645 739 852 967 975 1140 1312 1371 1396 1411 1501 1509 1542 1656 1702 1782 1864 1880 1919 1964 1983 1990 2050 2052 2055 2068 2152 2158 2186 2191 2280 2281 2318 2324 2328 2383 2404 2410 2431 2466
50 3 92 94 143 169 226 293 298 337 568 584 614 621 778 797 854 976 1127 1173 1321 1325 1469 1515 1660 1671 1871 1876 1889 2001 2035 2155 2207 2209 2272 2282 2371 2389 2399 2468 2474 2489 2491 2492 2493 2494 2496 2497 2498 2499 2500
50 28 118 174 185 367 402 440 483 489 536 599 605 700 756 783 799 809 830 856 906 1001 1070 1167 1183 1185 1203 1267 1343 1390 1459 1499 1547 1567 1653 1801 1823 1842 1961 2012 2115 2188 2224 2286 2345 2353 2402 2408 2443 2447 2452
50 16 38 54 124 130 300 471 486 487 542 604 633 814 897 988 999 1120 1242 1425 1460 1461 1508 1517 1728 1756 1850 1957 2056 2086 2089 2137 2138 2239 2278 2296 2346 2374 2378 2386 2423 2439 2450 2462 2463 2465 2470 2480 2484 2485 2495
50 45 107 201 275 278 305 361 414 432 498 525 528 549 615 685 737 751 868 904 930 1013 1033 1089 1103 1164 1175 1262 1419 1491 1543 1553 1571 1584 1668 1672 1690 1694 1697 1698 1799 1828 1837 1883 1927 1941 1955 2003 2024 2047 2070
50 50 64 159 215 249 271 317 347 382 493 522 564 578 601 704 712 765 887 1020 1171 1193 1236 1247 1249 1253 1276 1289 1308 1316 1317 1366 1430 1441 1484 1536 1556 1608 1647 1654 1706 1786 1820 1849 1858 1882 1936 1987 2007 2010 2020
50 68 133 134 142 196 267 287 343 379 546 574 617 673 697 766 810 874 933 984 1047 1073 1081 1092 1122 1195 1288 1353 1435 1470 1497 1606 1715 1753 1800 1803 1827 2045 2076 2083 2120 2178 2182 2230 2243 2262 2275 2276 2317 2319 2355
50 44 89 90 100 236 318 329 348 356 381 408 531 579 593 652 670 702 716 725 748 767 776 867 876 928 939 949 990 1226 1246 1408 1417 1426 1456 1528 1570 1732 1749 1797 1873 1926 1973 1979 2013 2019 2034 2039 2106 2206 2236
50 76 182 191 268 273 334 353 462 491 513 630 639 671 707 758 785 787 808 841 861 863 905 937 953 961 1064 1139 1182 1235 1271 1293 1304 1349 1363 1416 1502 1518 1626 1632 1637 1704 1723 1810 1832 1887 1962 1992 2030 2074 2101
50 83 86 106 128 168 180 203 230 239 262 344 346 355 362 544 608 650 708 745 747 835 840 849 951 1010 1011 1056 1121 1128 1129 1196 1313 1326 1330 1413 1438 1490 1527 1540 1549 1655 1733 1780 1781 1789 1821 1843 1912 1939 1999
50 17 22 80 120 221 243 265 350 371 514 550 558 590 677 757 824 848 891 947 980 991 1000 1038 1108 1162 1176 1234 1239 1378 1384 1446 1492 1520 1670 1783 1802 1920 1923 2004 2092 2094 2114 2159 2175 2216 2308 2330 2381 2394 2413
50 13 33 49 116 136 158 223 282 335 352 425 439 504 505 506 520 580 710 735 740 750 882 914 918 923 927 935 983 1062 1106 1124 1191 1229 1240 1273 1281 1286 1305 1336 1370 1427 1457 1531 1631 1700 1757 1794 1856 1861 1868
50 2 25 40 72 147 220 301 312 358 372 392 453 465 547 561 582 607 638 828 903 956 962 1028 1054 1204 1237 1243 1257 1279 1287 1344 1369 1415 1476 1565 1598 1763 1798 1811 1885 1897 1910 1929 1969 2061 2084 2096 2113 2118 2212
50 43 150 211 219 235 250 411 634 731 759 812 857 878 917 1040 1078 1091 1105 1146 1152 1177 1315 1328 1372 1382 1387 1422 1432 1467 1642 1746 1765 1768 1834 1933 1958 2021 2049 2072 2090 2119 2135 2151 2166 2213 2336 2377 2409 2411 2416
50 18 65 127 151 205 212 213 269 339 368 460 616 655 782 798 820 948 1003 1111 1135 1151 1189 1250 1261 1298 1299 1348 1361 1362 1364 1395 1434 1445 1494 1516 1532 1544 1557 1578 1583 1674 1846 1853 1898 1949 1950 1982 2005 2025 2051
50 99 139 141 187 244 260 272 299 313 328 336 342 364 385 405 435 441 461 509 527 585 589 640 660 678 833 860 877 881 890 1016 1030 1505 1519 1563 1616 1628 1712 1787 1824 1848 1914 1934 1940 2069 2140 2192 2198 2301 2310
50 5 97 111 181 189 194 229 251 289 594 623 626 643 647 680 726 760 764 772 793 804 900 911 992 1021 1065 1079 1101 1153 1188 1199 1282 1309 1477 1580 1644 1685 1689 1754 1770 1836 1840 2088 2111 2124 2128 2149 2183 2190 2214
50 39 164 176 214 266 297 369 383 410 412 472 503 556 609 714 771 786 839 922 950 1002 1029 1044 1048 1053 1180 1255 1359 1429 1545 1597 1599 1645 1684 1692 1707 1767 1773 1796 1806 1833 1881 1900 1967 2079 2136 2160 2220 2294 2325
50 37 69 70 79 101 146 162 173 195 276 290 338 387 393 424 430 502 508 529 618 656 801 842 875 892 929 965 969 1060 1085 1094 1096 1102 1159 1296 1394 1403 1447 1466 1533 1534 1576 1790 1839 1968 2071 2126 2132 2139 2168
50 62 125 154 184 224 418 470 474 533 538 575 658 736 769 815 821 832 899 938 940 1050 1114 1211 1221 1222 1225 1306 1351 1380 1420 1423 1498 1636 1720 1724 1818 1854 1906 1932 2022 2145 2257 2302 2347 2385 2420 2426 2430 2438 2449
50 4 9 306 330 377 399 403 488 535 653 715 733 742 775 847 898 943 982 997 1025 1071 1131 1158 1178 1184 1230 1258 1283 1314 1399 1428 1480 1615 1678 1686 1718 1726 1736 1755 1924 1959 1972 2109 2156 2189 2204 2218 2273 2283 2321
50 20 197 233 295 423 540 602 619 629 659 665 668 872 883 920 994 1088 1119 1179 1186 1190 1215 1245 1310 1379 1388 1401 1404 1439 1568 1596 1619 1677 1795 1812 1841 1845 1877 1976 1978 1997 2002 2029 2044 2170 2181 2304 2364 2387 2427
50 34 41 61 104 135 179 217 279 291 292 340 341 475 657 669 754 763 1154 1213 1232 1277 1285 1301 1357 1410 1433 1562 1566 1600 1662 1817 1892 1963 2023 2032 2046 2062 2085 2180 2195 2234 2265 2311 2313 2326 2332 2344 2424 2444 2459
50 6 27 56 57 58 82 206 238 521 555 717 720 753 761 794 816 844 888 1005 1015 1074 1077 1099 1160 1278 1327 1483 1512 1594 1618 1648 1764 1788 1825 1866 1896 1966 2006 2105 2164 2205 2259 2352 2390 2392 2397 2453 2469 2473 2475
50 30 52 156 237 240 316 324 325 351 427 494 507 518 667 672 741 773 893 926 946 981 1004 1022 1112 1218 1264 1268 1269 1335 1409 1421 1431 1440 1473 1551 1552 1635 1658 1665 1680 1710 1766 1835 1935 2054 2060 2082 2134 2163 2233
50 46 60 155 257 366 378 445 458 490 519 562 625 637 642 664 675 689 699 701 705 718 966 1008 1076 1209 1220 1228 1266 1331 1458 1564 1640 1688 1699 1719 1725 1792 1844 1954 1996 2015 2026 2108 2256 2292 2350 2359 2384 2398 2401
50 12 55 67 132 157 209 280 294 322 360 373 398 417 438 448 523 573 635 721 1046 1052 1136 1291 1373 1374 1383 1443 1625 1739 1772 1855 1875 1891 1917 1948 2028 2059 2063 2127 2171 2238 2287 2342 2395 2415 2418 2437 2481 2487 2488
50 74 77 145 171 192 264 308 311 345 376 415 455 468 596 613 636 806 811 838 886 912 952 995 1069 1087 1117 1174 1238 1385 1488 1546 1581 1661 1741 1742 1752 1769 1776 1791 1805 1863 1890 1956 1988 2033 2112 2131 2251 2264 2303
