50
50 47 168 295 338 430 457 476 491 555 572 678 758 859 904 946 964 1069 1086 1124 1132 1185 1204 1238 1239 1241 1404 1458 1491 1578 1608 1630 1660 1670 1741 1768 1790 1849 1963 2104 2224 2260 2310 2323 2328 2334 2345 2356 2367 2373 2416
50 19 50 128 157 274 282 297 444 453 492 549 569 602 621 729 742 833 906 1052 1074 1125 1153 1264 1273 1385 1477 1508 1549 1551 1648 1733 1763 1838 1842 1900 1928 1981 1993 2051 2081 2101 2168 2206 2225 2272 2372 2374 2434 2441 2445
50 65 127 192 236 310 312 317 341 370 427 486 719 773 828 846 863 950 1001 1023 1103 1149 1158 1168 1173 1218 1259 1301 1303 1441 1446 1447 1493 1547 1591 1607 1689 1712 1722 1813 1865 1875 1901 1921 1953 2087 2111 2156 2180 2181 2193
50 55 198 224 233 339 360 434 451 481 497 529 543 866 870 931 1056 1064 1094 1144 1146 1171 1181 1328 1369 1380 1381 1398 1410 1470 1512 1559 1601 1621 1644 1769 1772 1841 1892 2008 2010 2041 2048 2184 2195 2257 2286 2327 2330 2370 2401
50 98 200 229 351 403 484 614 628 676 744 755 763 865 867 900 959 976 1039 1092 1126 1129 1166 1184 1271 1277 1302 1333 1439 1544 1561 1835 1844 1878 1882 1904 2050 2083 2123 2231 2235 2242 2291 2350 2352 2385 2411 2429 2433 2435 2440
50 56 93 222 313 316 364 381 382 436 503 573 577 692 796 830 1060 1150 1156 1170 1312 1318 1424 1428 1499 1503 1537 1623 1658 1678 1706 1754 1784 1826 1843 1884 1906 1929 1999 2014 2038 2074 2099 2108 2128 2177 2179 2199 2212 2244 2271
50 48 59 64 66 194 216 318 337 396 435 547 580 619 664 717 749 792 826 876 891 915 1019 1046 1300 1304 1406 1419 1443 1519 1641 1653 1661 1736 1791 1823 1830 1832 1880 1927 1982 2037 2064 2102 2115 2132 2200 2222 2284 2287 2357
50 73 96 111 123 153 207 234 266 292 301 426 440 521 811 816 822 956 1006 1041 1077 1095 1130 1167 1192 1434 1570 1573 1616 1718 1743 1756 1802 1856 1933 2019 2120 2135 2136 2201 2204 2298 2336 2359 2393 2413 2417 2426 2460 2482 2486
50 16 26 40 154 196 242 286 390 402 433 442 504 507 542 552 579 635 718 735 756 765 791 806 820 842 907 926 962 963 1013 1020 1104 1135 1338 1365 1463 1522 1546 1550 1595 1667 1683 1788 1816 1831 1876 1916 1931 1986 2031
50 91 103 172 284 344 428 514 637 809 1011 1018 1062 1072 1102 1161 1187 1219 1248 1324 1331 1399 1405 1440 1456 1488 1585 1602 1682 1755 1839 1907 2013 2042 2066 2077 2138 2338 2343 2353 2398 2419 2423 2439 2451 2454 2458 2468 2476 2484 2493
50 39 88 138 149 178 199 235 258 270 308 358 392 404 538 632 649 675 844 892 984 1082 1088 1105 1190 1203 1297 1377 1450 1462 1475 1476 1494 1510 1527 1563 1581 1597 1692 1703 1709 1748 1795 1827 1946 1949 2005 2159 2166 2266 2268
50 18 179 187 220 283 309 315 353 366 369 587 641 652 698 873 894 919 958 973 989 1047 1048 1058 1224 1268 1286 1334 1342 1403 1526 1588 1615 1629 1633 1704 1836 1867 1885 2009 2012 2040 2253 2304 2307 2319 2379 2405 2425 2428 2437
50 52 84 102 118 182 204 225 302 362 371 470 480 517 634 642 695 697 766 772 801 858 911 955 988 1033 1045 1073 1081 1221 1237 1275 1309 1310 1393 1484 1492 1594 1604 1647 1740 1771 1899 1944 2006 2055 2080 2106 2152 2214 2237
50 32 41 203 223 296 305 324 394 418 613 616 618 682 741 794 798 1004 1038 1053 1089 1182 1287 1423 1464 1528 1593 1626 1732 1777 1779 1798 1822 1859 1883 1908 1995 2046 2091 2122 2137 2182 2188 2189 2209 2215 2217 2219 2239 2247 2289
50 11 63 100 144 208 215 227 250 330 347 350 508 519 567 630 651 689 703 737 815 881 897 912 1115 1213 1283 1306 1370 1420 1478 1536 1574 1632 1645 1649 1837 1932 2011 2030 2069 2174 2250 2252 2276 2294 2321 2354 2387 2400 2402
50 22 36 54 150 177 272 372 441 477 522 544 554 612 633 733 771 804 808 823 944 982 1003 1042 1091 1230 1352 1363 1390 1437 1504 1506 1533 1569 1583 1627 1705 1731 1804 1846 1851 1863 1903 1968 1997 2020 2063 2065 2088 2203 2293
50 82 140 148 171 239 384 388 395 502 509 513 531 565 575 583 654 660 714 757 848 850 872 968 1008 1043 1133 1231 1244 1290 1294 1382 1452 1459 1482 1538 1620 1637 1665 1773 1870 1874 1898 1950 1996 2045 2057 2084 2085 2094 2098
50 53 87 125 131 166 167 174 221 238 262 334 380 387 398 408 455 469 518 533 536 545 730 760 775 847 852 905 970 1007 1044 1049 1141 1172 1216 1329 1344 1350 1432 1465 1485 1515 1530 1539 1553 1662 1663 1696 1727 1739 1761
50 20 46 110 116 173 189 280 290 376 422 537 571 586 645 690 724 762 874 899 920 924 933 954 987 1024 1121 1383 1803 1891 1922 1983 2147 2175 2240 2305 2320 2371 2375 2410 2447 2450 2477 2479 2485 2490 2491 2492 2497 2498 2500
50 34 37 139 214 248 335 352 401 512 609 669 677 743 745 761 784 824 829 860 861 930 1108 1245 1246 1263 1435 1448 1486 1532 1587 1603 1606 1624 1651 1652 1664 1750 1764 1793 1801 1918 2016 2052 2061 2071 2105 2117 2125 2146 2160
50 210 253 273 289 331 340 409 473 500 550 607 629 662 704 705 720 767 821 834 864 880 922 948 1050 1051 1090 1145 1152 1155 1262 1341 1401 1408 1425 1579 1619 1642 1643 1673 1700 1745 1873 1881 2086 2155 2190 2196 2221 2275 2280
50 38 67 68 186 191 249 279 386 391 452 478 499 670 699 731 817 996 1116 1175 1183 1249 1321 1332 1389 1496 1500 1520 1525 1564 1609 1671 1738 1742 1814 1848 1894 1902 1934 1973 2029 2090 2121 2173 2197 2213 2241 2243 2254 2325 2344
50 33 45 165 244 278 320 343 357 377 393 414 439 458 463 485 578 620 639 674 768 776 825 877 879 960 1031 1055 1110 1229 1232 1235 1276 1311 1316 1391 1413 1455 1489 1610 1622 1702 1720 1774 1940 1965 2068 2093 2246 2264 2282
50 29 74 185 259 268 271 494 534 574 597 711 725 785 903 1005 1057 1137 1179 1208 1257 1322 1361 1372 1374 1396 1418 1487 1577 1582 1590 1688 1723 1753 1778 1834 1972 1988 2018 2110 2119 2145 2226 2273 2313 2322 2335 2360 2391 2472 2473
50 15 31 42 80 90 188 230 421 429 448 461 488 498 551 617 706 827 841 916 953 979 990 1054 1080 1109 1114 1147 1176 1211 1236 1242 1319 1358 1379 1433 1481 1654 1728 1737 1765 1825 1850 1942 2022 2118 2130 2134 2186 2332 2347
50 92 94 175 197 265 321 375 397 559 576 605 658 671 694 716 748 851 893 972 1084 1099 1205 1228 1267 1298 1355 1357 1367 1371 1411 1416 1449 1555 1571 1605 1677 1767 1789 1970 1979 1991 1994 2028 2060 2062 2202 2230 2249 2312 2351
50 4 13 51 57 134 156 180 269 327 333 460 479 489 511 515 595 600 696 710 712 723 754 790 853 875 886 934 1076 1117 1164 1196 1207 1234 1280 1285 1337 1444 1445 1498 1541 1580 1631 1691 1724 1734 1758 1785 1824 1833 1919
50 137 145 159 183 202 212 218 243 361 420 526 592 644 688 707 709 715 739 797 800 917 940 957 1012 1030 1165 1243 1256 1270 1335 1376 1407 1495 1514 1600 1747 1888 1992 2003 2131 2194 2259 2274 2288 2306 2333 2363 2364 2369 2378
50 107 181 345 407 412 466 527 626 721 783 923 937 1083 1199 1307 1373 1387 1388 1395 1422 1427 1507 1513 1735 1792 2002 2007 2036 2047 2076 2154 2205 2208 2211 2309 2329 2340 2348 2361 2362 2377 2388 2407 2409 2422 2430 2446 2453 2459 2489
50 7 142 169 245 300 304 410 416 482 556 561 593 603 663 747 787 799 831 871 939 1075 1136 1226 1364 1442 1469 1480 1501 1509 1545 1584 1611 1635 1669 1711 1815 1917 1954 1987 1990 2044 2163 2171 2270 2311 2366 2376 2396 2406 2438
50 30 69 99 119 141 247 251 311 329 348 445 450 558 627 638 640 656 805 895 941 961 1087 1096 1127 1466 1479 1548 1565 1589 1618 1695 1811 1868 1896 1951 1957 1961 2078 2092 2095 2142 2169 2191 2297 2308 2381 2384 2421 2427 2448
50 21 49 62 71 76 95 108 164 307 365 406 446 474 539 546 548 594 599 610 625 672 680 685 687 836 837 862 896 925 978 1029 1093 1106 1119 1209 1472 1612 1646 1715 1752 1759 1794 1797 1840 1857 1866 1893 1909 1913 1955
50 61 112 120 135 161 219 323 355 425 582 584 608 913 993 998 1028 1071 1202 1225 1282 1356 1468 1511 1650 1668 1690 1751 1766 1845 1852 1869 1905 1920 1923 1943 2049 2107 2113 2133 2162 2164 2165 2185 2192 2232 2261 2285 2331 2355 2389
50 70 163 195 213 389 447 464 483 493 624 631 700 777 832 910 985 1002 1032 1195 1206 1247 1274 1354 1523 1599 1638 1721 1781 1787 1806 1810 1871 1890 1941 1967 1976 2004 2032 2056 2070 2072 2082 2100 2172 2258 2262 2278 2314 2316 2346
50 12 17 85 97 113 256 326 342 374 411 437 472 495 496 540 568 665 701 750 752 753 764 774 781 786 813 898 932 1021 1085 1107 1113 1194 1212 1258 1279 1284 1368 1402 1436 1451 1473 1685 1725 1817 1820 1858 1895 1897 1915
50 130 132 147 184 443 456 468 732 736 738 814 983 1066 1154 1359 1397 1521 1531 1676 1819 1879 1925 1926 2021 2024 2079 2141 2151 2176 2183 2198 2210 2218 2300 2318 2326 2341 2386 2397 2403 2404 2418 2424 2431 2452 2457 2467 2481 2487 2488
50 9 25 121 136 193 293 299 346 383 413 438 475 673 810 855 965 981 991 1112 1162 1220 1252 1293 1314 1378 1535 1540 1552 1554 1592 1617 1625 1710 1760 1776 1786 1910 1960 2017 2026 2058 2067 2096 2187 2223 2236 2256 2295 2302 2324
50 75 101 105 228 261 325 332 490 510 553 659 666 686 728 734 789 807 838 843 868 883 888 935 936 999 1000 1034 1036 1040 1059 1131 1143 1227 1296 1346 1558 1568 1640 1672 1716 1855 1872 1877 1956 1958 1964 1974 1980 1985 2001
50 83 354 373 400 467 501 516 590 611 951 967 1063 1079 1191 1217 1400 1430 1453 1461 1562 1567 1576 1655 1679 1698 1714 1807 1847 1889 1984 1989 1998 2033 2161 2265 2279 2365 2394 2436 2442 2444 2449 2456 2461 2469 2474 2494 2495 2496 2499
50 23 24 109 117 170 206 241 281 306 378 423 661 788 885 901 947 974 1015 1027 1120 1305 1339 1524 1529 1543 1560 1636 1639 1657 1680 1687 1697 1730 1783 1818 1828 1939 1971 2039 2054 2103 2112 2149 2153 2216 2228 2233 2238 2263 2290
50 1 10 78 79 126 190 217 264 275 368 520 525 563 601 636 647 693 726 854 869 884 889 1025 1061 1067 1078 1097 1151 1157 1197 1215 1326 1340 1351 1353 1394 1534 1556 1681 1701 1708 1717 1726 1744 1930 1959 1969 2000 2034 2116
50 2 5 86 122 252 328 336 359 487 523 532 562 566 591 713 740 780 795 803 887 921 942 977 1009 1134 1174 1200 1281 1315 1325 1347 1417 1421 1457 1460 1572 1659 1674 1719 1729 1746 1799 1854 1860 1862 1887 1912 1914 1937 1978
50 35 43 44 201 211 294 314 349 363 454 524 598 648 708 840 908 952 975 992 997 1188 1198 1254 1323 1349 1375 1426 1490 1497 1586 1656 1861 1938 1977 2025 2124 2158 2167 2170 2245 2267 2299 2317 2349 2368 2455 2466 2471 2475 2483
50 8 77 81 89 124 287 291 385 417 506 557 588 683 812 818 890 943 945 980 1010 1022 1100 1186 1240 1250 1253 1266 1366 1415 1431 1471 1518 1675 1694 2027 2035 2126 2127 2129 2144 2207 2339 2380 2392 2395 2412 2415 2465 2478 2480
50 3 155 162 231 246 267 288 298 405 415 471 581 655 657 691 802 995 1016 1070 1128 1138 1142 1223 1269 1272 1308 1320 1360 1409 1614 1770 1775 1780 1812 1886 1911 1952 1975 2097 2251 2255 2277 2292 2301 2303 2315 2342 2382 2390 2399
50 72 115 176 257 277 322 462 528 604 643 668 782 845 849 929 966 969 994 1068 1123 1214 1260 1289 1336 1386 1414 1483 1516 1613 1713 1757 1821 1853 1935 1945 2150 2227 2234 2281 2358 2383 2408 2414 2420 2432 2443 2462 2463 2464 2470
50 27 104 129 146 205 237 254 255 399 424 432 459 560 702 727 746 878 971 1035 1037 1101 1111 1118 1122 1160 1163 1177 1189 1193 1278 1292 1313 1343 1348 1384 1596 1598 1666 1684 1762 1782 1800 1805 1829 1864 1936 1947 2229 2248 2269
50 14 133 158 160 263 285 303 419 449 505 541 564 570 596 606 646 667 759 779 793 819 918 928 938 1014 1017 1026 1178 1255 1291 1295 1317 1330 1345 1362 1392 1412 1429 1438 1634 1686 1796 1808 1924 2043 2059 2089 2114 2143 2157
50 6 114 232 240 356 379 585 589 622 684 722 751 778 835 856 857 986 1065 1139 1148 1169 1180 1201 1222 1251 1299 1502 1566 1575 1628 1707 1749 1809 1948 1962 1966 2015 2023 2053 2073 2075 2109 2139 2140 2148 2178 2220 2283 2296 2337
50 28 58 60 106 143 151 152 209 226 260 276 319 367 431 465 530 535 615 623 650 653 679 681 769 770 839 882 902 909 914 927 949 1098 1140 1159 1210 1233 1261 1265 1288 1327 1454 1467 1474 1505 1517 1542 1557 1693 1699
