50
50 39 49 99 187 237 276 296 355 437 465 476 511 591 689 706 710 745 761 765 853 873 885 896 996 1011 1055 1144 1160 1341 1387 1409 1437 1440 1543 1557 1569 1592 1614 1687 1732 1806 1829 1881 2020 2073 2085 2211 2234 2284 2296
50 79 148 159 190 254 298 362 468 481 485 521 544 592 686 707 723 802 809 944 982 1099 1145 1186 1229 1248 1321 1467 1562 1584 1595 1598 1667 1730 1786 1801 1843 1880 1883 2071 2098 2114 2215 2231 2279 2319 2351 2414 2419 2420 2430
50 3 8 51 98 107 114 157 188 231 243 280 319 376 393 415 435 448 479 487 492 520 525 555 573 593 625 631 735 816 831 893 1017 1035 1073 1112 1142 1164 1194 1311 1357 1383 1405 1425 1461 1464 1594 1603 1629 1680 1688
50 12 17 50 94 178 195 205 328 417 473 534 560 771 793 796 869 926 968 1044 1050 1053 1089 1104 1173 1198 1200 1259 1346 1381 1401 1499 1511 1516 1549 1673 1674 1759 1784 1785 1837 1844 1918 1954 1972 2063 2193 2207 2225 2274 2275
50 23 46 71 76 112 122 127 189 239 241 259 278 293 303 316 346 347 367 370 434 438 480 523 850 889 1007 1041 1093 1201 1302 1446 1449 1556 1636 1638 1863 2004 2018 2030 2031 2094 2128 2135 2143 2147 2166 2172 2217 2292 2294
50 20 155 169 194 286 314 360 423 432 554 618 649 673 704 738 739 741 784 857 860 888 917 1004 1023 1174 1286 1291 1294 1301 1412 1417 1484 1489 1493 1548 1570 1578 1602 1702 1796 1827 1894 2106 2108 2229 2261 2381 2390 2404 2413
50 4 82 88 102 109 110 130 137 150 174 313 380 411 583 598 787 879 918 994 999 1059 1069 1176 1269 1273 1318 1359 1390 1421 1497 1512 1521 1539 1571 1601 1613 1621 1637 1643 1661 1733 1775 1787 2165 2186 2282 2303 2330 2338 2378
50 14 30 41 123 228 251 320 335 350 353 494 532 545 579 581 603 684 755 808 841 851 903 909 935 951 1025 1182 1220 1233 1347 1443 1508 1550 1587 1612 1642 1743 1753 1754 1861 1879 1892 1897 1914 1966 2001 2083 2107 2153 2196
50 86 93 136 215 218 262 385 427 439 449 455 586 607 609 637 864 908 913 959 960 1005 1038 1051 1067 1078 1155 1190 1209 1232 1249 1351 1369 1392 1426 1475 1483 1541 1574 1615 1645 1682 1699 1725 1731 1758 1761 1777 1833 1836 1874
50 54 66 146 158 199 412 436 474 493 496 582 617 665 762 861 973 983 993 1015 1040 1123 1140 1165 1204 1219 1356 1492 1526 1542 1591 1696 1705 1750 1770 1772 1789 1803 1810 1953 2051 2079 2109 2254 2285 2357 2402 2410 2415 2437 2450
50 47 120 125 246 310 395 399 419 509 838 848 855 914 916 931 1006 1037 1052 1056 1095 1243 1251 1319 1455 1513 1552 1737 1748 1782 1819 1847 1921 1926 1964 1987 1998 2015 2117 2144 2183 2224 2256 2265 2306 2307 2317 2349 2373 2376 2418
50 106 151 163 181 204 221 250 317 402 425 475 566 695 705 711 719 733 740 773 776 835 858 887 905 932 1014 1031 1081 1083 1103 1117 1133 1157 1181 1188 1191 1265 1349 1372 1376 1495 1514 1572 1632 1689 1694 1703 1790 1834 1933
50 16 56 60 65 113 140 153 275 357 389 499 524 563 576 578 634 878 891 920 1072 1086 1143 1228 1313 1323 1389 1452 1515 1524 1546 1586 1611 1762 1771 1840 1841 1849 1862 1890 1893 2060 2091 2127 2198 2219 2252 2295 2324 2334 2345
50 37 73 117 133 176 302 447 459 512 543 594 602 712 791 872 882 898 998 1019 1054 1127 1187 1208 1253 1304 1498 1676 1700 1715 1716 1718 1744 1802 1832 2058 2093 2164 2185 2208 2212 2220 2242 2247 2257 2277 2286 2335 2370 2377 2475
50 9 97 179 180 206 222 398 489 561 585 653 661 691 697 764 813 852 937 947 953 1227 1295 1352 1406 1438 1460 1538 1581 1605 1610 1617 1721 1726 1763 1866 1938 2042 2077 2152 2191 2221 2290 2323 2362 2363 2367 2382 2469 2476 2479
50 5 38 85 165 177 266 343 352 426 490 567 568 615 630 641 726 892 961 1000 1110 1148 1169 1215 1293 1329 1344 1397 1568 1701 1932 1942 2013 2148 2170 2233 2238 2253 2262 2267 2339 2343 2391 2417 2456 2477 2488 2491 2498 2499 2500
50 213 238 245 271 292 308 374 442 458 571 612 640 656 670 692 752 782 928 989 1065 1120 1139 1172 1178 1192 1288 1315 1322 1324 1340 1422 1435 1445 1466 1573 1607 1646 1695 1719 1773 1903 1911 1951 1989 2006 2049 2076 2116 2119 2139
50 24 131 216 217 295 300 325 453 464 539 542 580 610 669 678 1064 1075 1077 1084 1130 1152 1202 1231 1275 1330 1368 1411 1430 1453 1482 1490 1505 1525 1531 1558 1618 1662 1692 1693 1717 1736 1915 1934 1949 2065 2066 2089 2105 2145 2160
50 32 83 161 162 255 281 311 342 387 397 420 430 667 703 709 742 751 859 880 881 884 919 929 1062 1098 1105 1156 1175 1207 1245 1303 1312 1350 1364 1486 1509 1544 1561 1704 1735 1778 1961 2027 2044 2069 2155 2157 2167 2205 2249
50 135 143 209 219 225 261 274 294 306 354 394 495 513 519 627 666 668 683 693 721 806 817 826 934 972 980 1115 1126 1162 1212 1235 1266 1360 1385 1398 1420 1428 1532 1631 1677 1698 1780 1792 1805 1820 1851 1898 1940 1984 2059
50 15 21 154 240 249 331 377 451 516 690 715 814 962 977 1020 1137 1195 1262 1270 1277 1299 1308 1310 1456 1507 1577 1641 1647 1651 1654 1656 1710 1746 1823 1877 1971 1982 1991 2024 2072 2086 2090 2142 2175 2180 2250 2271 2278 2310 2315
50 28 52 91 132 152 168 193 208 220 227 340 383 401 403 484 503 677 727 731 754 842 844 849 862 963 981 1039 1042 1203 1267 1325 1333 1336 1348 1414 1634 1657 1666 1734 1864 1901 1929 1946 2002 2043 2062 2087 2096 2199 2216
50 6 62 96 121 147 192 304 307 364 372 375 388 421 529 562 674 730 736 780 803 846 874 940 1012 1096 1222 1332 1354 1374 1479 1503 1504 1529 1545 1821 1824 1904 1927 1974 1995 2034 2041 2129 2251 2266 2293 2325 2342 2346 2354
50 29 138 244 263 309 323 361 386 409 418 440 491 536 608 636 725 832 895 975 1179 1180 1199 1224 1388 1419 1427 1537 1547 1658 1756 1905 1907 1908 1969 2056 2061 2184 2195 2236 2297 2320 2322 2372 2380 2388 2409 2442 2480 2492 2496
50 2 95 128 156 173 207 373 424 444 471 482 527 547 597 600 743 801 1074 1079 1131 1158 1205 1255 1297 1448 1465 1468 1555 1560 1648 1660 1740 1867 2082 2099 2133 2260 2289 2308 2321 2348 2355 2416 2426 2440 2460 2466 2478 2490 2494
50 184 214 253 345 356 450 526 533 565 650 753 789 800 823 828 834 847 912 942 958 974 1128 1189 1223 1377 1396 1400 1454 1487 1604 1766 1793 1845 1858 1906 1910 2028 2081 2179 2192 2194 2201 2202 2244 2387 2394 2399 2411 2470 2474
50 35 69 478 558 613 628 680 687 777 788 969 1225 1276 1292 1296 1375 1447 1471 1528 1580 1619 1628 1675 1691 1751 1769 1797 1838 1868 1886 1913 1916 1939 1956 1957 1970 2014 2021 2026 2050 2054 2189 2222 2287 2366 2389 2405 2441 2468 2482
50 25 40 68 103 116 233 334 378 454 460 467 688 722 923 925 933 971 988 1087 1246 1247 1331 1358 1444 1473 1488 1522 1644 1669 1779 1809 1976 2110 2141 2151 2162 2218 2276 2301 2337 2341 2358 2398 2408 2447 2449 2452 2453 2463 2497
50 67 70 182 321 359 368 369 405 413 633 758 792 819 911 966 1021 1261 1326 1338 1395 1402 1413 1429 1439 1684 1714 1720 1764 1774 1783 1899 2003 2019 2052 2074 2159 2174 2177 2255 2258 2273 2340 2359 2368 2386 2407 2451 2454 2461 2483
50 64 141 232 391 433 456 574 577 596 663 774 870 987 995 1068 1070 1136 1241 1244 1279 1373 1408 1496 1765 1768 1804 1828 1850 1878 1967 1992 1994 2075 2103 2156 2232 2300 2309 2326 2364 2375 2379 2401 2421 2431 2443 2472 2484 2486 2493
50 22 26 175 212 230 365 414 590 655 675 696 781 798 836 863 922 955 1008 1033 1106 1193 1214 1218 1237 1280 1285 1300 1355 1366 1423 1470 1533 1708 1713 1747 1842 1968 2022 2036 2104 2126 2241 2269 2313 2318 2329 2344 2347 2365 2392
50 33 126 164 269 273 277 318 338 431 557 698 805 811 843 890 1151 1166 1217 1236 1283 1309 1345 1432 1472 1502 1517 1575 1589 1630 1685 1724 1895 1941 1955 1963 2047 2048 2111 2115 2138 2246 2312 2316 2374 2403 2445 2459 2464 2471 2473
50 11 42 43 63 75 124 166 203 224 267 332 336 396 428 429 443 452 463 531 541 708 714 778 797 883 950 970 1049 1082 1149 1168 1271 1410 1469 1506 1519 1559 1596 1627 1653 1707 1712 1831 1871 1947 1962 1977 2057 2190 2237
50 53 84 101 119 236 252 501 570 572 700 716 717 720 748 763 812 967 992 1002 1043 1125 1146 1167 1362 1365 1474 1585 1588 1606 1649 1711 1729 1741 1742 1752 1767 1798 1945 2008 2070 2124 2187 2259 2360 2397 2406 2428 2481 2489 2495
50 72 90 111 142 201 297 305 324 330 500 506 515 643 672 854 1016 1026 1045 1138 1153 1314 1337 1370 1379 1386 1394 1457 1553 1697 1791 1818 1875 1888 1920 2092 2131 2163 2197 2200 2213 2248 2268 2384 2412 2435 2436 2458 2467 2485 2487
50 171 283 349 446 621 747 760 766 804 984 991 1108 1121 1197 1281 1298 1306 1320 1371 1378 1404 1434 1458 1622 1663 1757 1811 1835 1909 2011 2038 2055 2095 2123 2136 2173 2188 2209 2223 2228 2245 2327 2333 2353 2361 2383 2396 2424 2425 2427
50 31 59 129 145 196 234 248 279 381 382 461 466 472 517 518 530 549 575 589 619 657 759 767 875 954 1048 1076 1090 1111 1242 1257 1343 1353 1462 1478 1520 1566 1583 1608 1635 1686 1709 1799 1822 1869 1889 1948 1999 2009 2040
50 172 183 197 211 272 315 327 392 470 502 537 538 622 624 647 660 671 702 728 839 902 945 952 978 985 997 1003 1061 1238 1264 1272 1335 1625 1813 1979 1996 2023 2053 2068 2097 2118 2122 2169 2227 2239 2283 2336 2385 2393 2432
50 34 58 74 115 118 210 270 348 416 483 514 635 757 783 785 897 921 1024 1027 1132 1134 1163 1234 1250 1254 1258 1380 1403 1481 1597 1633 1679 1749 1839 1870 1919 1944 1978 2080 2178 2210 2226 2314 2328 2331 2332 2352 2356 2371 2400
50 7 57 108 258 301 358 504 507 552 553 559 642 685 907 936 957 965 990 1018 1047 1109 1124 1129 1177 1211 1240 1256 1260 1287 1317 1367 1459 1500 1518 1534 1590 1706 1776 1788 1807 1808 1814 1872 1885 1912 1922 1935 1936 1988 2029
50 10 19 55 160 170 235 326 363 379 410 422 469 564 587 626 645 652 724 769 867 871 930 1036 1071 1092 1122 1206 1230 1282 1477 1494 1593 1609 1665 1812 1891 1896 1960 2005 2017 2084 2101 2102 2125 2158 2263 2272 2280 2298 2302
50 13 45 100 167 242 312 329 556 595 601 616 734 737 768 815 821 825 845 856 941 986 1058 1094 1097 1107 1135 1161 1171 1183 1196 1210 1221 1268 1307 1363 1384 1540 1554 1576 1600 1616 1652 1655 1755 1816 1854 1882 1923 1959 1981
50 77 186 191 229 247 287 341 605 611 632 795 868 924 956 979 1102 1150 1154 1316 1393 1399 1510 1565 1582 1728 1800 1846 1900 1902 1917 1924 1937 1952 1993 1997 2037 2067 2230 2264 2291 2304 2305 2311 2422 2433 2448 2455 2457 2462 2465
50 144 223 282 384 457 510 681 694 770 866 876 886 901 904 906 915 927 946 1046 1274 1290 1339 1391 1451 1485 1491 1527 1535 1551 1563 1639 1727 1760 1815 1825 1855 1873 1928 1930 1990 2025 2035 2078 2130 2149 2168 2181 2203 2206 2243
50 134 198 260 265 268 289 291 406 441 462 497 508 522 644 654 659 682 713 790 822 837 900 964 1028 1119 1278 1361 1382 1681 1722 1781 1973 1980 2012 2045 2064 2113 2140 2150 2161 2176 2235 2395 2423 2429 2434 2438 2439 2444 2446
50 1 48 78 80 92 105 200 284 548 550 588 651 664 676 749 772 810 820 894 899 910 948 1001 1032 1091 1159 1184 1327 1342 1442 1501 1523 1683 1848 1860 1876 1931 1943 1975 2032 2088 2121 2204 2214 2240 2281 2288 2299 2350 2369
50 18 27 61 226 285 290 337 351 445 477 488 498 528 535 599 604 606 620 639 729 732 779 799 824 877 938 1010 1030 1063 1088 1116 1226 1289 1407 1476 1480 1579 1620 1664 1670 1745 1826 1857 1983 2010 2039 2046 2100 2112 2182
50 89 139 149 202 256 299 333 366 404 584 623 662 679 746 775 786 794 818 830 939 943 976 1013 1085 1239 1263 1305 1328 1334 1415 1416 1418 1431 1433 1463 1536 1650 1671 1672 1678 1817 1830 1856 1965 1985 2000 2033 2134 2171 2270
50 36 44 81 87 104 185 288 322 339 344 408 486 505 569 629 638 701 718 750 756 840 865 1022 1034 1066 1147 1213 1216 1284 1424 1441 1567 1623 1624 1659 1668 1690 1723 1738 1795 1852 1887 1986 2007 2016 2120 2132 2137 2146 2154
50 257 264 371 390 400 407 540 546 551 614 646 648 658 699 744 807 827 829 833 949 1009 1029 1057 1060 1080 1100 1101 1113 1114 1118 1141 1170 1185 1252 1436 1450 1530 1564 1599 1626 1640 1739 1794 1853 1859 1865 1884 1925 1950 1958
