37
46 9 50 112 149 245 262 280 301 368 499 530 541 583 607 610 634 647 665 746 747 783 855 869 881 887 913 924 927 952 965 972 977 978 1014 1017 1028 1035 1046 1047 1053 1054 1056 1058 1063 1064 1065
29 74 96 113 127 185 213 439 457 538 563 569 581 616 654 659 688 697 704 709 712 716 724 774 784 789 790 815 818 846
50 98 141 216 249 359 387 468 470 522 539 554 559 568 580 599 669 720 728 739 764 782 795 814 845 853 870 888 891 900 916 932 939 945 953 958 973 979 982 991 1003 1021 1022 1030 1036 1040 1048 1052 1055 1060 1061
24 4 92 95 153 175 182 196 230 243 272 293 327 329 366 403 464 529 594 609 619 650 676 686 785
35 1 57 111 209 255 257 284 320 383 419 430 434 520 527 549 578 675 694 700 718 719 722 725 763 773 779 798 802 810 825 840 851 856 860 867
44 5 6 71 150 169 224 240 281 314 358 377 456 462 481 533 540 577 627 631 649 691 745 769 803 838 842 862 875 899 906 908 922 926 937 940 962 971 974 988 1004 1019 1023 1031 1042
42 7 97 147 217 234 248 265 386 445 472 477 537 544 660 662 663 706 733 765 772 791 794 801 848 852 902 905 907 912 917 923 928 943 961 968 969 987 994 1006 1011 1016 1020
41 26 51 59 162 193 263 268 323 346 350 444 450 455 503 514 521 523 542 586 642 685 687 702 707 708 734 744 776 780 799 819 826 837 886 895 909 949 959 963 981 990
18 8 22 31 60 85 197 211 215 261 360 435 451 504 546 547 564 608 658
21 11 46 68 116 164 178 202 205 208 247 279 296 303 330 338 342 371 409 410 443 484
48 83 93 105 134 135 242 453 459 476 501 571 576 611 657 684 689 735 749 758 771 821 827 843 882 901 903 911 925 938 947 956 966 983 986 996 997 1010 1013 1025 1032 1038 1043 1044 1045 1049 1050 1057 1062
12 76 81 82 121 131 138 155 232 275 337 340 491
26 23 35 73 84 88 104 120 214 251 269 271 291 307 319 353 357 373 380 388 414 448 458 483 508 526 592
33 14 34 200 254 256 267 318 370 412 423 482 567 574 590 632 713 730 752 767 841 849 866 879 889 898 915 920 930 931 934 948 993 999
12 18 20 48 148 229 352 422 465 485 512 532 534
30 12 24 62 106 114 123 140 156 166 186 305 341 356 399 415 452 486 502 531 561 588 643 655 671 731 741 742 750 753 778
43 47 63 117 118 157 228 288 297 317 354 402 417 432 490 516 555 570 630 648 672 682 690 743 781 796 800 807 816 828 835 857 865 892 933 950 955 967 980 984 989 995 1000 1001
24 75 192 199 206 287 312 374 392 437 488 515 556 582 585 602 635 641 652 653 668 751 760 762 766
11 21 37 40 128 144 170 266 328 331 335 420
35 54 70 122 154 201 210 221 286 381 418 433 474 480 511 517 550 620 622 623 699 717 740 756 770 788 823 830 871 893 910 914 918 919 951 957
30 30 52 91 103 145 207 278 294 334 344 391 416 466 478 479 498 535 558 596 598 613 626 629 638 640 651 667 680 721 732
14 19 39 45 101 146 176 177 189 204 250 253 282 302 313
16 64 124 139 172 174 190 298 310 473 495 507 562 587 601 612 615
25 49 53 86 107 136 173 198 223 227 237 239 322 347 396 426 461 471 492 513 528 543 605 639 693 696
12 13 41 69 191 273 289 304 316 324 348 355 372
12 87 99 137 276 290 332 351 390 393 404 411 427
18 16 29 77 79 109 151 152 183 187 246 321 364 385 389 407 425 428 441
36 3 44 72 80 110 115 130 142 163 195 220 233 258 398 401 506 509 510 519 524 575 603 621 628 677 692 727 738 748 768 833 834 839 894 929 935
50 10 65 66 158 226 241 300 308 311 429 442 446 493 565 573 579 604 701 705 711 723 787 792 805 812 820 831 844 850 872 874 878 885 890 897 964 970 985 992 998 1005 1007 1008 1009 1012 1026 1029 1037 1039 1041
30 61 160 171 225 231 244 259 339 363 369 421 431 449 469 489 536 548 595 600 606 614 644 673 681 683 710 737 755 793 806
17 17 28 32 33 42 100 102 143 181 194 274 345 361 365 400 413 424
47 2 58 238 295 299 326 378 384 408 440 463 467 500 572 645 656 661 664 679 698 703 757 759 775 786 809 817 832 858 861 876 884 921 942 946 960 975 976 1002 1015 1018 1024 1027 1033 1034 1051 1059
49 89 90 165 188 235 325 336 343 375 382 438 518 525 551 553 557 560 589 591 593 617 624 637 666 674 695 714 715 726 754 761 777 797 804 811 824 829 847 854 859 868 873 883 896 904 936 941 944 954
18 27 38 43 78 126 159 161 167 184 260 292 333 379 394 397 487 494 497
20 25 125 212 218 219 285 309 315 406 475 496 505 545 552 584 597 618 625 633 636
35 15 36 55 56 67 129 132 133 203 264 277 306 349 362 367 376 395 436 447 454 460 566 646 670 678 729 736 808 813 822 836 863 864 877 880
12 94 108 119 168 179 180 222 236 252 270 283 405
