50
50 -42 22 -5 7 -10
34 -46 48 -8 -9 1
-42 4 -10 6 -5 7
-22 -58 18 10 4 -3
-38 4 42 5 -8 4
-46 26 20 7 -5 3
48 -50 -34 6 10 -6
-66 -48 62 8 -9 8
28 12 26 -6 4 1
2 -46 20 -4 10 -7
-50 22 -36 2 10 8
-14 -8 -6 10 -10 -7
54 -16 -48 -7 2 -10
20 -64 -2 8 -9 -5
-50 66 -58 3 6 2
20 46 52 1 9 -2
30 12 10 3 1 9
-10 34 -38 9 5 -2
26 -50 54 -4 -8 0
-10 -6 -48 7 -2 2
-38 62 10 4 7 -2
66 56 66 -5 -10 7
56 24 50 8 -6 -5
-8 56 30 10 -1 -7
-30 -38 -54 -6 -1 9
-6 2 -24 2 -6 -7
22 34 58 4 9 3
-8 24 66 1 10 -1
48 -28 36 4 8 0
-8 -42 -38 -5 -3 10
-30 44 56 7 -10 -5
-60 42 4 -8 -9 -5
64 -58 -18 3 6 -3
18 50 8 9 -10 -8
6 54 20 -6 6 -4
-44 36 -18 -10 -9 -4
-16 -34 -26 -4 8 -2
26 -38 -28 -4 -5 -9
14 -16 2 5 1 -5
-52 -8 4 10 -5 -7
38 -44 10 4 8 10
22 -50 -64 -10 3 4
40 64 42 -4 5 -1
40 26 54 -6 7 10
-44 -48 -46 -5 -3 -1
50 -38 -4 5 1 4
-38 -22 42 -5 -6 -9
-42 -6 28 -9 -5 -1
42 -8 -50 -3 -9 10
60 -44 -16 -6 4 7
