50
62 56 12 -2 -10 2
-10 -44 56 -7 -6 -7
-20 -10 -24 0 -5 -10
28 34 -62 2 3 4
10 16 54 -9 -3 -4
10 48 -4 -8 -5 -10
64 34 48 2 8 -2
-50 -64 -38 -8 1 1
50 8 12 0 2 -10
58 42 -62 10 -8 10
-50 -60 -48 -5 7 0
34 36 56 -3 7 4
-62 -34 28 7 3 9
-52 -40 30 -9 -4 -4
-40 2 -42 1 5 9
-52 -10 -56 -2 4 -10
56 58 60 -4 3 -1
52 12 -28 -4 10 -6
42 -10 42 -4 4 0
-62 0 18 6 7 -1
40 50 12 3 -2 9
-30 -38 -48 -10 -4 -2
34 50 -32 3 9 -5
56 30 50 10 -9 -7
-26 -22 -46 -10 10 -10
26 64 -54 10 4 10
-10 52 32 -2 9 10
-54 -16 -2 2 3 -6
-46 -2 -66 6 -5 1
-34 54 38 10 7 -3
-44 -2 64 9 5 -10
-52 22 -38 10 3 -8
-52 48 -12 1 3 -4
-46 42 0 2 9 -4
12 -2 8 3 -4 -9
58 -36 -60 2 -10 -1
-6 -58 8 -10 -7 4
-66 14 50 -9 -1 10
-6 60 -12 -8 5 -10
32 2 32 -4 7 5
62 -4 28 -4 -6 -4
52 -24 -20 1 5 9
-2 56 60 9 -1 -7
-22 54 22 1 -1 -8
36 -46 -10 0 10 -7
-26 42 -18 1 -3 -10
14 -20 -54 9 3 -6
-16 30 -40 4 10 0
6 -42 -10 9 5 3
52 32 -2 9 -4 0
