50
74 -11 -45 1 -3 -1
7 92 -80 8 -7 3
-1 39 92 7 -9 -7
-1 99 41 -7 -2 -2
74 -70 75 -1 3 1
-17 -83 -62 -2 10 -3
-80 -5 -92 7 -6 1
35 50 51 5 -1 -7
-8 77 -26 9 -3 0
-33 -18 23 0 -5 4
67 -7 -72 -3 -8 8
5 96 -62 1 0 10
-8 42 49 -6 -3 2
9 -66 2 0 -1 6
-17 -18 -58 3 6 -3
96 1 -47 0 -4 7
0 -54 -76 -4 7 -2
-68 77 33 8 2 0
32 -22 33 -3 -7 0
-61 90 32 -2 -3 1
24 -25 85 3 -3 -1
-34 -88 -27 8 2 -3
-3 75 -9 9 -7 4
-5 73 95 8 -4 -3
-14 -81 -37 6 3 10
-17 -16 9 -6 -1 4
38 -16 -95 -1 6 0
71 86 89 3 -7 -4
-37 -74 22 8 8 -9
3 35 98 4 -4 0
12 59 12 1 3 4
96 -22 -80 -1 8 4
-46 -12 43 2 -6 2
64 12 71 -6 8 -7
82 -54 -28 -2 8 -5
2 -47 -67 7 -2 7
-57 6 30 7 -7 4
22 84 -89 -8 0 9
-33 58 9 9 -8 -7
-43 57 -56 9 0 -1
55 61 53 3 -10 -5
51 -19 96 -5 9 -3
15 -31 -23 -5 5 -6
-89 -93 -12 -1 5 4
12 99 42 7 -5 0
38 27 37 -5 7 -3
83 -25 -12 -4 10 -2
-14 0 -45 -7 0 0
-52 1 -56 5 -7 -1
-25 4 34 3 9 -4
