48
36 -28 40 10 2 5
-12 32 66 7 -4 -8
-64 18 -22 0 0 -6
2 62 34 4 -2 10
-48 46 -12 2 -9 -2
-62 -64 -12 -2 1 10
62 -28 56 0 8 9
0 -22 36 0 3 5
-24 -16 -20 -5 3 -5
48 -26 -52 1 7 4
-30 -64 -2 2 9 -1
-58 2 48 -8 -7 6
-16 -12 10 2 9 -6
-14 -4 -48 -9 2 -10
-38 4 10 4 3 1
2 -22 -48 6 3 7
4 -16 44 -10 8 -5
-4 -44 -14 -5 10 0
-10 -40 -16 -4 -3 -9
12 -56 -40 6 -7 -2
-34 20 -58 9 1 -7
64 58 32 2 -2 3
-22 -66 -28 3 4 10
32 -58 66 5 8 8
36 -34 32 6 4 1
-2 10 -8 -10 4 -2
44 54 -12 -3 5 5
34 14 -26 -1 4 9
-10 50 -16 3 -6 7
-56 -16 60 5 4 5
12 -48 -26 -9 1 5
-22 -18 -4 4 -1 3
60 2 -10 -7 -2 -1
-42 -58 -38 -5 -3 9
58 38 42 3 -7 10
6 8 -36 -3 2 -4
56 46 -6 4 6 6
66 -54 42 8 -9 -4
-4 -18 -14 -3 -9 4
36 2 -10 -2 -7 4
-48 -28 22 5 1 -7
-50 10 50 -10 -10 -6
-26 -32 -36 -5 1 10
8 40 -16 -7 -1 1
-24 -2 44 6 1 3
-32 34 58 -1 3 -8
-4 -14 62 2 -7 -7
-8 54 -24 0 -10 -6
