50
50 10 -28 75 16 -43
-22 -56 -46 -33 -83 -70
14 58 -8 21 88 -13
60 64 -64 90 97 -97
-24 66 20 -36 100 29
-54 -16 -16 -81 -23 -25
0 -58 -62 0 -86 -94
0 -62 -18 0 -92 -28
64 -22 -54 96 -32 -82
-54 58 -32 -81 88 -49
8 48 24 12 73 35
-62 -34 -64 -93 -50 -97
10 42 -4 15 64 -7
-48 -40 64 -72 -59 95
-40 48 -22 -60 73 -34
10 -12 52 15 -17 77
44 -56 24 66 -83 35
-12 44 4 -18 67 5
-12 -46 44 -18 -68 65
4 18 -38 6 28 -58
14 -14 16 21 -20 23
56 -10 4 84 -14 5
54 10 0 81 16 -1
56 -20 -36 84 -29 -55
-16 2 34 -24 4 50
-4 -32 16 -6 -47 23
36 -64 32 54 -95 47
-28 28 44 -42 43 65
-30 64 -54 -45 97 -82
-12 -40 -10 -18 -59 -16
2 20 26 3 31 38
42 -52 64 63 -77 95
40 8 -22 60 13 -34
44 -18 12 66 -26 17
-64 24 -46 -96 37 -70
46 -14 58 69 -20 86
-26 -30 30 -39 -44 44
-52 2 -20 -78 4 -31
56 -50 -18 84 -74 -28
36 -60 -28 54 -89 -43
-54 38 8 -81 58 11
-62 40 -46 -93 61 -70
0 54 -42 0 82 -64
36 -34 -36 54 -50 -55
14 54 24 21 82 35
42 44 -18 63 67 -28
18 -12 -66 27 -17 -100
48 66 14 72 100 20
38 -60 18 57 -89 26
-40 42 -36 -60 64 -55
