50
-62 -22 -44 -3 -9 7
10 -44 44 8 2 4
14 30 -10 5 6 3
36 -4 -28 10 6 -3
60 -22 -62 -4 6 -6
-48 -26 26 5 9 -6
-42 -50 -18 6 -1 -4
-60 38 62 -7 -9 -9
26 -52 28 3 -7 -1
28 18 22 2 0 2
-22 60 0 9 1 7
26 -22 -32 -4 -4 2
-58 -2 -22 6 -2 -5
-40 8 40 1 -7 6
-8 -52 -6 7 1 -8
8 -40 -62 -5 6 2
54 4 26 -1 5 -8
64 64 56 2 -5 -2
52 -60 40 7 10 10
14 48 -66 -2 1 -5
-56 36 50 -2 9 3
46 54 2 -6 4 -2
4 12 14 6 -2 3
-4 -48 12 -10 -1 10
42 -24 8 -5 6 7
26 -4 66 5 7 6
-22 -58 -28 -7 -7 7
30 -30 -60 -6 -10 6
28 -20 -42 8 -8 0
-52 -34 60 8 -7 -4
-26 -58 34 4 5 -5
-62 -26 32 -8 -3 9
12 28 -60 7 -5 -7
4 -38 56 -8 8 -10
6 -40 36 -9 4 3
12 24 66 6 3 0
58 30 2 9 -9 -5
-8 56 -16 5 5 1
-14 28 -36 -1 3 3
44 44 -10 -5 0 9
38 -34 -26 -5 -2 0
-24 -32 20 3 -6 -10
16 -26 -46 -9 -5 6
-28 -42 44 3 2 3
-44 36 48 9 -7 -5
-18 -50 22 1 -9 6
-24 20 -48 8 7 -6
4 38 0 -3 -2 10
-28 34 -2 7 5 -2
52 -12 48 -3 -2 -4
