50
-64 -36 -20 -6 -8 0
-54 64 -40 -1 7 -5
-6 36 -36 0 0 7
-8 12 -60 2 -8 -1
34 42 54 -5 9 -7
32 8 -18 6 1 8
26 26 40 9 3 7
-18 -26 -52 -5 4 -9
10 62 -48 3 8 10
26 26 66 2 -1 6
-56 -66 38 0 -10 -8
-52 -52 -56 -6 -4 8
4 62 -60 6 5 6
-50 0 -52 3 -1 2
-26 56 -60 -9 10 -2
46 -42 -18 -9 -6 0
-44 56 -42 -5 4 1
12 50 -26 10 -4 -8
-54 -58 56 7 -5 -5
14 28 38 -8 6 7
-2 -10 -32 -7 -2 8
44 12 -4 -10 6 8
54 54 24 -9 -3 10
50 -44 -54 0 0 5
60 -56 -14 5 0 -1
40 20 -10 8 5 -10
24 -58 22 -8 9 1
32 52 12 2 -6 -7
-10 56 52 2 4 8
64 -10 28 -10 -2 2
-26 60 -52 -1 -8 -10
-62 -28 -20 -5 -4 -2
-58 18 46 -10 7 8
-14 -26 32 8 10 8
-6 -28 2 6 1 -1
-46 -24 26 10 -7 -8
10 -52 -4 -8 -2 -4
0 -4 12 10 -9 0
-30 10 -40 -2 -2 -8
44 28 48 -5 -9 -3
-56 -66 6 -7 -5 -10
-4 38 -42 5 5 -1
58 48 -10 6 10 5
54 -64 66 9 8 1
64 8 4 -7 1 7
24 18 -22 -8 -6 3
26 28 44 -3 8 5
58 -2 -8 -9 1 -8
-50 4 -18 -6 -4 3
2 40 -30 8 6 6
