50
10 14 64 -4 -1 3
-60 -60 18 -9 -3 -3
64 64 56 -8 -3 -3
-2 50 -38 6 -1 6
58 -48 46 2 -2 6
34 32 48 -10 -4 10
-60 48 -54 8 7 1
38 62 0 -1 7 7
-52 36 -4 6 -1 -9
44 -46 28 -4 -2 -10
10 -6 30 4 -3 -6
52 -4 -18 3 10 5
52 -24 -24 -1 -10 -10
-30 20 22 9 -9 -4
-66 66 36 -9 -2 -7
44 0 -16 4 -1 -8
18 18 -22 10 7 -2
22 16 0 4 2 3
-12 -52 -40 10 -8 -1
-4 -54 -60 8 0 -2
-4 -2 58 10 4 2
48 -26 10 0 -9 10
-52 -10 -18 -9 8 -4
2 -28 -2 -9 -8 -2
-50 62 6 -7 3 -6
-12 -28 56 -3 -8 -8
36 -38 14 6 2 1
-10 62 48 -9 10 -4
-10 60 -58 -3 6 -2
54 -24 -64 -10 -9 -7
-8 -2 38 -2 -7 1
-54 -48 18 -5 7 9
56 14 -10 -4 -7 0
-32 10 -34 -2 -10 -10
24 64 -44 10 9 10
-4 -44 12 7 6 -10
-30 -22 24 -10 -7 5
-50 -12 -16 8 3 -1
-64 66 -26 7 -3 -4
30 58 2 4 -4 -5
8 -58 -44 5 0 -10
10 -2 -58 -6 -1 -6
58 -18 -56 -4 -4 -2
-62 42 -46 -2 9 2
-50 16 30 2 0 -6
-12 66 -48 0 -9 8
-6 -62 38 -1 -3 -4
38 -42 16 -2 -4 -2
28 -60 -28 -4 -1 -1
-58 0 42 -10 7 7
