50
-46 51 69 0 0 0
91 35 -61 0 0 0
28 -26 -23 0 0 0
10 -15 -92 0 0 0
31 10 33 0 0 0
-14 0 35 0 0 0
1 49 -99 0 0 0
95 -85 44 0 0 0
86 -25 -10 0 0 0
52 -65 87 0 0 0
59 44 36 0 0 0
-34 83 58 0 0 0
24 75 -49 0 0 0
-73 -28 -52 0 0 0
-36 5 -70 0 0 0
32 -81 43 0 0 0
42 -72 42 0 0 0
84 -22 87 0 0 0
60 52 -60 0 0 0
6 80 -44 0 0 0
-57 -72 -35 0 0 0
-97 -25 -90 0 0 0
88 -85 -78 0 0 0
-1 81 -52 0 0 0
-41 -47 -6 0 0 0
-14 -33 43 0 0 0
-51 -52 39 0 0 0
92 -20 -19 0 0 0
-39 -61 49 0 0 0
-45 -22 -68 0 0 0
86 93 -7 0 0 0
-5 -85 68 0 0 0
69 -62 57 0 0 0
-63 68 4 0 0 0
55 60 -6 0 0 0
92 91 51 0 0 0
-31 25 8 0 0 0
4 69 -22 0 0 0
-78 -89 -37 0 0 0
-84 51 92 0 0 0
-7 -85 25 0 0 0
-10 19 -13 0 0 0
79 19 -44 0 0 0
-92 -32 27 0 0 0
64 8 -83 0 0 0
-51 -97 -48 0 0 0
62 -36 18 0 0 0
-19 -94 20 0 0 0
92 -80 -7 0 0 0
-88 -79 38 0 0 0
