50
-26 -8 30 -1 -10 -8
-62 -52 -38 -5 -5 -8
0 -12 16 7 -9 -3
-56 16 4 -4 0 -2
-50 46 -42 -5 0 -2
4 -62 -64 5 -6 0
58 -24 58 2 -5 6
-2 -66 -56 -6 -2 -9
-58 -34 -28 6 -2 7
66 46 -56 2 4 -5
46 -48 -40 0 -7 -2
-28 -26 -44 -2 -1 -3
14 66 14 4 -8 6
-30 14 -2 0 7 9
42 -26 46 5 -10 4
6 -38 60 0 -1 3
16 -12 -42 1 7 4
-20 -58 38 -7 -4 4
-10 -26 -12 6 5 3
14 34 -38 1 -1 1
58 -20 -4 2 -4 0
-54 -2 42 0 3 9
-48 -32 -28 0 1 -4
-58 46 -20 1 -2 -6
-12 8 32 5 -8 -6
10 -62 6 0 10 0
-66 -26 54 -8 -1 -7
28 54 -30 9 6 -2
66 38 -34 -6 -1 -9
-34 -58 -42 6 10 -9
-24 -40 -48 -10 -1 0
-60 -60 -14 10 0 -3
48 4 0 2 6 -3
58 50 -54 -3 5 -8
-18 46 -30 -2 8 7
-66 -60 -64 3 -8 8
-28 -56 6 5 5 -7
-48 -52 -42 1 -1 2
2 12 -32 0 7 -6
44 24 -34 -6 8 3
-36 -2 42 -2 2 10
-10 -66 -54 3 3 -1
-26 34 18 -5 0 7
-10 -20 -10 -1 -6 6
16 64 58 4 7 2
42 -20 34 -9 7 8
60 12 30 0 5 7
-50 -20 42 4 -5 5
-6 64 12 -4 -7 -6
2 -30 -8 9 10 8
