50
-8 -34 40 5 -10 -8
-66 62 -26 -4 -4 10
-44 -34 14 2 -4 4
-10 -14 -6 3 -10 5
-10 -36 60 2 7 -7
16 42 40 -4 -9 10
52 -30 -42 -3 2 7
-50 -32 -12 6 9 -1
4 -60 -2 2 7 9
-52 -22 -42 3 9 9
22 40 46 2 -1 -3
-34 2 36 5 -8 6
-42 -56 48 -2 -6 -10
-40 28 66 6 10 9
2 -44 40 -7 -2 -3
-60 -66 48 4 7 7
14 -50 -22 -9 -8 -7
-44 56 32 0 0 5
-48 4 -28 9 -7 -1
50 18 -10 -6 2 -7
-8 48 8 7 -6 3
16 -56 18 9 6 -4
-64 44 -52 -4 -9 0
-48 32 32 -3 -2 -10
2 4 -20 0 -9 -9
-66 -48 -12 1 2 1
-12 -16 -64 7 -5 -4
54 -16 -24 1 4 5
-14 36 8 6 -4 7
-46 0 -54 -9 -8 -6
-52 54 64 4 5 7
-54 -14 -66 4 10 0
-18 48 60 4 -1 -5
-28 60 32 -4 6 7
-40 -44 58 -2 0 8
18 -2 -38 2 -9 -2
46 -58 -12 -2 4 -4
-28 22 36 2 1 -1
12 24 -64 -6 4 -10
6 10 36 -4 0 5
32 -4 58 -7 -10 1
-38 64 -44 -6 -10 -6
2 16 64 -6 4 -2
-14 48 -64 -8 0 5
-26 64 44 9 10 -3
12 -36 66 -2 1 -4
-16 16 52 2 -6 -4
10 46 -52 6 -2 -8
0 2 -30 3 5 -1
-58 22 -22 -7 2 -5
