50
42 -26 22 7 3 -10
-16 -22 12 -2 -7 6
6 26 66 -8 -4 -5
-16 -64 -30 -1 -5 3
-60 -4 -32 -10 5 7
-10 24 -12 -4 -9 -10
42 56 58 -10 3 7
28 10 -50 -1 3 -6
-62 10 48 -6 9 8
62 66 -32 -2 3 9
-4 -16 66 -5 9 4
-16 -58 -26 -1 8 3
-22 36 66 5 9 8
38 -32 40 10 -6 7
28 26 -38 3 6 -6
12 24 -28 -2 -7 5
50 -10 60 -1 -9 -4
-14 -48 38 -7 10 -4
-28 44 54 -5 3 0
26 -30 -66 -8 9 -6
34 66 -4 2 10 10
-62 66 -42 -2 10 5
-10 -30 -66 7 -8 0
-26 -44 50 -5 -4 6
-8 54 62 -3 -3 -10
6 10 12 -7 -7 -5
42 -60 54 -3 4 5
8 40 -40 -6 -4 3
-50 -24 32 -5 7 10
34 -56 48 -8 8 -5
46 -46 -44 -4 -7 -2
-52 -44 10 -4 4 3
8 48 58 8 10 9
58 -42 32 3 5 -6
-52 26 -26 -10 8 9
-22 -26 58 -3 -4 8
-64 40 -30 -1 5 -5
-10 16 -30 7 -3 10
38 18 -50 1 -9 4
10 -46 66 9 -8 -6
-48 16 -4 6 5 10
4 -60 30 -2 -4 9
-60 58 12 9 6 -7
24 26 38 -5 -10 -4
24 36 -30 9 -1 -3
-2 -62 -2 -1 5 -1
4 58 -42 10 0 -3
-12 -16 60 -7 -9 -6
-20 20 -48 -3 9 3
-48 52 34 9 -7 9
