49 23
-6410 -577 2704 9
443 -1902 -9101 9
-309 1612 -5905 6
6505 9899 -7449 10
9736 574 6493 8
-2891 7808 -8925 3
4217 -5113 -6903 8
-7317 1522 -8124 3
7963 -2914 -6868 6
445 -1901 -9099 10
7961 -2916 -6871 9
6607 -3862 -2497 5
-4314 1276 5031 4
3247 -948 -429 2
5916 3751 -8628 0
7582 989 4837 3
-4100 5611 7897 10
6470 -7260 9406 7
-5316 -7628 4726 3
-6407 -575 2705 9
-9690 4787 -2628 1
-2191 9635 9534 1
-974 -4310 -476 7
9733 572 6491 3
6604 -3864 -2499 9
-2890 7811 -8922 4
7656 -5521 -2618 4
-9479 3974 5265 3
-7314 1524 -8122 2
7655 -5523 -2619 7
-5313 -7626 4729 1
-2188 9638 9537 3
-9478 3977 5268 5
6472 -7259 9407 9
-4311 1279 5032 6
3922 259 2594 8
5362 -2547 6683 5
-977 -4313 -478 3
3929 273 8979 3
4218 -5112 -6900 6
3246 -951 -430 2
-4099 5614 7898 8
-307 1614 -5902 4
7584 992 4840 8
6508 9900 -7448 7
3927 270 8978 10
-9688 4788 -2625 2
3919 257 2591 1
5363 -2544 6686 8
20 38
21 23
46 47
17 39
18 42
34 48
19 36
31 41
6 14
7 26
2 40
8 10
4 29
24 45
5 11
9 25
12 22
16 32
3 44
30 43
13 27
28 35
33 37
