400 200
-7354 -2430 -10000 130
994 2382 8182 188
-7937 -9922 7424 273
6649 -4187 4938 270
7510 -7784 8823 192
-6702 8804 8581 63
5626 -4965 360 287
808 7603 6586 106
7412 1490 -1153 382
-8974 -7936 5153 227
-6134 7295 -5161 168
6911 9084 5370 325
2231 -1667 3943 79
-9676 -8208 9775 49
-7179 33 2555 383
467 4054 -4046 108
-3275 -1946 -7993 390
6402 6218 5057 381
-9882 307 5955 34
784 2654 6334 127
6581 -9223 -2852 98
143 4930 9351 93
6428 6338 7319 5
8349 -7812 478 256
1412 2285 -8850 118
-1772 6613 -7996 283
-4564 -1553 1970 153
5351 3567 -1159 77
1385 485 -6612 256
4234 -9245 1469 110
-8125 -7353 6525 70
-365 6146 -9153 6
6159 9506 6119 363
-6149 54 -1640 101
3589 -168 2779 355
-8017 -9936 -4035 51
-1227 -3483 2146 366
2564 -4031 -9718 294
-8720 2640 5393 265
8270 -4239 6273 168
6807 -2346 6687 21
-641 1002 1832 285
8831 -24 1669 117
-3464 -4060 4167 250
8183 8658 -7961 50
1084 -785 -8714 384
4505 -7947 6660 152
9895 -4139 -5429 8
7727 -7520 381 111
7643 494 -1618 98
-6376 3010 311 338
-9628 -4388 8755 237
-7975 5031 -9544 82
6441 -2203 -8865 249
6772 -8833 -3642 126
9977 5192 1974 220
-6083 9846 6196 205
-3408 -4184 3488 67
9747 -5659 1345 184
-5616 9344 3540 393
132 8074 8967 25
-1861 5419 -4030 86
9897 -6845 268 63
-387 -3428 -980 86
2305 3646 -966 163
-9217 -1930 4088 372
-3900 5313 4643 208
-17 -1590 -9988 204
9373 -9018 -7826 54
-5703 -4582 1976 382
-6663 9598 -2051 85
-567 -65 1664 106
-7409 8809 5285 182
-8637 7406 5563 54
2930 8796 -666 191
1288 -1966 1724 193
163 2727 -3097 337
88 -4934 6731 278
-6696 -5383 9912 336
8031 5002 -9387 154
325 9658 -837 201
307 -300 2448 103
3979 -2055 8664 166
3546 -8096 3446 201
8117 -1597 4728 196
9501 -8192 2790 362
-7440 3541 -8293 147
-923 -9096 5127 392
6383 -3880 -7837 395
1134 3631 -1210 161
-8238 3015 9356 224
-7793 -408 8212 96
-9273 459 -8660 114
-6578 4988 912 350
2904 5503 -2704 80
-5268 -106 3460 90
6074 9819 6016 348
-7754 9424 9849 363
3322 -3663 4409 367
5513 -5376 4604 312
-6214 7268 -3275 394
4465 -9692 4302 383
-1179 -6231 4626 179
6915 -2631 -3591 147
-1035 4788 -3456 11
1075 9826 1472 357
-226 -8380 -6103 116
6656 -8119 -6727 329
1374 1212 -6901 78
-1881 -5400 3610 36
5148 9288 5873 162
4290 3422 -4646 242
1791 9664 -3541 323
5180 5359 853 332
8238 -2492 3095 370
5112 5048 7345 88
-7156 8383 7226 153
-4011 3104 -787 394
-2958 -7295 662 320
4285 -3722 -2282 337
9242 -3969 -1343 308
1711 -7830 -1702 164
7994 -1115 -9766 243
621 -2579 5871 117
156 1988 -6724 276
2127 460 5413 178
-6506 6651 -3833 320
1672 -5940 2404 129
9104 -2979 8827 123
-2830 5351 -3500 295
-1135 -6254 5254 355
9663 -3864 6127 0
-1249 3194 -618 374
-9782 2455 7339 51
2087 8128 6933 5
4892 8503 -6867 303
7602 -3518 -7193 319
2067 -5399 2626 194
-3771 3895 7133 150
7277 4593 -4072 26
2789 -584 771 113
-5324 2844 -6791 183
1593 7010 -7246 172
-160 1552 223 286
-1579 -6739 6906 202
-4290 5300 2939 105
6716 -9389 8257 3
-6911 8989 -4661 305
2791 -9053 2399 305
-4234 -7706 -1873 247
-2091 -2746 -8799 394
2959 -4246 -58 319
-1375 -4237 -3103 36
6356 -6321 8954 244
-8219 -2532 -2740 136
-5161 -7524 985 247
3187 -8273 1321 339
-4652 -4336 8427 277
6553 8707 8064 341
-6928 -8568 8104 238
-3443 -1691 4888 136
-1942 -1426 1311 301
6401 -4665 9855 263
-4669 367 -7994 242
-4505 5101 -9979 322
-1787 -4039 6543 44
2088 9764 -4361 356
1350 785 -4155 74
4767 6259 9578 344
3793 -4968 6263 160
1595 7389 6801 127
-5218 7722 5989 210
-251 3456 3881 319
-5052 -9162 -4013 240
-8066 835 -8782 291
-9379 2108 3719 108
-118 -2341 -5389 166
-7578 -4242 -1810 184
-414 -2302 1435 200
6437 7557 1632 120
-814 -3821 9352 326
5016 4242 254 256
3643 6099 -9963 132
-4028 7228 -3459 322
-116 -6464 8526 88
-2930 1110 5718 242
5239 5826 -4991 196
-5964 -5976 6169 130
5839 -537 6933 116
5945 -4981 9831 129
-9707 -1432 -7178 105
-5894 5211 -2056 165
-7929 4148 451 36
-1682 714 -7379 265
3449 1151 4233 272
-570 1264 1638 3
-8265 5018 -1889 379
-5328 -4763 -4155 234
2951 4433 -5787 355
-2239 4203 -4361 377
-1304 356 -406 205
1101 5046 3908 199
5857 -1775 -3321 391
8023 -6979 -432 132
-5741 4867 -9132 354
-8793 1088 5467 209
2733 -3698 8151 231
-7063 -5180 3739 369
-3947 2562 -1426 283
757 -9742 6549 1
-9399 430 -879 396
-1929 -9484 -2406 20
-3933 -9027 -8439 71
9008 8801 1308 346
-8043 -8007 -6242 352
-9122 4906 9400 339
-9806 -1867 3101 293
-3853 8641 -5455 211
-5879 -3393 3963 307
-7965 -2628 -8782 227
-6806 -267 4545 360
5198 -8934 -7012 368
726 5467 1581 112
8822 4614 -8490 56
1029 -7931 5547 11
7412 -5384 8687 188
9077 3982 -399 106
-9896 -5810 280 377
2840 -3009 -9610 279
7978 -311 7230 181
710 2676 451 245
-897 9127 4959 88
1130 2525 290 59
2698 804 3237 313
-8750 -2352 5843 378
2103 6059 3016 219
625 -6557 -3375 8
4890 3889 -1638 388
298 3261 9257 358
9076 -571 6568 181
5146 -6592 3386 335
3008 4499 755 291
8610 2127 -7136 214
2856 -1284 716 303
7705 -405 -3393 105
-6838 -730 1168 314
-7699 -5660 -9563 327
-158 -9422 734 373
8631 -9504 363 81
801 1119 7663 121
2597 3910 -5337 332
8020 -6411 967 301
-6545 5183 4948 222
-8943 3764 -6012 179
1738 -5193 -8074 197
7224 -7808 -4858 271
-71 -8776 -3077 195
-9733 4769 -5466 207
-5120 7557 -9279 147
-3647 -7613 9274 133
-7327 8350 4413 138
-7828 7428 2969 281
3867 3220 9366 249
-3344 3090 5235 274
6268 -2590 8665 70
-1045 248 -7549 215
4282 -3128 4481 305
-7225 -328 352 303
532 -8578 -3136 280
6642 830 3557 22
554 8670 3276 108
2067 1881 -5510 216
-5600 9963 3829 255
-8777 -1818 4579 242
-6846 -2913 -7658 344
2560 -7264 8167 64
-7939 -3120 -9949 54
9905 3908 -1626 177
1670 -2637 8192 125
-9442 2643 -9167 205
-7646 -5986 -8195 79
1967 1172 6827 351
8170 -6364 -8485 85
5815 -7969 2662 11
-8647 -9822 1525 290
5402 -5301 -3977 199
-7260 7400 -4624 218
8147 2755 -5445 84
9288 4149 6450 224
5785 -6203 1765 21
4035 6724 -6475 372
-1715 -4174 -9307 223
4501 923 -688 389
2119 -1027 -2810 32
692 -5861 -3444 13
-3813 -5287 -2286 118
3420 -3788 7819 79
-548 9733 6194 38
-7733 4047 -2017 173
9245 -3066 3502 232
-8575 -3590 7667 176
5170 -4206 -2575 54
5380 -281 -1571 230
3751 -6602 -5923 182
-88 -8944 -1060 217
4578 2077 2511 78
-3186 9542 -397 62
-7879 -1692 9543 303
2422 -1122 -2851 332
-3030 -8091 2494 394
-5799 5582 9327 113
-9405 -5557 8720 262
-4262 371 -4512 169
3647 -7641 -1831 292
-8539 -354 -7556 137
-652 -7102 -3906 95
-2827 4878 -1422 223
-9534 6449 -8917 25
-9522 3930 4923 225
-6405 3705 -350 340
662 -5419 -9299 253
2675 -9084 4898 106
1121 6298 8946 157
7347 9853 -9397 11
7582 6543 4324 130
1208 -2890 -8848 164
8335 -6919 4507 343
4652 -6640 2566 133
7613 9961 -2640 55
-1441 7579 -3157 372
7040 5470 425 203
8883 2008 -7324 281
8722 -9814 1559 70
-4769 2811 7898 169
5098 84 9427 34
-9618 4895 558 191
9776 -2822 -8175 28
-1529 319 -7967 284
5989 -5026 -1957 238
-7148 5224 -1175 264
9955 7193 -9598 364
6522 -5703 8567 358
1729 3002 -1350 380
-7466 -6761 2104 337
-7726 2318 9733 375
5576 7358 3368 348
-9012 -7210 -6396 73
-4471 -5006 5765 397
758 -714 -6314 17
-903 8894 4358 253
-6923 -896 -2386 357
151 4293 1344 103
-7432 6870 -3998 147
-4969 -7381 3862 242
-6068 -5361 3062 66
-6739 9879 -174 289
744 7519 3366 144
-3178 7631 500 247
-3030 5549 2385 202
-2422 -8654 -2307 309
1794 1412 -7953 308
8824 -2909 5538 175
7726 -6992 9729 262
-5265 1211 604 322
-1626 -4261 5904 27
8125 -8897 -9875 36
-3028 7580 -6105 57
65 6414 3250 363
-4516 -8442 2671 286
7479 -7845 -3841 268
-2540 1655 2359 357
8524 4245 -680 246
1905 6520 -8662 143
6176 -4047 -9543 376
3073 4033 8283 266
-1286 7532 -6572 175
8522 -562 2401 23
-6311 -7484 7717 82
-8027 -929 612 60
-4608 7474 -4823 144
-8492 1729 638 317
450 3162 -2207 124
-2138 -2701 -9543 321
8366 3405 -4483 60
8360 -124 363 329
9389 -7042 -1837 248
6591 5494 -5187 365
6214 -6041 -9057 299
-3991 -1740 -4342 349
-7920 -7347 3516 2
-4646 -913 5437 301
6050 1195 4434 353
8123 7923 9948 74
1436 8397 -9589 53
1186 -3458 -7558 154
-2730 8013 -884 33
588 -630 8476 348
-3972 -98 9050 149
-723 -3626 7823 387
5607 9255 -10000 155
1 60
187 375
200 218
278 392
39 67
44 255
204 380
146 261
87 206
16 21
52 58
27 395
31 390
5 163
165 330
13 317
345 356
272 315
38 79
2 140
201 342
127 189
53 135
203 297
128 378
54 56
160 197
43 360
149 196
124 299
10 167
147 316
191 250
268 296
11 29
186 310
185 362
125 282
36 266
238 351
158 305
194 318
114 344
86 123
156 398
92 260
26 46
126 280
100 107
263 327
97 253
182 328
9 40
199 217
68 83
82 134
373 384
164 215
271 363
162 302
122 320
219 347
3 120
94 350
32 273
294 394
246 264
207 309
113 359
202 228
115 389
161 292
71 117
212 242
277 313
24 73
78 308
55 220
132 256
136 154
251 254
198 303
269 288
74 337
75 88
227 276
42 210
281 386
25 193
14 116
12 252
30 338
50 63
130 265
138 267
159 166
57 376
222 225
22 106
249 300
371 397
348 368
112 257
301 331
171 381
144 145
72 357
235 314
287 352
139 155
343 391
66 84
23 333
236 367
293 340
284 366
77 111
152 274
37 385
229 243
18 370
133 148
41 290
20 180
47 179
209 262
62 141
81 183
93 143
64 170
17 142
98 105
239 353
121 157
95 361
4 90
76 91
374 382
208 214
240 326
101 192
96 151
244 289
230 349
61 131
19 33
15 176
51 70
339 387
45 153
233 295
190 355
321 335
258 372
150 168
172 205
28 245
223 298
224 325
8 188
241 341
102 379
48 85
175 232
104 306
226 388
108 109
354 358
49 377
7 275
336 396
110 259
286 329
247 322
99 393
174 216
283 346
137 177
169 285
311 369
211 234
304 319
237 383
6 365
231 399
34 195
80 103
59 89
35 279
184 213
69 270
118 307
181 334
173 248
221 323
119 324
291 364
65 178
129 312
332 400
