20 44
-370 -5725 2499 123
5972 3769 1937 0
591 9109 -7031 0
5721 1789 5131 0
7219 5840 4932 225
5188 -8289 7588 344
7776 401 -7858 219
5025 -9111 -2848 43
-3260 -1172 9072 276
-4313 -9160 -8065 348
-2461 9156 4559 188
5605 9133 -8941 0
-4544 370 2739 0
-7905 7326 -6518 194
3849 2439 4147 0
6215 9650 6027 0
-3949 -5553 -4636 0
-9904 -3585 2421 158
7429 6047 -7906 0
-8098 -6584 8361 0
1 9
1 6
6 7
1 5
5 14
5 9
5 6
14 18
9 18
7 11
8 9
6 8
8 11
10 14
9 10
5 10
10 11
8 10
4 19
12 16
2 16
2 12
13 19
4 13
13 16
2 13
17 19
4 17
16 17
12 17
2 17
13 17
3 16
3 13
3 17
4 15
12 15
2 15
15 17
3 15
19 20
2 20
13 20
15 20
