400 200
6437 5467 -5483 281
1006 2495 -5268 248
7887 -2416 503 315
4228 205 5031 268
6196 9585 -3991 27
-8234 1838 449 354
-553 -5821 3590 94
6358 -3516 -4667 15
-44 -4964 7918 314
8 -5017 7877 188
6746 4593 -1751 1
7124 -3025 2713 392
728 -7897 5638 304
-1007 7792 5147 251
8018 -6374 1833 246
7656 7211 7164 311
-8916 -4065 8940 35
-1579 -9658 9565 170
8686 1571 -816 154
-2911 1024 -1955 137
9870 -5914 -1913 229
2679 -6239 8676 288
8344 6482 3146 354
-8200 2426 -9528 65
2261 8199 1001 347
-866 9147 -9061 21
-8463 7523 3690 156
7447 -8915 1602 109
-9061 -3238 -5939 318
2879 3173 -6681 140
-9319 7229 8706 5
2492 -6001 -4115 203
5162 -3414 7670 304
-7375 8252 9163 262
-6595 7519 5850 52
6440 -3554 -4649 128
-6143 -2648 -8841 207
763 -7827 8610 63
-2678 85 -9879 304
-3174 9470 4073 211
-3495 961 -8741 234
-2871 1242 7470 150
5170 -1726 4482 170
-8132 2533 -9424 323
-5110 869 -8058 184
9461 -774 3221 123
9413 2841 4248 323
-6080 -7966 5193 2
-1109 7884 5075 268
4074 6616 8874 399
-7044 215 2921 11
-8361 7604 3569 242
7367 -8914 1665 187
5921 -8915 -6474 48
8316 6639 3235 124
-3306 -2209 -2079 308
-9223 -5613 4823 307
-6485 246 2570 135
-9185 -5788 4752 293
3762 -7220 -90 23
4533 5260 -8003 178
7872 -2396 392 393
4201 -4649 4715 356
5194 4773 -3884 363
-6045 6270 -9438 218
2849 3288 -6727 137
2290 4944 -4650 23
-4770 -6601 6976 141
-7192 2492 -7329 328
8318 9172 -2186 87
9214 4458 2725 250
2912 7930 8162 397
9561 2187 8317 142
-9425 -9705 6223 262
7852 -6863 -9528 156
-6704 -8620 5436 264
-5214 -4327 1064 334
-6369 7535 6288 281
732 -7718 8524 192
7414 -378 7480 45
7201 5896 1274 190
-6336 6070 -3728 151
4186 -4685 4723 384
-2031 7910 3011 138
-8770 9650 -460 239
-3367 -5393 3767 367
-825 9193 -8993 278
-5978 -6024 5006 60
-1460 5333 1207 74
8331 -6601 -2740 336
-4743 177 -1649 73
2902 7906 8336 80
-9333 -9701 6312 370
-6434 216 2529 139
-7946 4885 3137 51
-3417 -3452 2887 310
-2092 -2864 -3041 258
4177 -554 -1012 247
-4883 -3393 -7803 167
2699 -517 -3080 65
3508 8658 4968 327
8336 -4607 1184 84
-5768 5742 9208 38
7702 5000 5165 332
7612 5025 5179 270
3719 4145 8230 289
6925 -4362 -4163 252
2649 -707 -3144 230
-9155 -3190 -5935 378
-6332 6055 -3753 166
1855 -541 -4703 328
7763 -1071 -787 265
2678 -1168 1319 238
-8485 3817 2775 162
-5067 2836 5881 107
2904 -1768 -3886 68
7664 8055 -3312 266
1676 1108 -4972 210
90 9627 6538 321
-4790 163 -1679 329
6602 4570 -1808 111
-2330 -5764 -9311 138
3166 -3600 1060 160
-1625 -4114 -8758 143
7516 -4966 -4221 134
994 43 8905 90
1865 -589 -4858 369
-7470 4699 -9245 55
9660 717 -9657 150
-4936 -3380 -7826 215
9034 7236 8807 223
-1290 803 7419 41
5206 -988 9164 364
7537 7153 7169 396
4486 -444 -7996 329
8404 9825 -6476 233
7134 -3078 2665 170
5887 -4935 -4786 181
2704 -1198 1323 206
-5837 136 -4056 261
-1545 -9714 5943 3
-8338 -1143 2295 283
-2049 -4415 7119 174
-1604 5382 1197 156
6737 9563 2749 147
5168 7947 -5873 293
7942 -6813 -9580 118
-8700 -9747 -1500 317
9877 -7615 2744 153
1297 -9013 2306 89
-1279 -9420 5052 259
-1567 -9699 5973 381
-1613 6452 -157 204
-9223 -4324 -2637 145
7626 8063 -3412 121
-3918 9010 7672 123
-6771 -8517 5454 119
9621 654 -9585 281
-445 -5787 3584 93
-1193 -4310 -3979 318
867 -2974 -4526 28
-2200 7277 -2054 104
-8767 9663 -527 219
3523 8498 528 72
811 -3018 -4634 335
-7584 -2857 -6579 371
-4900 343 -6372 371
8920 5605 2883 306
-2850 -1102 4336 130
-2136 -8759 -5087 253
6951 2725 -3838 53
-421 950 7631 267
-9435 -6499 4804 149
-2588 9000 8685 43
1251 2452 -511 338
-8923 -3950 9021 186
-2626 8070 -4093 197
-4526 5011 -1810 15
3335 -3623 -5130 388
-1695 6605 -152 171
-8421 -1306 2209 146
-52 5875 -6809 161
4126 -562 -953 182
-7891 6918 -3385 365
3101 -3585 1190 35
-2079 8001 3156 291
-4018 8658 -1272 379
-1533 3465 -8773 271
-5955 8652 8875 146
-4965 832 -2339 12
-2270 -8737 -5014 229
-7622 5575 3852 255
9858 -6023 -1943 196
8286 9320 -2205 151
1610 1092 -5068 168
1298 1684 2497 91
3742 -7153 -39 59
4930 -5345 1740 319
1321 419 -3103 37
-4616 2131 -8665 340
7489 -4046 5491 290
-1007 6105 784 60
6069 7800 -6316 333
-1787 3170 6055 187
2818 -1678 -4008 294
3210 4780 -8691 7
-8584 3899 2826 99
-3057 3015 1178 400
1916 5911 5252 277
5337 8226 7906 353
-9204 7300 8721 308
4954 -5297 1698 346
-982 6069 715 285
-8270 1918 568 206
9449 5680 3152 198
-2044 -4367 7112 19
-7088 7060 -6531 50
4491 -430 -8123 301
5126 -1723 4627 128
-369 840 7635 81
2558 -6017 -4178 202
-2731 9125 8745 341
-3588 4861 -7275 35
-2836 6566 -2495 137
-4431 -6105 -4798 140
1584 4870 8962 37
-9784 -3274 -4565 152
9508 5809 3175 55
5640 8899 -1460 400
-9389 6768 7973 184
3310 4850 -8682 12
3747 4156 8150 237
-2545 5599 6030 396
-1592 -9784 9496 8
-9211 -4278 -2694 388
-3826 8911 7752 39
-2867 6683 -2599 217
-2228 -2936 -2908 185
2134 -5843 2807 1
-8706 -4390 -4800 253
-2342 8412 -8726 352
1431 -9024 2167 172
-6073 6254 -9367 5
-8267 -9080 -2212 147
8951 5580 2909 347
7030 2550 -3770 384
-5064 -6763 -707 73
5753 9040 -1530 89
-7090 130 3001 391
9019 -4677 6754 150
6371 7853 -8897 256
2180 -5753 2898 350
8839 -2044 6074 152
7788 -977 -890 67
-8779 3411 6644 260
4556 5219 -7861 35
9179 -5841 -6403 243
-7234 4714 2491 262
8270 -4609 1333 299
7950 -6512 1787 283
-6753 -4434 4252 46
9381 2839 4314 398
-3656 4867 -7321 50
-8789 -4266 -4761 177
-6349 7421 6405 209
1901 5902 5245 87
980 22 8796 224
8047 -2937 -7926 167
2704 -6250 8534 193
-7941 4918 3211 241
-7516 5579 3956 35
3589 -4981 2569 369
7387 -337 7606 135
-6164 -7952 5206 398
9029 -5818 -6513 122
-1393 3454 -8807 1
8879 -4643 6797 100
-7496 8315 9147 207
5203 -6754 8843 25
-5635 -4397 -5600 141
-5025 361 -6250 25
7509 -3942 5524 398
5116 4868 -3854 48
6737 9582 2720 336
9560 2155 8441 215
-8938 -1751 9054 284
2330 8244 1090 52
-7327 4583 2476 381
2916 -5250 -8153 118
-9773 -3239 -4578 113
6007 -8827 -6352 262
-8981 -6769 -2944 252
9419 1309 -7656 203
1302 2501 -494 212
-3361 -3521 2777 209
-6744 -4356 4374 334
5100 -6826 8758 172
3464 8636 4897 10
-842 1998 7715 174
-3231 9643 4065 109
5136 -1053 9187 144
8424 9809 -6413 130
-5886 -6068 4877 193
-4591 -6226 -4714 251
8879 -2159 6033 353
-7272 2571 -7422 264
1361 1672 2394 98
-8135 -9202 -2219 254
9752 -7651 2772 247
-2472 8385 -8693 78
8934 -4494 -8867 173
-5914 188 -4203 183
5940 -4820 -4686 298
-5584 -4442 -5677 387
-5965 8699 8885 353
4084 6462 8859 190
-1483 -4033 -8579 364
8983 -4489 -8966 271
-3382 -2293 -1941 251
-9284 2629 6187 365
3653 -4862 2697 120
-8725 3397 6606 371
-2690 -1085 4427 324
-2725 8062 -3934 151
-170 -6001 -4833 148
-5148 677 -7999 377
-8744 -9673 -1544 154
9522 -661 3128 138
6357 7811 -8992 233
-4456 4989 -1883 125
-2949 1135 -2018 79
-7579 -2877 -6539 306
-3200 -5484 3778 247
-9260 -6494 4829 247
3107 -5354 -8103 7
-5111 2778 5771 335
4282 287 5119 24
5812 -3709 -4668 258
-4731 2065 -8774 324
7172 5745 1396 258
5367 8193 7997 249
-2804 1142 7463 202
-2454 5682 5939 267
6094 7806 -6340 384
5017 -3509 7516 390
-4049 8790 -1460 276
7667 -4955 -4194 349
-9076 -6864 -3129 367
6959 -4323 -4240 138
-4180 7708 -4601 345
-4963 825 -2340 382
746 -7747 5699 320
1246 582 -3128 116
-7073 7104 -6526 82
-6593 7522 5865 278
1622 4699 8942 359
-3072 3015 1305 268
9460 1270 -7680 400
8320 -6469 -2806 66
-2615 9409 -7595 194
-9171 2699 6284 370
6468 5480 -5595 14
-5122 -4329 1070 130
1004 2315 -5364 19
6088 9554 -4020 60
9065 7363 8679 314
-5698 5750 9308 205
-99 5980 -6800 16
5782 -3558 -4753 107
-4136 7886 -4737 367
4584 1856 -6240 148
-1417 844 7265 160
9346 4341 2690 360
8570 1680 -670 199
-150 -6115 -4756 299
-8974 -1732 9111 124
-755 2056 7671 314
-7468 4830 -9372 365
5152 7952 -5925 345
7990 -2899 -7959 118
-2252 7182 -2085 101
-4999 -6766 -720 183
-9389 6723 7964 268
7470 9559 2259 358
3326 -3480 -5119 148
-1085 -4307 -3855 197
-2353 -5791 -9232 302
-2749 9383 -7591 289
-4852 -6780 7037 136
-1970 3325 5928 286
2317 5031 -4766 10
4568 1825 -6298 131
-8010 7000 -3254 295
-2625 99 -9761 127
-1376 -9429 5174 309
7490 9496 2208 384
-6117 -2570 -8856 384
-33 9633 6438 212
3577 8372 551 289
-3395 1101 -8879 283
1 362
320 361
86 333
95 270
142 181
104 105
257 275
244 308
16 134
151 395
82 110
81 340
26 87
138 313
268 380
54 291
201 282
230 383
126 267
125 347
65 243
299 377
69 306
239 252
85 163
24 44
173 334
258 288
172 220
209 266
148 327
292 348
58 94
34 278
156 236
3 62
63 83
56 319
4 337
106 232
261 296
164 399
280 314
143 216
160 386
135 218
89 144
98 183
371 392
12 137
90 359
97 238
73 285
114 207
9 10
208 357
46 328
115 336
117 155
178 330
146 379
64 283
175 294
140 312
19 374
131 366
168 245
204 390
250 277
199 353
31 211
272 321
227 290
200 339
124 317
325 375
23 55
253 305
17 176
225 304
88 303
111 127
103 367
338 369
240 264
68 389
76 157
360 388
122 387
74 93
102 259
247 382
251 329
75 147
136 302
20 331
84 186
67 391
71 373
145 284
30 66
6 214
182 368
2 364
14 49
35 355
27 52
166 332
107 349
22 269
350 370
119 398
8 36
133 301
78 265
45 326
38 79
39 394
132 372
161 165
187 346
116 205
48 274
210 341
233 343
190 351
179 385
96 295
100 108
118 195
77 363
153 180
217 354
169 323
226 356
99 130
72 92
170 191
192 271
42 342
70 194
162 381
241 310
149 309
141 152
25 287
150 242
203 344
101 298
128 378
174 222
13 352
293 358
198 212
189 315
57 59
167 281
384 396
18 234
37 397
51 249
224 237
202 213
11 121
286 376
229 248
215 228
206 231
61 256
289 335
29 109
60 197
40 300
188 276
5 365
113 139
28 53
32 221
129 158
43 219
80 273
279 297
311 318
15 260
196 307
171 246
184 393
123 185
112 254
21 193
255 322
47 262
91 120
7 159
223 263
154 235
50 316
33 345
177 324
41 400
