37 17
6464 9624 8063 2
-2614 -6268 2974 10
4447 -4179 8745 10
-7740 -7084 8816 9
9361 2872 -7743 1
1052 9988 -1675 4
-1064 3816 -1423 9
-7521 8199 9545 8
3518 -4400 -5967 7
6385 5426 7929 7
-7117 -5653 8088 3
-7120 -5656 8086 4
607 8015 -993 4
719 8229 1392 6
4491 -101 -2339 9
717 8227 1391 3
-3843 3702 -9296 4
-1063 3817 -1420 6
605 8013 -996 4
6844 5567 5855 2
3519 -4399 -5964 8
-5627 9219 3222 10
4450 -4176 8746 4
-7520 8200 9547 6
-1208 2019 9241 2
-2612 -6266 2976 4
1050 9987 -1678 9
-5629 9218 3221 3
-7738 -7083 8817 9
4494 -99 -2338 6
9358 2871 -7745 5
-3842 3703 -9295 7
6387 5427 7930 1
6846 5570 5858 9
6466 9626 8066 6
2060 -8198 1517 0
-1206 2021 9242 6
3 35
4 23
10 29
12 33
11 28
20 22
17 34
15 32
7 30
8 18
19 24
13 16
2 14
9 26
21 31
5 27
6 25
