31 116
-4853 650 3953 185
-4841 798 3909 149
-4790 789 3844 384
1647 -6640 -8076 369
-4790 780 3950 298
1715 -6595 -7995 115
-4719 616 3924 303
1643 -6516 -7998 206
-4851 708 3915 323
1678 -6670 -7985 216
1745 -6503 -7943 98
1735 -6646 -8015 43
1651 -6515 -7918 219
-4724 732 3895 205
1729 -6556 -8100 361
1666 -6649 -7956 374
1744 -6506 -7967 15
-4745 646 4034 25
-4750 709 3971 96
-4795 728 3911 171
-4870 808 3914 13
1622 -6547 -7921 189
-4748 647 4023 131
-4801 649 4013 199
-4716 738 3885 338
1656 -6604 -8026 176
-4809 717 4036 378
1584 -6598 -7941 179
1689 -6577 -7982 90
1716 -6573 -8088 374
1683 -6569 -8044 304
1 27
1 3
2 3
1 19
2 19
3 19
19 24
1 20
20 27
3 20
20 24
19 20
14 27
2 14
3 14
14 19
14 20
5 27
2 5
5 19
5 14
1 9
9 27
9 20
5 9
2 7
3 7
7 24
7 20
7 9
1 23
23 27
2 23
3 23
19 23
20 23
14 23
9 23
21 27
3 21
21 24
19 21
14 21
1 25
19 25
20 25
5 25
9 25
23 25
3 18
18 19
14 18
7 18
18 25
11 12
4 11
4 10
12 28
10 28
11 22
22 28
11 16
4 16
16 28
16 22
12 30
4 30
16 30
28 29
22 29
29 30
6 12
6 10
6 22
6 16
6 30
8 12
8 11
8 10
8 16
8 29
12 15
4 15
15 28
15 22
15 16
15 30
15 29
6 15
12 13
4 13
6 13
12 26
11 26
4 26
26 28
16 26
26 29
8 26
13 26
12 17
4 17
10 17
17 28
6 17
8 17
15 17
13 17
11 31
4 31
28 31
22 31
30 31
8 31
15 31
17 31
