379 4730
-7500 -1336 9390 285
7982 9249 3711 301
-7651 8612 -882 362
-7544 8625 -889 175
-7518 8562 -964 33
-2367 2495 -1318 35
-3198 -6589 -8769 211
-7543 -1279 9510 336
-7357 -1235 9490 69
5039 -6595 2841 240
-7543 8694 -919 182
-7725 4262 5592 180
6776 9732 -9115 262
-5844 -8955 9825 304
1230 -7775 2449 343
5130 -6612 2828 320
7926 9203 3817 118
-3279 -6574 -8767 389
-7493 8664 -930 368
1149 -7650 2393 392
-3310 -6711 -8597 278
-2453 2410 -1222 314
-7407 -1243 9427 178
7842 9136 3877 49
-5870 -9142 9718 70
-3191 -6657 -8665 33
6820 9715 -9228 364
-7631 8703 -1036 197
-7452 -1277 9463 265
6892 -2027 131 136
6940 -2110 100 100
6737 9613 -9079 229
-7541 8557 -915 60
-5766 -9093 9732 214
7807 9137 3833 36
7872 9123 3770 182
-7571 8656 -990 357
-5697 -9138 9879 83
-7867 4326 5587 215
6856 9746 -9233 307
7989 9238 3776 14
-7795 4165 5525 157
-5818 -9108 9831 134
5115 -6592 2932 164
6785 9715 -9244 203
7934 9219 3875 176
-5864 -8970 9709 298
1062 -7730 2404 67
-2543 2546 -1191 315
-7647 8664 -917 305
-7522 8707 -1005 250
5091 -6676 2822 101
-3206 -6611 -8647 396
-3278 -6711 -8762 17
1067 -7734 2372 232
1058 -7649 2273 83
-5802 -8960 9758 244
7901 9196 3818 194
5117 -6656 2909 81
5049 -6602 2802 352
-5825 -9056 9769 316
-7531 -1197 9358 134
-3195 -6720 -8790 0
-7573 8641 -1050 149
7797 9156 3711 289
1188 -7646 2358 93
5203 -6549 2914 215
-7509 8629 -1004 203
6968 -2157 119 114
-5831 -9063 9878 354
7863 9232 3772 67
1228 -7700 2419 98
5114 -6574 2906 353
-2368 2488 -1289 40
1106 -7654 2402 295
7864 9151 3697 159
-5878 -8970 9862 386
7817 9082 3814 277
-7655 8599 -892 60
5011 -6680 2933 379
6955 -2092 36 72
7964 9131 3835 311
1116 -7618 2348 205
6737 9687 -9087 58
-5744 -9050 9768 72
6981 -2167 115 195
6813 9666 -9217 222
1217 -7702 2434 387
-7430 -1269 9405 226
-2401 2437 -1195 202
7869 9203 3778 293
-7550 8695 -891 210
-2377 2526 -1165 351
5159 -6656 2748 14
-3267 -6727 -8606 168
6946 -2015 211 302
-7760 4319 5591 43
-7876 4325 5617 143
-7594 8561 -1006 318
1039 -7785 2421 90
7905 9135 3783 384
-5766 -8992 9832 22
6988 -2069 209 105
-7890 4328 5591 109
-5835 -9018 9837 132
-7360 -1308 9500 122
-7467 -1294 9408 80
1110 -7774 2359 47
1067 -7692 2376 150
-5711 -9132 9798 395
6738 9609 -9077 18
-2452 2496 -1223 191
-7467 -1352 9357 166
-7854 4184 5545 101
7050 -2053 194 76
-5826 -8970 9748 122
1187 -7645 2287 300
-3311 -6624 -8685 158
-7788 4287 5625 392
-2507 2481 -1161 185
-2469 2422 -1311 375
7880 9142 3732 240
-2402 2529 -1273 231
-7799 4238 5684 137
-2414 2438 -1199 29
5082 -6522 2891 53
6819 9707 -9109 188
-7386 -1188 9517 382
6858 9723 -9197 183
5178 -6635 2858 363
-7712 4303 5550 175
1061 -7645 2280 139
7004 -2184 31 48
6930 -2134 47 161
7954 9171 3856 135
1047 -7777 2346 180
-7710 4153 5527 163
-7566 8710 -964 399
1173 -7780 2440 96
1197 -7769 2342 288
-5748 -9024 9875 383
1139 -7776 2412 188
-7394 -1260 9350 41
5145 -6510 2815 384
-7356 -1260 9420 282
-3247 -6690 -8666 318
5010 -6638 2828 31
-5867 -9097 9839 226
-3315 -6642 -8634 223
-5723 -8975 9694 58
7927 9275 3838 41
7006 -2050 128 97
-7679 8615 -867 391
6709 9633 -9157 182
-7555 8512 -1017 18
6746 9697 -9151 314
-3251 -6616 -8722 0
-7511 -1306 9439 88
1117 -7651 2330 399
7002 -2035 85 39
-7406 -1248 9531 292
-3214 -6649 -8764 337
-7482 -1297 9427 396
6802 9701 -9066 201
-3287 -6694 -8638 195
-7573 8560 -1039 241
-2382 2515 -1154 370
7962 9243 3852 202
-5699 -8958 9842 49
-7715 4190 5505 0
-7679 8589 -1045 193
7789 9249 3734 318
1179 -7620 2261 43
1061 -7631 2414 391
-7518 -1292 9495 338
-7583 8589 -916 150
6758 9740 -9065 128
-3200 -6733 -8767 364
-7520 8706 -989 195
6924 -2065 225 203
1157 -7699 2255 219
-5787 -9118 9694 252
-7808 4218 5625 100
-7706 4140 5582 381
-2534 2402 -1260 281
-7889 4195 5598 315
7055 -2139 187 146
-7366 -1177 9426 20
7023 -2137 151 284
5028 -6596 2834 22
-2498 2583 -1184 107
-7898 4217 5581 224
6983 -2154 144 229
-7815 4288 5655 129
-2453 2562 -1294 238
-2543 2459 -1252 46
5105 -6673 2897 235
1040 -7654 2419 110
-7502 -1187 9359 235
-5702 -8970 9742 21
-3331 -6662 -8626 54
7952 9165 3771 72
5112 -6671 2925 310
-2535 2525 -1226 25
7933 9185 3874 381
5034 -6674 2784 319
5037 -6514 2761 329
-7381 -1253 9530 140
-3236 -6713 -8676 55
6822 9622 -9187 322
6768 9595 -9255 399
-7457 -1339 9498 4
-7496 8593 -882 259
-7834 4162 5607 190
-2400 2522 -1197 187
5014 -6675 2782 134
6898 -2159 84 135
1175 -7639 2286 43
5134 -6671 2839 385
6854 9607 -9258 336
6892 -2023 193 271
-2379 2580 -1307 193
-5804 -8976 9700 340
-7538 -1227 9354 249
7950 9273 3729 178
-3216 -6654 -8594 151
6722 9755 -9162 359
-3238 -6669 -8773 391
6881 -2027 126 243
-7496 8682 -1049 231
-7702 4236 5603 398
-2371 2432 -1276 366
7059 -2007 68 256
7983 9158 3732 43
6844 9612 -9168 4
6814 9607 -9097 37
6857 9591 -9068 202
5055 -6556 2885 94
-3314 -6650 -8757 272
-2386 2497 -1196 371
7887 9109 3707 313
7859 9176 3885 140
-2432 2544 -1136 219
7867 9264 3790 276
-3358 -6684 -8770 252
6665 9616 -9178 210
-7423 -1292 9386 303
-3313 -6580 -8706 63
-7393 -1259 9481 352
6840 9652 -9241 380
5111 -6582 2828 159
6925 -2183 216 349
6969 -2109 197 293
7053 -2093 53 76
-3345 -6561 -8668 130
-5777 -9098 9725 121
-7668 8520 -891 383
-7856 4335 5690 112
-7515 -1201 9448 140
5089 -6512 2758 328
1171 -7688 2411 302
-2437 2433 -1295 211
6782 9688 -9226 257
-2480 2517 -1169 315
-7463 -1334 9383 125
-7775 4323 5602 178
-3206 -6736 -8741 114
5009 -6575 2858 129
-7661 8548 -1061 173
7054 -2118 184 57
-5876 -9014 9740 10
7800 9272 3801 223
-2389 2481 -1250 2
5110 -6661 2930 304
-5871 -9091 9787 53
6837 9773 -9230 362
-5717 -9109 9763 180
-5837 -9137 9774 24
7846 9188 3817 69
-7493 8637 -975 339
-2400 2598 -1232 39
-7435 -1270 9543 291
-7522 8533 -1035 288
-7728 4267 5553 277
-2543 2538 -1248 225
-7753 4283 5644 121
6784 9692 -9253 32
-3235 -6738 -8784 177
-7508 8672 -960 198
1047 -7617 2439 28
1200 -7618 2297 209
-3311 -6660 -8675 215
7821 9206 3849 23
-7716 4304 5564 327
-5848 -9082 9737 182
7004 -2155 49 63
5011 -6693 2880 282
-7666 8626 -978 209
-5878 -8974 9816 337
1067 -7728 2388 243
-2390 2452 -1220 8
6775 9713 -9242 66
-7409 -1239 9491 91
-7888 4167 5591 160
6938 -2036 92 57
-3327 -6747 -8780 165
7930 9227 3814 219
-7710 4292 5682 27
-2358 2560 -1234 123
-3167 -6708 -8780 159
-7625 8529 -1034 229
6945 -2120 189 369
6976 -2049 50 344
5093 -6662 2801 358
5108 -6657 2838 173
-7366 -1175 9459 177
-2544 2437 -1303 105
6914 -2134 33 164
-3243 -6619 -8739 138
-3226 -6573 -8793 16
7936 9100 3750 64
-7854 4233 5584 301
5205 -6500 2806 227
7017 -2060 29 306
-7847 4231 5629 92
1233 -7739 2335 233
-7666 8680 -931 35
-2385 2443 -1138 334
1224 -7665 2302 148
6668 9613 -9087 217
1227 -7738 2433 312
-5793 -9084 9707 37
-5741 -8972 9724 163
-3250 -6563 -8637 373
5014 -6635 2736 87
-3295 -6709 -8737 81
-7354 -1247 9520 201
-7720 4202 5576 353
-2404 2597 -1146 49
-5721 -9099 9827 214
5095 -6592 2909 297
-5702 -8987 9709 35
6934 -2093 118 127
-7827 4257 5602 373
-2470 2447 -1272 28
5061 -6538 2890 106
-7544 -1235 9392 22
6727 9730 -9072 12
-7436 -1322 9427 18
6690 9727 -9164 187
1047 -7674 2390 321
-2543 2410 -1253 247
-2524 2522 -1165 39
-7866 4244 5623 26
7934 9220 3872 275
6664 9729 -9159 309
1148 -7686 2343 226
5179 -6613 2869 87
6928 -2018 118 388
6886 -2036 43 244
7007 -2135 176 295
-3221 -6614 -8616 332
6910 -2141 160 349
-7486 -1224 9518 81
6735 9677 -9124 60
-7748 4245 5660 34
-7430 -1198 9357 256
-3175 -6625 -8759 71
-7496 8608 -957 368
-3250 -6750 -8754 46
-7761 4136 5562 123
6701 9586 -9250 225
-7781 4287 5664 215
-7501 8690 -871 368
7989 9199 3747 225
-5747 -9128 9877 314
6720 9641 -9244 220
6789 9698 -9065 82
-7716 4293 5660 121
1 347
1 113
113 347
316 347
113 316
1 265
265 347
113 265
265 316
1 224
224 347
224 316
224 265
1 175
175 347
113 175
175 316
175 265
175 224
199 347
113 199
199 316
199 265
175 199
1 161
161 347
113 161
161 316
161 265
161 199
1 337
337 347
113 337
265 337
224 337
175 337
161 337
1 89
89 347
89 113
89 265
89 224
89 175
89 199
89 161
89 337
1 107
107 347
107 113
107 316
107 265
107 175
107 199
107 337
89 107
1 188
188 347
113 188
188 316
188 265
188 224
188 199
161 188
188 337
107 188
1 259
259 347
113 259
259 316
259 265
224 259
175 259
199 259
161 259
259 337
89 259
107 259
188 259
1 8
8 347
8 113
8 316
8 224
8 175
8 199
8 161
8 337
8 89
8 107
1 247
113 247
247 316
247 265
224 247
175 247
199 247
161 247
247 337
89 247
107 247
188 247
247 259
8 247
29 347
29 113
29 316
29 265
29 175
29 161
29 337
29 107
29 259
8 29
29 247
113 208
208 265
208 224
208 337
89 208
107 208
188 208
208 259
8 208
29 208
1 249
249 347
113 249
249 316
249 265
224 249
175 249
199 249
161 249
249 337
107 249
188 249
249 259
8 249
247 249
106 347
106 316
106 265
106 224
106 199
106 161
106 337
89 106
106 107
106 188
106 259
8 106
29 106
106 208
106 249
347 364
113 364
316 364
224 364
175 364
199 364
337 364
89 364
107 364
188 364
259 364
8 364
29 364
208 364
249 364
1 163
163 347
163 316
163 265
163 224
163 199
161 163
89 163
107 163
8 163
163 247
29 163
163 208
163 249
106 163
163 364
1 349
113 349
316 349
265 349
224 349
161 349
337 349
107 349
188 349
259 349
8 349
247 349
208 349
106 349
349 364
1 158
113 158
158 265
158 199
158 337
89 158
107 158
158 188
158 259
8 158
158 247
158 249
106 158
158 364
158 163
158 349
1 145
113 145
145 316
145 265
145 175
145 199
145 161
107 145
145 259
145 247
29 145
145 249
106 145
145 364
145 163
1 9
9 347
9 224
9 175
9 199
9 89
9 107
9 188
9 259
9 29
9 208
9 106
9 364
9 163
9 349
9 158
9 145
1 62
62 347
62 316
62 265
62 224
62 175
62 199
62 161
62 337
62 89
62 107
8 62
62 247
29 62
62 249
62 106
62 364
62 349
62 158
62 145
9 62
1 212
212 347
212 224
175 212
199 212
161 212
212 337
89 212
107 212
188 212
212 259
8 212
29 212
208 212
212 249
106 212
212 349
145 212
113 303
303 316
224 303
175 303
199 303
161 303
303 337
89 303
107 303
259 303
8 303
29 303
249 303
106 303
303 364
163 303
303 349
158 303
145 303
9 303
212 303
1 128
128 347
113 128
128 316
128 265
128 224
128 175
128 199
128 161
128 337
107 128
128 188
128 259
8 128
128 247
29 128
128 208
128 249
106 128
128 364
128 163
128 349
128 158
128 145
62 128
128 212
128 303
282 316
224 282
175 282
199 282
161 282
282 337
89 282
107 282
188 282
259 282
8 282
208 282
106 282
282 364
282 349
145 282
9 282
62 282
282 303
128 282
23 347
23 113
23 316
23 265
23 224
23 199
23 161
23 337
23 89
23 107
23 188
23 259
23 247
23 208
23 106
23 364
23 163
23 349
23 158
23 145
9 23
23 62
23 212
23 303
23 128
23 282
1 143
143 347
143 316
143 175
143 161
143 337
89 143
107 143
143 188
143 259
8 143
29 143
143 208
143 163
143 349
143 145
9 143
62 143
143 212
143 303
128 143
23 143
1 367
113 367
265 367
199 367
161 367
337 367
107 367
8 367
247 367
29 367
208 367
106 367
364 367
349 367
158 367
145 367
9 367
62 367
212 367
303 367
128 367
282 367
23 367
143 367
110 277
277 295
25 110
25 277
25 295
61 85
85 277
277 278
278 295
25 278
85 278
61 256
110 256
25 256
85 256
256 278
14 61
14 277
14 295
14 25
14 256
61 169
169 277
169 295
85 169
169 278
169 256
14 169
77 295
77 85
77 256
77 169
110 376
295 376
25 376
85 376
278 376
256 376
14 376
169 376
77 376
47 61
47 110
47 277
25 47
47 85
47 278
47 256
14 47
47 169
47 77
57 61
57 110
57 295
25 57
57 278
57 256
14 57
57 77
57 376
47 57
102 110
102 277
102 295
25 102
85 102
102 278
102 256
102 169
77 102
47 102
57 102
61 148
110 148
148 277
25 148
85 148
148 278
148 256
148 169
77 148
148 376
57 148
61 70
70 110
70 277
25 70
70 85
70 278
70 256
14 70
70 169
70 376
57 70
70 102
61 332
110 332
277 332
295 332
25 332
278 332
256 332
14 332
169 332
77 332
47 332
57 332
102 332
70 332
61 141
110 141
141 277
25 141
85 141
141 278
141 256
14 141
77 141
57 141
102 141
141 148
70 141
141 332
61 340
110 340
277 340
295 340
25 340
85 340
278 340
256 340
14 340
169 340
77 340
47 340
57 340
102 340
148 340
70 340
332 340
141 340
61 342
277 342
295 342
25 342
85 342
256 342
169 342
77 342
47 342
57 342
148 342
70 342
332 342
141 342
340 342
43 61
43 110
43 277
43 295
25 43
43 85
43 256
43 169
43 77
43 376
43 47
43 57
43 102
43 148
43 141
43 340
38 61
38 110
38 277
38 295
25 38
38 85
38 278
38 256
14 38
38 169
38 77
38 47
38 57
38 102
38 148
38 70
38 332
38 342
61 182
182 295
25 182
85 182
182 278
182 256
14 182
169 182
77 182
182 376
57 182
148 182
70 182
182 332
141 182
182 340
182 342
61 116
116 277
25 116
116 278
116 256
116 169
77 116
116 376
47 116
57 116
102 116
116 332
116 141
116 340
116 342
43 116
116 182
110 333
295 333
25 333
85 333
14 333
77 333
102 333
148 333
332 333
333 340
333 342
43 333
38 333
182 333
116 333
34 61
34 110
34 277
25 34
34 85
34 278
34 256
14 34
34 169
34 77
34 376
34 47
34 57
34 102
34 148
34 70
34 141
34 342
34 43
34 38
34 182
34 116
34 333
110 275
275 277
275 295
25 275
85 275
275 278
14 275
169 275
102 275
148 275
70 275
141 275
275 340
275 342
43 275
38 275
182 275
116 275
275 333
61 223
110 223
223 277
223 295
25 223
223 256
14 223
169 223
47 223
57 223
102 223
148 223
70 223
223 332
223 342
43 223
182 223
223 333
61 150
110 150
150 277
150 295
150 278
150 256
150 169
77 150
47 150
57 150
102 150
148 150
150 332
150 340
150 342
43 150
38 150
150 182
116 150
34 150
61 299
295 299
25 299
85 299
278 299
256 299
169 299
77 299
47 299
148 299
70 299
299 332
141 299
299 340
299 342
43 299
38 299
182 299
116 299
299 333
275 299
150 299
61 105
105 277
105 295
25 105
105 278
105 256
14 105
105 169
77 105
105 376
47 105
57 105
105 148
70 105
105 332
105 141
105 340
105 342
43 105
105 182
105 116
105 333
34 105
105 299
61 271
110 271
271 295
25 271
85 271
256 271
14 271
169 271
77 271
271 376
47 271
102 271
148 271
271 332
141 271
271 340
43 271
38 271
182 271
116 271
271 333
34 271
271 275
223 271
271 299
105 271
61 200
110 200
200 277
25 200
85 200
200 278
14 200
77 200
200 376
148 200
70 200
200 332
200 342
43 200
38 200
116 200
200 333
200 223
150 200
200 299
105 200
200 271
58 82
82 355
58 355
36 58
36 355
82 279
58 279
279 355
36 279
71 82
58 71
71 355
36 71
71 279
65 82
65 355
36 65
65 279
82 151
151 355
36 151
151 279
71 151
65 151
58 122
122 355
122 279
71 122
122 151
78 82
36 78
78 279
78 151
78 122
82 91
58 91
91 355
36 91
71 91
65 91
91 122
78 91
82 168
168 355
36 168
168 279
71 168
65 168
151 168
122 168
78 168
91 168
82 241
58 241
241 355
36 241
241 279
71 241
65 241
151 241
122 241
78 241
91 241
168 241
17 82
17 355
17 279
17 71
17 151
17 78
17 91
17 241
82 242
58 242
242 355
36 242
242 279
71 242
65 242
151 242
122 242
78 242
168 242
241 242
41 58
41 355
36 41
41 279
41 71
41 151
41 122
41 78
41 91
41 168
41 242
82 135
135 355
36 135
135 279
71 135
65 135
135 151
122 135
91 135
135 168
135 241
17 135
41 135
82 225
36 225
225 279
71 225
65 225
151 225
122 225
78 225
91 225
168 225
17 225
225 242
41 225
135 225
82 272
58 272
272 355
71 272
65 272
151 272
122 272
78 272
91 272
168 272
241 272
17 272
242 272
41 272
135 272
82 244
58 244
244 355
244 279
71 244
65 244
151 244
122 244
91 244
168 244
241 244
17 244
242 244
41 244
135 244
244 272
58 293
293 355
36 293
279 293
71 293
65 293
151 293
122 293
78 293
91 293
168 293
17 293
242 293
41 293
135 293
225 293
244 293
82 172
58 172
172 355
36 172
172 279
71 172
65 172
151 172
122 172
91 172
168 172
172 241
17 172
172 242
41 172
135 172
172 225
172 272
172 244
172 293
82 321
321 355
36 321
279 321
65 321
78 321
91 321
168 321
241 321
17 321
242 321
41 321
135 321
225 321
272 321
244 321
172 321
82 307
307 355
36 307
71 307
65 307
151 307
78 307
91 307
168 307
241 307
17 307
242 307
41 307
135 307
272 307
244 307
293 307
172 307
307 321
82 205
58 205
36 205
205 279
71 205
65 205
122 205
168 205
205 241
17 205
205 242
205 272
205 293
172 205
205 307
82 101
58 101
101 355
71 101
65 101
101 122
78 101
91 101
101 168
101 241
17 101
101 242
101 135
101 225
101 293
101 172
101 307
101 205
58 234
234 355
36 234
65 234
151 234
122 234
78 234
91 234
234 241
17 234
234 242
41 234
135 234
225 234
234 293
172 234
234 321
234 307
205 234
58 76
76 355
36 76
76 279
71 76
65 76
76 151
76 122
76 91
76 168
76 241
17 76
76 242
41 76
76 135
76 225
76 244
76 293
76 172
76 321
76 101
76 234
35 58
35 279
35 65
35 151
35 122
35 91
35 168
35 241
17 35
35 41
35 225
35 272
35 244
35 172
35 321
35 307
35 205
35 101
35 234
35 76
2 82
2 58
2 36
2 71
2 151
2 122
2 78
2 168
2 17
2 242
2 41
2 225
2 272
2 244
2 293
2 172
2 307
2 205
2 101
2 234
2 35
46 82
46 58
46 355
46 71
46 65
46 151
46 122
46 78
46 91
46 168
17 46
46 242
41 46
46 225
46 272
46 244
46 172
46 321
46 307
46 205
46 234
46 76
35 46
2 46
82 202
58 202
202 355
36 202
202 279
71 202
65 202
151 202
122 202
78 202
91 202
168 202
202 242
135 202
202 225
202 272
202 244
202 293
202 321
202 307
202 205
101 202
202 234
76 202
35 202
2 202
46 202
24 82
24 58
24 36
24 279
24 71
24 65
24 151
24 122
24 91
24 168
24 241
17 24
24 242
24 41
24 135
24 225
24 272
24 244
24 172
24 321
24 307
24 205
24 101
24 76
24 35
2 24
24 202
82 375
58 375
355 375
279 375
71 375
65 375
151 375
91 375
168 375
241 375
17 375
242 375
135 375
225 375
272 375
244 375
293 375
172 375
101 375
76 375
2 375
46 375
202 375
24 375
48 351
48 300
181 300
300 351
48 72
72 300
48 75
75 181
75 300
72 75
48 331
331 351
300 331
72 331
75 331
48 109
109 181
109 351
109 300
72 109
75 109
109 331
48 55
55 181
55 351
55 300
55 72
55 75
55 331
55 109
48 261
261 351
261 300
72 261
75 261
55 261
48 132
132 181
132 351
132 300
72 132
75 132
132 331
109 132
55 132
48 100
100 351
100 300
72 100
75 100
55 100
100 261
100 132
66 351
66 72
66 75
66 331
48 140
140 181
140 351
140 300
140 331
109 140
55 140
100 140
66 140
48 218
218 351
218 300
72 218
75 218
218 331
55 218
218 261
100 218
66 218
140 218
48 173
173 181
173 351
72 173
173 331
109 173
55 173
173 261
132 173
100 173
66 173
140 173
48 290
181 290
290 300
72 290
75 290
290 331
109 290
55 290
261 290
132 290
100 290
66 290
140 290
218 290
173 290
48 117
117 351
117 300
72 117
109 117
55 117
117 132
100 117
66 117
117 140
117 218
117 173
117 290
48 329
181 329
300 329
72 329
75 329
55 329
261 329
100 329
140 329
173 329
290 329
117 329
20 181
20 351
20 75
20 331
20 109
20 55
20 261
20 132
20 100
20 218
20 173
20 290
20 117
48 136
136 181
136 351
136 300
75 136
136 331
109 136
55 136
136 261
132 136
136 140
136 218
136 173
117 136
20 136
48 291
181 291
291 351
291 300
72 291
75 291
109 291
261 291
132 291
100 291
66 291
218 291
290 291
117 291
291 329
136 291
48 326
300 326
75 326
326 331
55 326
261 326
100 326
66 326
140 326
218 326
173 326
326 329
20 326
136 326
291 326
48 88
88 181
88 351
88 300
72 88
75 88
88 331
88 109
55 88
88 261
88 132
66 88
88 218
88 173
88 290
88 117
88 329
20 88
88 136
88 291
88 326
56 181
56 351
56 75
56 331
56 109
55 56
56 261
56 132
56 100
56 66
56 140
56 218
56 173
56 329
20 56
56 136
56 291
83 181
83 300
83 331
55 83
83 261
83 132
83 100
66 83
83 140
83 218
83 290
83 117
83 329
83 136
83 291
83 326
83 88
56 83
48 108
108 181
108 351
108 300
75 108
108 331
108 109
108 261
108 132
100 108
108 173
108 290
108 117
108 329
108 136
108 326
88 108
56 108
83 108
48 198
181 198
198 351
198 300
72 198
198 331
109 198
55 198
198 261
132 198
100 198
66 198
140 198
198 218
173 198
198 290
117 198
198 329
20 198
136 198
198 291
198 326
88 198
56 198
83 198
108 198
48 142
142 181
142 351
142 300
72 142
75 142
142 331
109 142
55 142
142 261
132 142
100 142
66 142
140 142
142 218
142 290
117 142
142 329
20 142
136 142
142 291
142 326
88 142
56 142
108 142
15 48
15 181
15 351
15 300
15 72
15 75
15 331
15 109
15 261
15 132
15 100
15 66
15 218
15 173
15 329
15 20
15 136
15 291
15 326
15 88
15 56
15 83
15 108
15 142
48 159
159 181
159 351
159 300
72 159
159 331
55 159
159 261
100 159
66 159
159 173
159 290
117 159
159 329
20 159
159 291
159 326
88 159
56 159
83 159
159 198
48 139
139 181
139 351
139 300
72 139
75 139
139 331
109 139
139 261
132 139
100 139
66 139
139 140
139 218
139 173
139 290
20 139
139 291
139 326
56 139
83 139
108 139
15 139
139 159
174 181
174 351
174 300
72 174
75 174
174 331
132 174
100 174
66 174
140 174
174 218
174 329
20 174
136 174
174 291
174 326
88 174
56 174
108 174
174 198
15 174
159 174
139 174
48 357
181 357
300 357
72 357
75 357
331 357
109 357
55 357
132 357
100 357
66 357
140 357
218 357
173 357
329 357
20 357
291 357
326 357
88 357
83 357
108 357
198 357
142 357
15 357
159 357
139 357
174 357
144 314
144 197
197 314
67 144
67 197
144 190
190 314
190 197
67 190
52 144
52 314
52 197
144 260
67 260
190 260
52 260
144 341
314 341
197 341
67 341
190 341
52 341
260 341
144 216
216 314
197 216
67 216
190 216
52 216
216 260
94 144
94 314
94 197
67 94
94 190
52 94
94 260
94 341
94 216
190 323
52 323
260 323
323 341
216 323
94 323
197 238
190 238
52 238
238 260
238 341
216 238
238 323
80 144
80 314
80 197
80 190
52 80
80 260
80 341
80 216
80 94
80 323
274 314
197 274
67 274
190 274
52 274
260 274
274 341
216 274
274 323
238 274
80 274
144 207
197 207
67 207
190 207
52 207
207 260
207 341
94 207
207 323
207 238
80 207
144 251
251 314
197 251
190 251
52 251
251 260
251 341
216 251
94 251
251 323
80 251
251 274
144 147
147 314
147 197
67 147
52 147
147 260
147 341
147 216
94 147
147 323
147 238
147 274
147 251
10 144
10 314
10 67
10 190
10 52
10 260
10 341
10 216
10 323
10 238
10 80
10 274
10 251
10 147
144 219
197 219
67 219
52 219
219 260
219 341
219 323
219 238
80 219
207 219
147 219
10 219
144 268
190 268
268 341
94 268
268 323
238 268
80 268
268 274
207 268
10 268
219 268
144 297
297 314
197 297
67 297
52 297
297 341
216 297
94 297
297 323
238 297
80 297
207 297
251 297
219 297
268 297
44 144
44 314
44 197
44 190
44 52
44 341
44 216
44 238
44 80
44 207
44 251
44 147
10 44
44 219
44 268
16 144
16 314
16 197
16 67
16 190
16 260
16 341
16 216
16 94
16 238
16 80
16 274
16 251
16 147
10 16
16 219
16 268
126 197
126 260
126 341
94 126
126 238
80 126
126 274
126 207
10 126
126 219
126 297
16 126
144 203
67 203
190 203
52 203
203 260
203 341
203 216
203 323
80 203
203 274
203 207
147 203
10 203
203 219
203 268
203 297
44 203
16 203
144 358
190 358
52 358
260 358
341 358
216 358
94 358
323 358
80 358
274 358
251 358
10 358
219 358
268 358
297 358
44 358
16 358
126 358
203 358
60 197
60 190
60 341
60 216
60 94
60 323
60 238
60 274
60 147
10 60
60 219
60 268
60 297
44 60
16 60
60 203
60 358
59 67
52 59
59 216
59 94
59 323
59 238
59 80
59 274
59 251
59 147
10 59
59 219
59 268
59 297
59 126
59 203
59 358
59 60
144 335
314 335
197 335
67 335
335 341
94 335
238 335
274 335
207 335
251 335
147 335
10 335
268 335
297 335
44 335
16 335
126 335
335 358
60 335
59 335
130 314
67 130
130 190
130 260
130 341
94 130
130 323
130 238
80 130
130 207
130 251
130 147
10 130
130 219
130 268
44 130
16 130
130 358
60 130
59 130
130 335
144 315
197 315
67 315
52 315
260 315
315 341
216 315
94 315
315 323
238 315
80 315
251 315
147 315
10 315
219 315
268 315
297 315
16 315
203 315
315 358
60 315
59 315
315 335
130 315
73 144
73 314
73 197
67 73
73 190
73 260
73 341
73 216
73 94
73 323
73 80
73 251
73 147
73 219
73 268
73 297
44 73
16 73
73 126
73 358
60 73
59 73
73 335
144 346
314 346
67 346
260 346
216 346
94 346
323 346
238 346
80 346
251 346
10 346
268 346
16 346
126 346
203 346
346 358
60 346
59 346
335 346
130 346
73 346
144 206
197 206
67 206
190 206
52 206
206 260
206 216
94 206
80 206
206 207
147 206
10 206
206 219
206 268
44 206
16 206
126 206
203 206
60 206
59 206
206 335
130 206
206 315
206 346
257 311
37 311
37 257
68 311
68 257
37 68
153 311
153 257
68 153
50 311
64 311
64 257
37 64
64 68
50 64
179 257
37 179
68 179
153 179
50 179
64 179
230 311
230 257
37 230
68 230
153 230
50 230
19 311
19 37
19 68
19 179
19 230
5 311
5 257
5 37
5 68
5 64
5 179
5 230
79 311
79 257
37 79
68 79
64 79
79 179
79 230
5 79
11 311
11 68
11 50
11 64
11 230
11 19
5 11
11 79
257 280
37 280
68 280
153 280
50 280
179 280
230 280
19 280
5 280
11 280
37 99
99 153
50 99
99 179
99 230
19 99
5 99
11 99
99 280
37 155
68 155
153 155
64 155
155 179
155 230
19 155
5 155
79 155
155 280
99 155
4 311
4 68
4 153
4 50
4 64
4 230
4 19
4 5
4 79
4 155
171 311
171 257
37 171
153 171
50 171
64 171
171 179
19 171
5 171
171 280
155 171
4 171
311 327
257 327
37 327
68 327
153 327
50 327
179 327
230 327
19 327
5 327
79 327
11 327
280 327
99 327
155 327
4 327
171 327
51 311
51 179
51 230
19 51
5 51
51 280
51 99
51 155
4 51
51 171
3 311
3 257
3 37
3 68
3 153
3 50
3 64
3 179
3 230
3 19
3 5
3 79
3 280
3 99
3 155
3 4
3 327
283 311
257 283
37 283
68 283
50 283
64 283
179 283
19 283
5 283
79 283
11 283
280 283
99 283
171 283
3 283
166 311
166 257
37 166
68 166
153 166
64 166
166 179
166 230
19 166
5 166
79 166
11 166
99 166
155 166
4 166
166 171
269 311
257 269
37 269
68 269
153 269
50 269
64 269
179 269
19 269
5 269
79 269
11 269
99 269
4 269
171 269
51 269
269 283
166 269
289 311
257 289
37 289
68 289
153 289
50 289
64 289
179 289
5 289
11 289
280 289
155 289
171 289
289 327
51 289
283 289
166 289
269 289
311 374
257 374
37 374
68 374
153 374
64 374
179 374
230 374
19 374
79 374
11 374
280 374
99 374
155 374
4 374
171 374
327 374
51 374
3 374
166 374
269 374
289 374
138 311
138 257
37 138
68 138
138 153
138 179
138 230
5 138
79 138
11 138
138 280
99 138
138 155
4 138
138 327
51 138
3 138
138 269
138 374
176 257
37 176
50 176
176 179
176 230
79 176
11 176
176 280
155 176
4 176
171 176
176 327
51 176
3 176
176 283
166 176
176 269
176 289
213 311
213 257
37 213
68 213
153 213
50 213
64 213
179 213
213 230
19 213
79 213
11 213
213 280
155 213
4 213
213 327
51 213
213 283
166 213
213 269
213 289
213 374
176 213
311 369
257 369
37 369
68 369
153 369
64 369
179 369
230 369
5 369
79 369
11 369
280 369
99 369
155 369
4 369
327 369
51 369
3 369
283 369
166 369
269 369
369 374
176 369
213 369
33 311
33 257
33 37
33 68
33 153
33 64
33 179
33 230
19 33
5 33
33 79
11 33
33 280
33 99
33 155
4 33
33 171
33 51
33 283
33 166
33 269
33 289
33 374
33 138
33 176
298 311
257 298
37 298
68 298
153 298
50 298
64 298
179 298
19 298
5 298
79 298
11 298
280 298
99 298
155 298
4 298
171 298
51 298
3 298
166 298
289 298
298 374
176 298
213 298
298 369
33 298
28 37
28 153
28 50
19 28
5 28
28 79
11 28
28 280
28 155
4 28
28 283
28 269
28 374
28 138
28 176
28 213
28 33
28 298
92 311
92 257
37 92
92 153
50 92
64 92
92 179
92 230
19 92
5 92
92 280
92 155
4 92
92 171
92 327
3 92
92 283
92 166
92 269
92 289
92 138
92 176
92 369
33 92
92 298
28 92
26 201
146 201
26 146
201 306
26 306
146 306
149 201
26 149
146 149
149 306
26 63
63 306
18 201
18 26
18 306
18 149
18 63
201 267
26 267
146 267
267 306
149 267
63 267
18 267
118 201
26 118
118 149
63 118
18 118
118 267
7 26
7 306
7 149
7 63
7 18
7 267
178 201
26 178
146 178
178 306
63 178
18 178
178 267
118 178
7 178
201 362
26 362
146 362
149 362
63 362
18 362
118 362
178 362
201 320
26 320
146 320
149 320
63 320
18 320
267 320
7 320
178 320
320 362
201 310
26 310
146 310
306 310
149 310
63 310
18 310
267 310
7 310
178 310
310 320
201 245
26 245
146 245
245 306
149 245
63 245
18 245
118 245
7 245
245 320
245 310
26 239
239 306
63 239
18 239
239 267
118 239
7 239
178 239
239 310
239 245
54 201
26 54
54 146
54 306
54 149
18 54
54 118
7 54
54 178
54 362
54 320
54 239
201 334
26 334
146 334
149 334
63 334
18 334
7 334
334 362
320 334
310 334
54 334
201 288
146 288
288 306
149 288
63 288
18 288
267 288
118 288
7 288
178 288
288 320
288 310
245 288
239 288
54 288
288 334
26 165
165 306
149 165
63 165
18 165
165 267
118 165
7 165
165 178
165 362
165 320
165 310
165 245
165 239
54 165
165 334
165 288
26 370
146 370
306 370
63 370
18 370
267 370
362 370
320 370
310 370
239 370
54 370
334 370
288 370
165 370
201 226
146 226
226 306
149 226
63 226
226 267
118 226
7 226
226 362
226 320
226 310
226 245
226 239
54 226
226 334
226 288
165 226
226 370
201 292
26 292
146 292
292 306
149 292
63 292
18 292
267 292
118 292
7 292
178 292
292 320
292 310
292 334
288 292
292 370
226 292
21 201
21 26
21 146
21 306
21 149
21 63
18 21
21 267
7 21
21 362
21 320
21 310
21 245
21 239
21 54
21 334
21 165
21 226
26 368
146 368
306 368
149 368
63 368
18 368
267 368
7 368
178 368
362 368
320 368
310 368
245 368
239 368
334 368
288 368
165 368
368 370
226 368
292 368
201 209
26 209
146 209
149 209
18 209
7 209
209 245
209 239
54 209
209 334
209 288
165 209
21 209
201 336
146 336
306 336
149 336
18 336
267 336
118 336
7 336
178 336
336 362
310 336
239 336
54 336
165 336
226 336
292 336
21 336
336 368
201 319
26 319
146 319
149 319
63 319
267 319
178 319
319 362
319 320
310 319
245 319
54 319
319 334
288 319
165 319
319 370
226 319
292 319
21 319
319 368
209 319
201 248
26 248
146 248
248 306
18 248
248 267
118 248
7 248
178 248
248 362
248 320
248 310
245 248
239 248
54 248
248 334
165 248
248 370
226 248
248 292
21 248
248 368
248 336
157 201
26 157
146 157
149 157
18 157
118 157
7 157
157 178
157 362
157 239
54 157
157 334
157 165
157 226
157 209
157 336
157 319
157 248
162 201
26 162
146 162
162 306
149 162
63 162
162 267
118 162
7 162
162 178
162 362
162 320
162 310
162 245
162 239
54 162
162 288
162 165
162 370
162 292
21 162
162 368
162 209
162 248
157 162
26 53
53 146
53 306
53 149
53 63
18 53
53 267
53 118
7 53
53 178
53 362
53 320
53 245
53 334
53 288
53 226
53 292
21 53
53 368
53 209
53 336
53 319
53 248
53 157
53 162
201 228
26 228
146 228
228 306
18 228
7 228
178 228
228 320
228 310
228 245
228 239
54 228
228 334
228 288
228 370
226 228
228 292
21 228
228 368
228 319
201 255
26 255
146 255
255 306
63 255
18 255
118 255
178 255
255 362
255 320
255 310
245 255
239 255
255 334
165 255
255 370
226 255
255 292
21 255
255 368
209 255
255 319
248 255
157 255
228 255
26 95
95 146
95 306
95 149
63 95
18 95
95 267
7 95
95 178
95 362
95 310
95 239
54 95
95 288
95 165
95 370
95 292
21 95
95 209
95 336
95 319
95 248
95 157
95 162
53 95
95 228
95 255
296 360
343 360
193 361
193 360
252 296
252 343
252 360
270 296
270 361
193 270
252 270
86 296
86 343
86 360
86 193
86 252
86 270
133 296
133 360
133 193
133 252
133 270
86 133
217 296
217 361
217 343
217 360
217 252
217 270
86 217
133 217
189 296
189 361
189 343
189 252
86 189
133 189
189 217
324 343
324 360
193 324
252 324
270 324
86 324
189 324
296 312
312 361
312 343
252 312
133 312
312 324
296 313
313 343
313 360
193 313
252 313
133 313
217 313
189 313
187 296
187 361
187 343
187 360
187 252
86 187
133 187
187 217
187 312
134 296
134 361
134 343
134 360
134 193
134 252
133 134
134 217
134 189
134 313
134 187
160 193
160 252
160 270
86 160
133 160
160 217
160 189
160 312
160 187
134 160
103 296
103 361
103 360
103 193
103 252
103 270
103 133
103 217
103 189
103 324
103 312
103 313
103 187
103 134
103 160
253 296
253 361
253 343
253 360
193 253
252 253
86 253
133 253
217 253
189 253
134 253
103 253
296 318
318 361
318 343
318 360
193 318
252 318
86 318
217 318
318 324
313 318
187 318
134 318
160 318
103 318
253 318
31 296
31 361
31 343
31 193
31 252
31 270
31 86
31 133
31 217
31 324
31 312
31 187
31 134
31 160
31 103
31 253
31 318
115 296
115 343
115 360
115 193
115 252
115 270
86 115
115 189
115 324
115 312
115 313
115 187
115 134
115 160
96 296
96 361
96 343
96 360
96 193
96 270
86 96
96 133
96 217
96 189
96 312
96 313
96 187
96 134
96 103
96 253
96 318
31 96
254 296
254 361
254 360
252 254
254 270
86 254
133 254
217 254
189 254
254 324
254 312
254 313
187 254
134 254
103 254
253 254
254 318
31 254
115 254
180 361
180 343
180 360
180 252
180 270
86 180
133 180
180 217
180 189
180 313
180 187
134 180
160 180
103 180
180 253
115 180
96 180
233 361
233 343
233 360
86 233
133 233
217 233
233 312
233 313
187 233
160 233
103 233
233 318
31 233
115 233
233 254
180 233
81 296
81 343
81 360
81 193
81 270
81 86
81 133
81 217
81 189
81 312
81 134
81 160
81 103
81 253
81 318
81 115
81 96
81 254
81 233
152 296
152 360
152 193
152 252
86 152
152 324
152 312
152 187
134 152
152 160
103 152
152 253
152 318
31 152
115 152
152 254
152 180
152 233
81 152
221 361
221 343
193 221
221 270
86 221
221 312
187 221
160 221
103 221
221 253
31 221
96 221
221 254
180 221
221 233
81 221
152 221
229 296
229 361
229 343
229 360
193 229
229 252
86 229
133 229
217 229
189 229
229 324
229 312
160 229
103 229
229 253
96 229
229 254
229 233
81 229
361 363
343 363
193 363
252 363
86 363
189 363
324 363
313 363
187 363
160 363
103 363
253 363
318 363
115 363
96 363
180 363
233 363
81 363
152 363
229 363
69 296
69 361
69 343
69 360
69 193
69 270
69 86
69 189
69 324
69 313
69 187
69 134
69 103
69 253
69 318
31 69
69 115
69 96
69 180
69 233
69 81
69 152
69 221
30 296
30 361
30 343
30 360
30 193
30 270
30 86
30 133
30 217
30 189
30 324
30 134
30 160
30 103
30 253
30 115
30 96
30 254
30 180
30 233
30 221
30 229
30 363
296 359
343 359
359 360
193 359
252 359
270 359
86 359
133 359
217 359
324 359
187 359
134 359
253 359
318 359
115 359
96 359
254 359
233 359
152 359
221 359
229 359
359 363
30 359
296 305
305 360
193 305
252 305
270 305
86 305
189 305
305 324
305 312
187 305
160 305
103 305
31 305
254 305
180 305
233 305
81 305
221 305
305 363
69 305
30 305
123 339
93 123
93 167
93 339
121 123
121 167
121 339
123 125
125 167
125 339
93 125
123 204
167 204
204 339
93 204
121 204
123 317
167 317
317 339
93 317
121 317
204 317
123 353
339 353
93 353
125 353
204 353
317 353
123 195
93 195
121 195
125 195
195 204
195 317
195 353
22 123
22 167
22 339
22 93
22 121
22 125
22 204
22 317
22 195
90 123
90 339
90 93
90 121
22 90
123 345
167 345
339 345
121 345
317 345
345 353
195 345
90 345
123 262
167 262
262 339
93 262
121 262
125 262
204 262
262 353
22 262
90 262
262 345
112 167
112 339
93 112
112 121
112 125
112 204
112 317
112 353
112 195
22 112
90 112
112 345
112 262
123 215
167 215
215 339
93 215
125 215
204 215
215 317
195 215
22 215
215 345
123 243
167 243
243 339
93 243
121 243
125 243
204 243
243 317
22 243
90 243
243 345
243 262
112 243
123 232
167 232
93 232
121 232
125 232
232 317
232 353
232 262
112 232
215 232
232 243
123 328
167 328
328 339
93 328
121 328
125 328
204 328
328 353
195 328
22 328
90 328
328 345
262 328
112 328
215 328
243 328
232 328
123 273
167 273
121 273
125 273
204 273
273 317
273 353
195 273
262 273
112 273
215 273
243 273
232 273
273 328
123 196
167 196
196 339
93 196
121 196
196 204
196 317
195 196
22 196
90 196
196 345
196 215
196 243
196 232
196 328
196 273
74 339
74 93
74 121
74 125
74 353
74 195
22 74
74 90
74 345
74 262
74 243
74 232
74 328
74 273
74 196
123 240
167 240
240 339
121 240
125 240
204 240
195 240
22 240
90 240
240 345
240 262
112 240
215 240
240 243
240 328
240 273
196 240
120 123
120 339
93 120
120 121
120 204
120 317
120 353
120 195
22 120
90 120
120 345
120 262
112 120
120 215
120 243
120 232
120 328
120 273
74 120
222 339
121 222
125 222
222 317
195 222
22 222
90 222
222 262
112 222
215 222
222 243
222 232
222 328
222 273
222 240
120 222
167 264
264 339
93 264
121 264
204 264
264 317
264 353
195 264
22 264
90 264
264 345
112 264
215 264
243 264
264 328
264 273
196 264
120 264
222 264
123 301
93 301
125 301
301 317
195 301
301 345
262 301
112 301
243 301
232 301
301 328
196 301
74 301
240 301
120 301
123 285
167 285
285 339
125 285
204 285
285 317
285 353
195 285
90 285
112 285
215 285
243 285
285 328
196 285
74 285
240 285
222 285
285 301
167 191
191 339
93 191
121 191
125 191
191 204
191 317
191 353
191 195
90 191
191 345
191 262
191 215
191 232
191 328
191 273
191 196
74 191
120 191
191 264
191 301
191 285
167 185
93 185
121 185
185 204
185 317
185 353
185 195
185 345
185 262
185 215
185 243
185 232
185 273
185 196
74 185
120 185
185 222
185 301
185 285
185 191
123 281
93 281
121 281
125 281
204 281
281 317
281 353
195 281
22 281
90 281
262 281
215 281
243 281
232 281
281 328
196 281
74 281
240 281
120 281
222 281
264 281
281 285
185 281
123 352
167 352
93 352
121 352
125 352
204 352
317 352
352 353
90 352
345 352
262 352
112 352
215 352
243 352
232 352
328 352
273 352
196 352
74 352
240 352
120 352
222 352
285 352
191 352
185 352
281 352
49 123
49 339
49 93
49 125
49 317
22 49
49 90
49 345
49 112
49 215
49 232
49 328
49 196
49 74
49 240
49 222
49 264
49 301
49 285
49 191
49 185
49 281
49 352
6 123
6 167
6 204
6 353
6 195
6 90
6 345
6 262
6 215
6 243
6 232
6 328
6 196
6 74
6 120
6 264
6 301
6 285
6 191
6 185
6 281
6 352
6 49
123 309
167 309
93 309
125 309
309 317
309 353
195 309
90 309
309 345
262 309
112 309
243 309
309 328
273 309
196 309
74 309
240 309
120 309
222 309
264 309
301 309
285 309
185 309
281 309
309 352
49 309
87 227
220 227
87 220
227 246
87 246
87 250
220 250
246 250
227 356
220 356
250 356
227 350
87 350
220 350
246 350
250 350
350 356
87 377
220 377
246 377
250 377
350 377
87 378
246 378
377 378
227 236
87 236
220 236
236 250
236 356
236 350
236 378
129 227
87 129
129 220
129 246
129 250
129 356
129 350
129 377
129 378
129 236
87 348
220 348
246 348
250 348
348 356
348 350
348 377
348 378
236 348
129 348
87 276
246 276
250 276
276 356
276 350
276 377
276 378
129 276
276 348
127 246
127 356
127 377
127 236
127 129
127 348
127 276
27 87
27 220
27 246
27 250
27 350
27 378
27 236
27 129
27 276
27 127
211 227
211 246
211 250
211 356
211 350
211 377
211 378
211 236
211 348
220 235
235 246
235 250
235 350
235 377
129 235
235 348
235 276
127 235
27 235
211 235
227 302
87 302
220 302
246 302
250 302
302 350
302 377
302 378
236 302
129 302
302 348
276 302
127 302
211 302
235 302
227 263
87 263
220 263
246 263
250 263
263 377
263 378
236 263
129 263
263 276
127 263
27 263
211 263
263 302
45 227
45 220
45 246
45 250
45 350
45 377
45 378
45 236
45 348
45 127
27 45
45 211
45 235
45 302
45 263
227 365
87 365
220 365
246 365
250 365
356 365
350 365
348 365
127 365
27 365
211 365
235 365
263 365
87 111
111 220
111 377
111 236
111 129
111 276
27 111
111 211
111 235
111 302
111 263
45 111
111 365
227 330
87 330
220 330
246 330
250 330
330 350
330 377
330 378
129 330
330 348
276 330
127 330
27 330
211 330
235 330
302 330
263 330
45 330
330 365
111 330
227 287
220 287
246 287
250 287
287 356
287 377
287 348
276 287
127 287
211 287
235 287
287 302
263 287
287 330
154 227
87 154
154 220
154 250
154 356
154 377
154 378
154 236
129 154
154 348
127 154
27 154
154 211
154 235
154 302
45 154
154 365
111 154
154 330
177 227
177 220
177 246
177 250
177 350
177 377
177 236
129 177
177 276
127 177
27 177
177 211
177 302
177 263
45 177
111 177
177 330
177 287
40 227
40 220
40 246
40 250
40 377
40 236
40 129
40 348
40 127
27 40
40 211
40 235
40 302
40 365
40 111
40 330
40 287
40 177
156 227
87 156
156 220
156 246
156 250
156 350
156 377
156 378
156 236
129 156
127 156
27 156
156 211
156 235
156 302
156 263
45 156
156 365
111 156
156 330
156 287
154 156
156 177
84 227
84 220
84 246
84 250
84 356
84 350
84 377
84 378
84 129
84 348
84 127
27 84
84 211
84 235
84 302
45 84
84 365
84 111
84 330
84 287
84 154
84 177
40 84
13 227
13 356
13 350
13 378
13 236
13 129
13 348
13 276
13 235
13 302
13 263
13 45
13 111
13 330
13 287
13 154
13 177
13 40
13 84
164 227
87 164
164 246
164 250
164 356
164 350
129 164
164 348
164 276
127 164
27 164
164 235
164 365
164 287
154 164
156 164
13 164
227 237
87 237
220 237
237 246
237 356
237 350
237 378
236 237
237 348
237 276
27 237
235 237
237 302
237 263
45 237
237 365
237 330
237 287
154 237
177 237
156 237
84 237
164 237
87 210
210 356
210 350
210 378
129 210
210 276
127 210
210 211
210 302
45 210
210 330
154 210
177 210
156 210
13 210
210 237
227 372
87 372
220 372
246 372
356 372
350 372
372 377
372 378
129 372
348 372
276 372
127 372
27 372
235 372
302 372
45 372
330 372
287 372
40 372
156 372
84 372
13 372
164 372
237 372
32 227
32 87
32 220
32 246
32 356
32 350
32 377
32 378
32 236
32 129
32 348
32 127
32 235
32 302
32 365
32 330
32 287
32 154
32 177
32 40
32 156
32 84
13 32
32 210
32 372
194 286
183 286
286 338
194 338
183 338
308 338
258 286
194 258
258 308
114 286
114 194
114 183
114 338
114 258
39 338
39 308
12 194
12 183
12 308
12 114
12 39
184 286
184 338
184 258
114 184
39 184
286 304
183 304
304 338
304 308
114 304
39 304
12 304
184 304
266 286
266 338
258 266
114 266
39 266
12 266
184 266
266 304
186 286
186 194
183 186
186 338
186 258
114 186
39 186
12 186
184 186
186 304
286 371
194 371
183 371
338 371
308 371
258 371
114 371
39 371
184 371
304 371
266 371
186 371
284 286
194 284
284 308
258 284
114 284
39 284
266 284
186 284
119 286
119 194
119 183
119 338
114 119
12 119
119 184
119 304
119 186
119 371
119 284
192 286
183 192
192 308
192 258
114 192
12 192
184 192
192 266
186 192
192 371
119 192
104 286
104 194
104 338
104 308
104 258
104 114
104 304
104 266
104 371
104 284
104 119
104 192
137 308
114 137
12 137
137 184
137 304
137 266
137 371
119 137
137 192
104 137
286 366
194 366
183 366
308 366
258 366
12 366
184 366
304 366
266 366
366 371
284 366
119 366
192 366
104 366
137 366
286 354
194 354
338 354
308 354
258 354
114 354
39 354
12 354
184 354
304 354
266 354
186 354
354 371
284 354
119 354
192 354
104 354
354 366
286 294
194 294
258 294
39 294
12 294
184 294
266 294
186 294
284 294
119 294
192 294
104 294
137 294
294 366
294 354
231 286
194 231
231 338
114 231
39 231
12 231
184 231
231 304
231 266
186 231
231 284
119 231
192 231
104 231
137 231
231 366
231 294
170 286
170 194
170 183
170 258
114 170
39 170
170 184
170 304
170 266
170 186
170 371
170 284
119 170
170 354
170 294
97 183
97 308
97 258
39 97
12 97
97 184
97 304
97 266
97 186
97 371
97 119
97 192
97 104
97 137
97 354
97 231
286 325
183 325
325 338
308 325
258 325
114 325
39 325
184 325
304 325
266 325
186 325
284 325
119 325
192 325
104 325
137 325
325 366
325 354
294 325
231 325
170 325
97 325
98 183
98 338
98 308
98 114
12 98
98 184
98 304
98 266
98 186
98 371
98 284
98 119
98 192
98 104
98 137
98 366
98 354
98 231
98 170
97 98
98 325
194 344
308 344
258 344
39 344
12 344
304 344
266 344
186 344
344 371
192 344
104 344
137 344
344 366
344 354
294 344
231 344
170 344
97 344
325 344
98 344
124 286
124 194
124 183
124 308
114 124
39 124
124 184
124 304
124 266
124 186
124 284
124 192
124 137
124 366
124 354
124 294
124 231
124 170
124 325
98 124
124 344
42 194
42 183
42 338
42 308
42 258
39 42
12 42
42 184
42 304
42 186
42 371
42 284
42 192
42 104
42 137
42 366
42 354
42 294
42 231
42 170
42 97
42 325
42 98
42 344
42 124
286 322
194 322
322 338
308 322
39 322
184 322
304 322
266 322
186 322
322 371
284 322
119 322
192 322
104 322
137 322
322 366
322 354
294 322
231 322
170 322
322 344
124 322
214 286
194 214
183 214
214 338
214 258
114 214
12 214
214 371
214 284
119 214
192 214
104 214
137 214
214 366
214 294
214 231
170 214
97 214
214 325
98 214
214 344
42 214
214 322
286 373
194 373
183 373
338 373
308 373
258 373
114 373
184 373
304 373
266 373
186 373
119 373
192 373
104 373
137 373
366 373
354 373
294 373
170 373
97 373
325 373
344 373
124 373
42 373
322 373
214 373
131 286
131 194
131 258
114 131
39 131
12 131
131 184
131 304
131 266
131 186
131 371
119 131
131 192
104 131
131 137
131 366
131 354
131 294
131 231
131 170
131 325
98 131
131 344
42 131
131 322
131 214
131 373
286 379
194 379
183 379
258 379
114 379
39 379
12 379
184 379
304 379
266 379
186 379
371 379
284 379
192 379
104 379
366 379
354 379
231 379
170 379
97 379
325 379
98 379
344 379
124 379
322 379
131 379
