372 185
-9013 9319 866 5
-8574 -6660 2562 7
481 3321 -9543 8
1681 7618 1120 1
7635 -4869 -3688 10
5484 9791 6166 2
4294 1728 -2501 10
-5136 -657 8552 3
2286 7147 1641 4
-7279 6781 9723 3
5477 3805 -447 4
5115 -3210 4377 2
-2602 -5158 3625 8
2742 -4670 3012 6
8731 4995 1116 3
5481 9789 6164 7
2457 1300 2286 6
9266 5897 8652 10
4288 -2914 -5901 1
1510 2963 6748 2
3771 3199 -5019 6
9216 -701 889 5
-321 267 -8060 4
-1574 6240 4927 5
1482 -820 5278 1
859 -3345 -3526 9
4387 -5706 9088 2
-2068 2887 8433 6
-2171 -6434 -8100 3
1027 -3546 9836 8
5615 -2341 -8811 2
-4516 711 7103 2
8279 8658 6531 6
3182 9526 -4482 10
6133 6568 6180 10
9158 -4325 -9760 10
2008 -4575 4360 3
8500 -9134 7588 6
9441 -8878 -8764 6
4110 511 4417 7
-7644 1919 7761 1
-7611 -8977 -8082 6
-8973 3338 -8322 10
-4004 2844 -3272 6
-9585 -71 -4693 10
-5278 2061 -3051 8
-9907 -5133 -2555 5
4733 5174 -4801 8
-7068 5459 -7573 7
4476 416 4453 2
-4987 5398 -8755 8
6037 -8766 1838 9
-6097 -3486 1490 3
1638 -2198 4723 6
8277 8656 6529 10
-1165 3718 -4656 7
1026 -3548 9835 6
8445 506 3706 1
-429 -3231 2456 3
5315 -4817 -7784 3
4107 508 4415 3
7710 -9820 5767 1
6934 8359 -4120 1
1516 8529 -5146 4
-3522 8009 -9383 6
-7542 2267 4803 8
7711 -9818 5768 5
-8931 8558 8318 2
2006 -5414 7076 10
3644 8150 9748 10
-8494 8043 9193 9
-3523 8008 -9385 1
-2392 -9586 -9460 4
456 9275 -7265 9
-3248 -8462 -1773 10
3853 5979 7198 9
-7992 2924 2971 3
455 9273 -7266 9
-9223 -9369 9913 5
-2063 903 5205 6
-1701 2114 -9521 5
5466 -4027 2772 4
8730 4992 1114 10
1206 441 -1706 6
7491 6030 -9047 7
-1702 2112 -9524 2
9157 -9133 5517 10
-6218 4211 9340 9
4935 6571 5874 6
9309 5254 7786 1
9306 5251 7785 4
-4737 7424 -2497 10
-6201 -2766 -8672 10
1631 -2892 2127 6
9110 169 8199 3
-4653 5906 4745 6
-6195 8687 100 8
-8383 2786 -2225 3
2005 -5417 7074 7
3179 9525 -4484 5
6515 -854 5707 10
7638 -4867 -3686 6
-7572 -5104 6551 1
-7661 2067 4580 4
-2066 2889 8435 3
-8933 8557 8315 7
2670 6548 -7565 1
-427 -3228 2458 2
5099 320 -864 7
-3976 844 -211 10
-7641 1921 7763 8
-2415 5280 -8228 8
-6046 -6927 -4462 7
4604 6028 3625 7
-9995 9874 7383 9
5475 3802 -449 4
4828 3760 -8417 3
6237 -243 9898 6
-5203 7227 2482 7
954 6842 5044 9
-9012 9321 868 5
4227 3798 7670 9
3273 -2487 -3908 3
4038 1779 -1342 7
-2610 -7570 6985 2
-7131 -4672 -1960 1
-5537 6550 8433 8
-5874 6917 5119 7
6240 -240 9901 5
2458 1303 2289 3
4477 417 4455 1
1596 1919 9553 1
-6202 -2769 -8673 1
1096 -2974 9299 6
5112 -3212 4375 6
8442 505 3703 5
4646 -1667 6118 4
7501 5984 -6378 10
8005 865 -2977 8
2041 262 -3828 6
8450 3613 -2814 10
7126 4810 -2973 6
-4656 5905 4743 2
-6305 -69 -813 7
2308 2557 8751 1
-534 -1369 9219 3
-7991 2925 2974 5
-2611 -7573 6983 2
-2065 902 5203 9
335 -9407 9111 2
-8156 -8374 -5107 6
-1164 3719 -4655 1
4667 -7492 6449 10
333 -9410 9109 3
4149 2528 3056 3
2206 -5827 -8240 4
2039 260 -3829 9
-7509 -5352 -6816 4
3818 9266 -5327 6
-6245 -2946 -8756 4
5316 -4816 -7783 4
-7251 1293 7357 2
5908 1958 3952 4
-7130 -4670 -1957 2
1480 -822 5277 5
8550 3851 -9077 7
9354 9816 -4966 8
-6306 -72 -816 1
-4985 5399 -8754 9
9958 2023 9354 8
3584 -9079 -7707 9
415 -1556 -236 3
8474 -1387 -4578 4
9440 -8881 -8767 8
-3538 4672 8050 2
4607 6029 3628 1
3271 -2490 -3910 6
9916 376 -3913 5
-6196 8686 98 2
1511 2964 6749 5
7931 -2127 5691 5
484 3323 -9541 8
9907 2033 578 10
-7660 2070 4583 9
-4421 -4376 -9448 3
6040 -8765 1839 4
-2349 475 2513 8
4386 -5709 9085 5
-2186 8337 7865 8
-649 7405 -6085 9
8688 -9060 1569 4
-5171 -9459 -859 6
-7613 -8980 -8084 8
-8614 -8117 -1604 3
3225 423 -6292 9
-4423 -4379 -9450 3
9679 -4265 6922 10
8002 864 -2979 8
9159 -4324 -9757 6
9160 -9130 5518 6
-5534 6551 8436 7
-2412 5282 -8226 5
4665 -7494 6447 10
7932 -2125 5694 6
-6220 4208 9337 4
4933 6570 5873 5
9837 -1706 6301 10
955 6843 5047 6
-9819 1139 6441 1
484 8903 9676 5
1207 444 -1703 7
-5206 7226 2481 2
-6096 -3483 1492 4
-6043 -6926 -4461 8
-8976 3337 -8323 4
-8493 8044 9194 10
7202 -3404 -5043 6
8174 -84 3163 4
412 -1557 -239 2
-7357 -9329 -4003 4
-4605 -6361 9943 4
-5815 -8105 -680 3
3135 1280 954 4
-1982 -879 3541 6
-7402 3921 9891 10
3668 -6128 3811 8
-4518 710 7101 2
3138 -1774 3163 7
-7067 5462 -7570 7
-7061 2207 125 9
-8577 -6661 2561 5
-2173 -6435 -8102 3
8689 -9057 1571 8
-5044 6552 3420 5
-651 7403 -6086 2
9486 -9850 2577 5
9960 2025 9357 1
-5229 2645 -6404 8
835 -9222 7840 9
-9806 -9184 -7662 2
-3930 -2863 -4523 10
-167 -5686 -9911 1
1099 -2972 9302 6
9681 -4263 6925 3
7127 4811 -2971 10
-5042 6553 3423 9
7488 6027 -9049 3
-5939 6565 -7865 10
-8617 -8119 -1606 6
-7544 2265 4801 4
9355 9819 -4965 10
-9820 1137 6438 10
-3974 845 -209 7
4224 3797 7669 1
-1575 6239 4924 7
-165 -7262 1994 2
2006 -4578 4358 1
-3539 4671 8048 5
-4002 2845 -3270 10
3851 5977 7197 7
-5170 -9457 -858 6
-8155 -8372 -5104 6
9214 -703 888 9
6769 -1611 -5301 7
-2183 8339 7867 7
6767 -1613 -5302 7
3820 9268 -5325 1
-9081 -9893 4219 9
9891 7633 -9341 5
-9808 -9185 -7665 6
6517 -853 5708 8
9487 -9848 2580 3
-1302 8352 8401 3
9113 171 8201 10
9123 -884 -9516 7
-2605 -5161 3623 2
-7252 1292 7354 3
8498 -9135 7587 1
-164 -5684 -9909 8
-8003 7641 3966 7
-2765 -5854 6159 7
-4735 7426 -2494 9
-5812 -8104 -679 9
-324 264 -8063 4
-9586 -73 -4695 4
-5649 4457 1015 2
9915 373 -3916 8
-9225 -9370 9911 5
861 -3343 -3525 10
-2351 473 2511 10
9908 2035 580 4
1641 -2197 4726 2
8477 -1384 -4576 3
-3932 -2864 -4526 8
475 -8215 -6419 4
9120 -886 -9517 6
-7064 2206 124 6
9264 5896 8651 9
9892 7634 -9340 5
2285 7144 1640 1
-2689 -8190 -8032 7
1628 -2894 2126 9
-8000 7642 3969 1
-2686 -8188 -8031 4
-7404 3920 9888 8
-9997 9873 7381 6
4827 3758 -8418 1
-3859 -1410 -5056 3
-9080 -9891 4220 1
-5139 -658 8549 10
3582 -9081 -7709 4
-7569 -5102 6552 8
8175 -82 3165 6
1519 8531 -5143 3
-1300 8353 8403 4
-9790 9564 7276 10
2673 6549 -7564 8
7205 -3402 -5042 3
-5871 6919 5122 2
4732 5171 -4803 1
3223 420 -6295 2
-7359 -9332 -4006 4
-9908 -5134 -2558 1
4289 -2911 -5900 1
-5937 6567 -7864 4
3669 -6127 3812 2
-8384 2783 -2226 3
4645 -1668 6115 2
-2393 -9587 -9461 9
-2766 -5856 6158 4
2310 2560 8754 4
2745 -4668 3014 2
3133 1278 952 10
5616 -2338 -8809 9
7992 -2875 6710 7
6135 6570 6182 7
1599 1920 9555 3
6933 8358 -4122 3
5907 1955 3949 6
-4607 -6364 9940 5
-6243 -2943 -8755 8
-7282 6780 9721 10
7995 -2872 6711 5
3136 -1777 3160 2
-5277 2062 -3048 8
4148 2526 3053 1
-7507 -5349 -6814 5
3643 8148 9745 9
-5226 2646 -6401 2
7504 5986 -6377 9
8448 3610 -2817 8
-5647 4460 1017 7
477 -8213 -6417 7
3773 3200 -5017 9
-3857 -1407 -5054 9
-166 -7264 1991 5
4292 1727 -2502 6
8547 3849 -9080 2
-532 -1366 9220 7
837 -9219 7843 7
485 8904 9678 6
5096 318 -866 10
1683 7620 1122 8
-1985 -880 3538 8
5467 -4024 2775 9
9834 -1709 6300 9
8280 -7626 -8452 1
-3250 -8464 -1776 5
2207 -5824 -8237 8
4036 1777 -1344 2
-9791 9563 7275 1
8283 -7624 -8449 9
83 121
15 368
75 248
296 325
275 298
18 54
138 292
346 350
60 155
161 364
224 234
246 335
255 343
24 136
58 238
212 349
119 277
162 192
261 305
225 263
22 358
86 166
46 81
328 345
137 258
175 333
223 266
264 295
99 353
69 87
143 200
96 205
78 88
74 362
109 203
126 153
134 164
112 243
157 202
140 247
85 260
76 371
49 316
229 310
8 84
211 330
158 281
268 347
236 309
77 272
147 231
2 254
122 284
23 302
94 217
287 318
178 370
124 165
25 339
163 270
113 240
206 214
89 307
117 142
245 297
59 230
108 329
73 232
29 288
36 79
106 199
68 306
4 115
132 363
35 337
31 336
101 334
91 271
57 90
30 167
156 251
357 369
7 322
110 220
103 253
179 312
97 100
34 160
26 341
181 289
154 204
51 150
169 198
107 139
197 317
72 244
19 65
71 324
216 344
149 228
41 80
111 356
64 256
127 314
201 218
215 313
43 196
185 351
141 239
61 360
40 193
42 300
9 327
98 273
269 315
235 299
190 321
44 195
259 278
38 104
184 290
187 249
146 194
174 359
39 173
250 293
50 66
131 168
16 144
6 82
188 365
27 62
20 67
116 180
11 92
151 282
118 262
129 320
48 128
222 319
226 283
114 326
170 176
237 366
207 301
219 304
172 191
233 285
45 135
5 12
56 102
3 152
182 210
252 361
145 209
323 331
17 47
130 242
55 279
33 148
125 183
286 291
14 352
257 332
37 308
21 355
95 354
274 348
28 70
105 159
267 311
171 276
13 52
186 340
221 280
227 303
32 342
10 53
213 294
177 241
123 189
120 265
208 338
63 133
93 367
