40 17
5963 896 4901 48
-3699 -4704 544 41
1981 4004 9299 254
-3691 -6527 292 287
3110 2781 7370 389
-9773 -7321 9192 387
-3450 5846 -3527 323
3735 4125 -8498 38
-8684 -1226 9631 335
5300 1520 -4305 393
-3579 -2310 -2523 359
-2230 -124 3214 288
617 7162 -6218 104
-351 -3186 -4380 222
-431 -7310 9592 170
2764 5917 -6191 93
-8751 -3871 -9418 290
-5668 -419 -7610 242
3806 -9333 -6158 344
4324 5051 -3381 157
-1226 -804 8052 23
-9299 7230 -2033 319
-9099 1271 8295 396
2898 4666 4832 205
-8493 -4409 -4134 336
4859 -9110 -4321 128
716 -8706 2311 229
-2453 6515 565 25
6720 7443 -3918 159
6818 -7247 -9049 333
7507 -6884 4240 4
861 8486 1170 199
-2760 4436 1354 400
9291 -9431 -8191 220
-6957 -8859 4672 167
7494 9045 -1238 38
-889 -3413 -87 244
-8098 5195 -9393 5
-505 2399 7735 90
1441 -8437 3208 11
4 5
12 16
21 24
34 37
7 39
8 32
7 8
33 35
3 26
22 23
15 17
17 19
10 34
27 28
22 28
20 37
20 30
