375 1307
-346 -8474 9201 42
784 -6741 5893 383
-7135 4215 703 298
-452 5215 -5444 312
-5869 -8390 2899 331
-5696 -3092 7600 283
-64 -8838 2607 206
-7246 4147 716 336
-89 -8963 2622 258
-8054 -4838 -3 67
-7429 5489 459 216
4975 6331 -2894 207
-8499 2019 2051 371
6446 5955 -8371 186
-2675 8695 904 374
498 -8849 1134 31
-7444 5478 555 154
-9058 5697 -1685 283
7950 9423 -8892 370
4957 6450 -2838 104
-331 -8592 9293 124
-104 -8848 2457 24
-5835 -8446 2898 297
-2660 8614 830 345
-7543 5519 600 382
-24 -8901 2470 374
-7965 -4792 -44 149
-7507 5583 476 204
575 -8782 1140 388
734 -6744 5870 259
734 -6561 5861 299
3924 -6920 7773 207
-5700 -6651 6429 140
-7505 5604 526 123
-5743 -6648 6555 219
-2687 8640 845 350
-5847 -3219 7501 355
-5935 -8400 2839 95
1256 7633 -3194 103
7784 9382 -8986 390
3779 -6908 7769 225
6534 5930 -8315 239
6426 5926 -8279 254
1108 7526 -3166 148
510 -8822 1203 400
-5851 -8416 2846 285
-2671 8721 806 305
-7297 4092 682 35
648 -8886 1215 192
-7480 5482 474 181
-7147 4178 758 357
1274 7564 -3198 384
-2667 8692 847 11
-2565 -4106 -2330 136
649 -6711 5884 191
2605 323 7005 299
-7491 5528 548 235
595 -6630 5951 336
5020 6364 -2872 208
2691 338 6895 119
4958 6316 -2799 64
-6120 8252 -485 244
-8165 -2156 447 229
-2638 -4178 -2445 341
2691 322 6995 291
-8925 5796 -1699 181
655 -6663 5965 91
-2819 8629 809 17
-5805 -3087 7614 136
2604 309 6907 322
-4111 -7800 7862 215
-5737 -3138 7474 186
-5769 -3062 7596 318
-7173 4186 724 72
-290 -8516 9183 66
7789 9355 -8894 49
-5752 -8448 2799 332
-8545 1945 1870 27
515 -8786 1046 382
-4089 -7716 7872 338
-4082 -7760 7949 154
-3963 -7713 7940 207
-310 -8479 9273 165
3782 -6928 7842 314
5111 6426 -2853 77
-5549 -6785 6603 134
-7275 4088 677 262
-7928 -4915 31 75
3805 -6945 7914 39
-5846 -3162 7630 269
3870 -6910 7777 179
2592 289 6994 186
1209 7554 -3114 134
23 -8791 2553 105
650 -8712 1148 283
-2626 -4192 -2310 181
-8468 2064 1942 188
-283 -8438 9166 163
-9056 5644 -1650 262
-422 5122 -5550 151
-4100 -7772 7877 302
4970 6330 -2963 294
-2624 -4095 -2481 168
647 -6581 5957 30
7822 9371 -8864 379
-5768 -8500 2839 186
-5748 -3098 7457 297
-8130 -2183 438 383
651 -8733 1202 92
-305 -8588 9212 89
2609 315 6872 29
-332 5080 -5582 117
-8498 1978 1889 42
-289 5152 -5624 187
-2639 8676 990 44
-6111 8384 -537 372
7791 9439 -8837 385
-8516 2032 1916 222
3787 -6900 7768 274
-8575 1994 2024 282
1922 -1267 2697 314
-2487 -4121 -2496 101
7854 9462 -8842 217
-5912 -8353 2714 389
-8119 -2066 500 253
1974 -1233 2560 92
-8098 -2138 428 298
-5767 -3077 7561 43
767 -6609 5913 324
3825 -6979 7752 2
-8167 -2126 444 243
-271 -8469 9240 320
-384 -8465 9247 221
2647 355 6931 190
6482 5896 -8257 50
2024 -1216 2573 49
-6221 8403 -488 252
-2648 -4100 -2448 58
-7554 5509 517 322
-7140 4082 642 23
749 -6694 5933 10
-6204 8316 -353 390
7801 9488 -8838 30
664 -6719 5956 259
-4127 -7721 7840 153
-5897 -8383 2794 390
1942 -1295 2559 244
-8170 -2153 552 298
531 -8744 1134 221
3849 -6787 7784 2
-8423 2064 1908 169
-5710 -6741 6525 59
-5893 -8450 2829 162
1170 7644 -3169 391
7927 9445 -8890 247
760 -6579 5925 330
5030 6395 -2948 322
6366 5873 -8343 14
1151 7562 -3172 287
-5766 -3234 7574 57
572 -8752 1105 58
5095 6320 -2871 390
-3978 -7883 7923 218
-6201 8264 -486 12
611 -8834 1188 348
-8058 -4943 -1 280
2699 354 6863 366
528 -8796 1135 394
7919 9396 -8970 125
-5731 -6785 6419 345
2584 267 6871 307
1225 7524 -3243 169
2734 292 7010 68
-5664 -6630 6592 111
-7602 5477 590 310
-326 5233 -5565 322
6399 6018 -8286 314
-4116 -7775 7808 367
1214 7570 -3218 386
-8176 -2179 480 261
692 -6605 5891 91
-8005 -4835 -60 310
2078 -1320 2731 104
7946 9512 -9021 287
-8503 1988 1878 273
7820 9495 -8825 232
-7995 -4949 -68 61
1982 -1303 2568 111
7960 9411 -8956 154
-4159 -7806 7813 217
-8068 -2066 486 218
5066 6438 -2842 340
1198 7660 -3086 14
-97 -8922 2455 8
-7933 -4781 -91 334
4 -8893 2454 146
-317 -8603 9143 9
-6101 8307 -489 291
6418 5888 -8391 128
553 -8769 1186 374
-6250 8303 -427 318
1171 7563 -3239 293
5033 6264 -2892 320
-7153 4093 727 130
-7217 4237 792 338
-8558 1988 1999 290
-8027 -4860 0 171
-9065 5666 -1663 325
-269 5207 -5528 208
-2547 -4131 -2309 9
-4030 -7865 7872 136
-2802 8556 918 199
-5720 -6644 6457 385
-9025 5787 -1696 70
2018 -1282 2621 248
-81 -8823 2457 349
-8024 -2138 529 318
4939 6362 -2829 341
-5818 -3203 7552 275
-2601 -4091 -2327 358
-352 -8506 9294 49
-2630 -4051 -2330 76
1949 -1316 2725 342
-7191 4111 666 48
-17 -8935 2580 398
-2668 8635 985 280
-2735 8553 803 47
-5867 -3216 7597 83
6536 5990 -8316 142
-8037 -2237 378 143
-8480 2007 2010 351
-7511 5489 454 109
63 -8873 2521 94
-8896 5697 -1597 195
5075 6379 -2965 382
2613 235 6874 124
-9009 5811 -1572 155
-8160 -2117 442 47
-452 5213 -5502 95
-9080 5793 -1674 98
-2661 8548 957 154
-7586 5497 517 333
-2654 -4108 -2395 50
-6223 8361 -458 77
2656 286 6907 52
3942 -6833 7736 298
-431 5117 -5500 206
1130 7571 -3201 295
1152 7579 -3236 64
-2564 -4190 -2458 62
2054 -1376 2646 51
1987 -1381 2713 337
-4114 -7744 7981 364
-307 5144 -5552 135
1224 7611 -3271 92
-9016 5678 -1611 30
-5610 -6798 6518 374
-8566 2035 2036 297
2687 300 6895 89
6430 5942 -8413 73
-8040 -4946 45 200
-5578 -6678 6457 247
787 -6728 5959 205
-8056 -4928 -22 300
-2716 8653 839 179
-9082 5713 -1727 115
-7491 5482 501 312
-9035 5698 -1642 54
-7876 -4799 -114 180
4942 6448 -2896 156
-2747 8595 810 222
-457 5156 -5554 89
-9073 5778 -1575 305
-7953 -4765 -74 342
-364 -8412 9152 368
-4135 -7856 7919 303
-305 5052 -5599 12
-5650 -6715 6443 183
-2603 -4101 -2484 213
-5901 -8505 2825 286
-5848 -8356 2808 255
-5690 -3214 7455 31
-9054 5715 -1568 77
-6180 8325 -423 48
-7144 4150 676 67
638 -8750 1199 146
-9082 5635 -1677 62
1985 -1303 2740 94
68 -8929 2523 79
0 -8854 2466 25
-402 -8421 9309 348
-2808 8618 818 372
-283 5239 -5467 236
-356 -8450 9198 73
3949 -6910 7787 375
-323 -8478 9185 3
-5800 -3199 7448 261
2102 -1332 2696 363
-5889 -8352 2755 343
3920 -6853 7847 143
2088 -1316 2696 239
-6221 8404 -356 202
-6195 8341 -389 294
-5605 -6794 6434 371
-5845 -8372 2786 64
-7281 4094 722 179
5052 6293 -2981 267
-6205 8335 -382 228
-8033 -2149 380 299
3952 -6877 7751 73
-5663 -6718 6559 28
-8535 1972 2039 309
-2654 -4156 -2320 92
5107 6401 -2891 106
-7540 5435 542 245
-8436 1983 1938 183
7774 9478 -8827 127
6367 5870 -8362 265
1130 7514 -3159 189
-7558 5523 554 330
660 -8881 1234 343
-5593 -6620 6610 312
671 -6560 5825 91
3848 -6979 7741 311
2028 -1387 2625 345
-5827 -8359 2855 318
7862 9331 -8832 371
-5644 -6778 6484 297
-5794 -3152 7466 387
-343 5154 -5484 170
-6151 8300 -430 354
-5595 -6626 6553 302
-6256 8421 -367 155
-286 -8508 9205 17
7895 9480 -8985 134
-5792 -3124 7518 141
3910 -6924 7912 222
-2537 -4032 -2306 8
-8187 -2190 357 239
664 -6615 5945 335
-5842 -8466 2852 302
-7192 4147 714 262
2003 -1336 2732 108
6367 5871 -8256 324
-2788 8653 876 55
2589 381 6979 188
6402 5976 -8383 212
-3975 -7754 7882 213
-8405 2007 1953 390
-113 -8897 2447 227
-393 5097 -5568 68
-4089 -7868 7964 75
-8165 -2069 500 298
-8054 -4866 -24 356
-49 -8856 2466 295
6479 5976 -8274 68
-8144 -2235 546 360
6467 5949 -8392 280
-8015 -4816 32 312
-2562 -4150 -2484 118
-8925 5659 -1589 231
-377 5196 -5533 287
682 -8844 1085 367
-6273 8419 -456 321
-4034 -7778 7877 157
-54 -8822 2611 26
2739 259 6916 74
-7305 4165 712 260
-7874 -4774 -107 303
3842 -6943 7893 21
1249 7495 -3166 25
-8543 1877 1895 74
-7151 4204 720 101
6542 5883 -8334 157
-7429 5489 568 154
1 75
1 98
75 98
98 275
1 133
75 133
98 133
1 110
98 110
21 275
21 110
1 197
75 197
98 197
110 197
21 197
98 334
110 334
197 334
1 291
98 291
275 291
291 334
1 83
83 110
21 83
83 291
75 132
98 132
132 197
133 294
110 294
21 294
294 334
291 294
83 294
1 221
133 221
110 221
21 221
197 221
221 291
221 294
1 296
75 296
98 296
133 296
110 296
296 334
291 296
83 296
132 296
16 200
29 200
16 161
161 200
95 200
16 168
29 168
79 161
79 168
16 286
200 286
161 286
95 286
79 286
16 109
109 200
109 161
95 109
109 168
79 109
16 363
29 363
161 363
286 363
16 165
165 200
109 165
16 49
49 95
49 286
49 363
49 165
29 45
45 200
45 161
45 79
45 286
45 109
45 165
200 321
95 321
168 321
286 321
109 321
149 161
149 168
79 149
109 149
149 165
49 149
162 203
162 307
59 162
59 307
203 218
218 307
218 314
157 203
157 307
85 157
157 314
157 218
162 270
59 270
85 270
270 314
192 270
162 235
85 235
235 314
157 235
235 270
102 203
102 192
102 157
102 235
61 203
61 307
59 61
61 85
61 314
61 218
61 192
61 270
20 203
20 59
20 218
20 192
20 270
20 102
12 314
12 218
12 157
12 235
12 102
12 20
172 179
179 319
172 249
179 249
249 319
159 172
159 179
159 319
159 249
172 193
179 193
193 319
39 172
39 179
39 249
39 159
93 172
93 319
93 249
93 193
39 93
44 319
44 159
44 193
39 44
44 93
52 172
52 179
39 52
44 52
179 371
319 371
249 371
44 371
52 371
154 319
154 159
39 154
93 154
44 154
52 154
154 371
172 202
202 249
159 202
193 202
93 202
52 202
202 371
154 202
172 255
159 255
193 255
44 255
202 255
248 319
159 248
44 248
248 371
154 248
248 255
169 335
117 169
40 105
317 335
117 317
76 335
40 76
76 105
76 317
143 335
143 169
143 317
76 143
19 169
19 76
155 335
155 169
117 155
40 155
105 155
155 317
143 155
19 155
40 186
105 186
143 186
19 186
155 186
40 327
105 327
143 327
155 327
189 335
40 189
19 189
186 189
189 327
169 184
117 184
184 317
143 184
19 184
155 184
184 327
184 189
123 335
105 123
123 317
123 155
123 186
238 357
230 357
127 357
127 309
309 339
217 357
217 238
217 309
127 217
217 339
180 357
180 238
180 309
127 180
180 339
180 217
108 357
108 238
108 230
108 127
108 339
108 217
148 230
127 148
148 339
148 180
108 148
125 357
125 238
125 309
125 339
125 180
339 353
217 353
108 353
148 353
125 353
131 357
131 238
127 131
131 217
131 148
125 131
191 357
191 238
191 309
191 339
191 217
148 191
63 230
63 217
63 180
63 108
63 148
63 125
63 131
63 191
18 266
266 268
18 268
66 256
99 266
99 256
266 273
268 273
256 273
99 273
240 266
18 240
240 268
66 240
214 266
18 214
66 214
214 256
214 273
214 240
66 283
256 283
214 283
268 361
256 361
99 361
18 234
234 268
66 234
234 256
99 234
234 273
18 287
256 287
273 287
214 287
234 287
18 237
99 237
237 287
208 266
208 240
208 214
208 283
208 234
208 287
208 237
60 111
92 111
60 92
60 70
65 70
70 173
92 171
65 171
70 171
60 245
92 245
173 245
56 111
56 60
56 65
56 173
56 70
56 245
65 167
167 173
167 171
60 259
92 259
173 259
171 259
245 259
56 259
167 259
92 236
70 236
171 236
167 236
236 259
60 134
65 134
134 167
134 236
111 367
60 367
92 367
65 367
173 367
70 367
56 367
167 367
60 346
92 346
65 346
173 346
167 346
259 346
187 264
269 369
264 269
187 359
264 359
182 369
182 269
88 182
274 369
88 274
10 269
10 359
10 88
207 369
187 207
207 264
207 269
207 359
88 207
182 207
166 359
88 166
166 274
10 166
261 369
261 359
182 261
207 261
166 261
274 354
10 354
207 354
27 369
27 269
27 359
27 88
27 182
27 274
10 27
27 207
27 354
195 369
187 195
195 264
195 269
88 195
195 274
195 207
166 195
195 261
27 195
216 225
94 290
216 290
225 290
94 196
196 290
94 350
290 350
94 366
216 366
225 366
289 290
196 289
22 216
22 290
22 196
22 366
194 216
194 225
194 290
194 196
194 350
194 289
22 194
26 216
26 196
26 350
26 289
26 194
9 94
9 196
9 350
9 366
9 22
225 233
233 290
194 233
26 233
9 233
7 225
7 196
7 350
7 366
7 22
7 194
7 26
7 9
94 355
216 355
225 355
290 355
196 355
355 366
26 355
9 355
233 355
96 243
96 338
138 279
279 338
220 243
96 220
138 220
220 338
220 279
243 360
96 360
279 360
220 360
138 222
222 279
220 222
222 360
243 250
96 250
138 250
250 338
250 279
220 250
250 360
222 250
103 138
103 338
103 279
103 220
103 360
103 222
64 243
64 96
64 279
64 250
64 103
210 243
138 210
210 338
210 222
64 210
54 243
54 220
54 250
54 103
96 122
122 279
122 220
122 222
64 122
122 210
243 313
313 338
313 360
222 313
250 313
210 313
51 140
74 140
51 74
51 204
74 342
74 87
87 204
87 342
285 342
140 306
74 306
87 306
3 51
3 74
3 204
3 342
3 87
3 306
51 373
74 373
285 373
306 373
74 224
204 224
87 224
224 285
48 140
48 204
48 342
48 285
3 48
48 373
48 224
8 285
8 306
51 368
74 368
204 368
87 368
306 368
51 205
74 205
205 342
205 285
205 306
205 224
48 205
205 368
150 337
89 130
150 246
246 337
89 310
130 310
246 310
32 130
32 246
89 370
150 370
337 370
310 370
89 295
150 295
295 370
89 91
91 246
32 91
91 295
84 130
84 246
84 310
84 370
84 295
84 91
89 119
119 337
119 246
119 310
32 119
119 295
91 119
324 337
130 324
246 324
32 324
324 370
91 324
119 324
41 150
41 337
41 84
300 337
300 310
32 300
300 370
91 300
84 300
119 300
300 324
55 67
144 323
55 323
67 323
2 67
2 323
55 141
2 141
2 129
67 263
263 323
2 263
141 263
129 263
30 144
30 67
2 30
30 129
30 263
31 67
2 31
31 129
144 181
55 181
181 323
181 263
30 181
58 141
55 340
2 340
263 340
30 340
181 340
58 340
104 144
55 104
2 104
30 104
31 104
104 340
144 156
2 156
129 156
30 156
31 156
156 340
209 330
209 272
272 330
272 293
114 209
112 209
112 330
112 272
112 293
112 114
4 209
4 254
4 293
4 114
4 112
209 362
272 362
176 254
176 272
4 176
209 351
254 351
330 351
114 351
112 351
351 362
209 247
247 272
114 247
112 247
4 247
247 362
254 277
277 293
114 277
112 277
4 277
277 362
176 277
100 209
100 254
100 330
100 272
100 293
4 100
100 176
100 277
209 239
239 330
239 272
239 293
112 239
4 239
100 239
160 336
6 336
69 336
72 160
6 72
72 336
37 160
37 69
37 336
37 72
69 228
228 336
72 228
6 297
297 336
72 297
37 297
160 282
6 282
69 282
219 282
282 297
6 73
37 73
73 228
73 297
73 282
128 160
69 128
72 128
37 128
128 228
128 297
160 329
329 336
37 329
282 329
73 329
107 336
37 107
107 297
107 282
73 107
107 329
90 160
6 90
69 90
90 297
73 90
90 128
90 329
90 107
152 257
174 257
33 174
35 257
35 278
35 170
152 332
257 332
170 332
152 322
257 322
170 322
35 322
322 332
152 311
278 311
174 311
170 311
257 262
33 262
262 278
174 262
35 262
152 304
257 304
278 304
170 304
304 332
304 311
262 304
86 152
86 257
86 174
86 170
86 332
86 304
213 278
170 213
213 332
213 262
86 213
152 328
257 328
33 328
278 328
174 328
170 328
35 328
328 332
322 328
311 328
304 328
106 153
5 124
5 153
124 280
153 280
106 280
5 280
124 341
5 341
124 305
106 305
5 305
280 305
305 341
124 281
153 281
106 281
5 281
46 153
5 46
46 305
46 281
38 124
38 153
38 106
5 38
38 341
38 305
106 326
5 326
326 341
305 326
281 326
38 326
124 299
153 299
106 299
5 299
299 341
281 299
38 299
23 106
5 23
23 280
23 281
23 46
23 38
23 299
124 146
5 146
146 281
38 146
146 326
23 146
77 124
77 106
5 77
77 341
77 305
46 77
38 77
145 190
145 276
190 348
145 348
82 253
82 190
82 348
101 190
101 145
253 365
190 365
276 365
348 365
82 365
80 253
80 276
80 348
80 82
80 365
211 253
145 211
211 276
211 348
101 211
80 211
80 178
178 211
253 352
190 352
145 352
276 352
348 352
80 352
178 352
163 253
163 190
145 163
163 276
82 163
80 163
163 211
81 253
81 190
81 145
81 348
81 82
80 81
81 352
81 163
71 190
71 101
71 211
71 178
71 352
71 163
71 81
136 298
223 252
223 298
126 136
136 147
147 298
147 223
188 343
252 343
298 343
223 343
252 288
136 288
288 298
188 301
252 301
136 301
147 301
288 301
188 251
251 298
223 251
126 251
251 343
251 288
251 301
215 298
215 223
126 215
147 215
215 343
215 301
215 251
183 188
183 252
136 183
183 298
147 183
183 301
188 325
298 325
147 325
288 325
121 136
121 126
121 301
121 251
121 183
331 364
62 364
62 244
244 364
142 331
308 331
62 308
308 364
142 308
201 331
62 201
201 364
201 244
142 201
62 302
244 302
142 302
302 308
201 302
137 331
62 137
137 142
137 308
116 331
116 364
116 142
116 308
116 201
116 137
62 303
303 364
142 303
302 303
116 303
198 331
198 364
198 303
331 333
62 333
333 364
244 333
302 333
137 333
198 333
164 331
164 364
142 164
164 308
164 201
164 198
284 331
284 364
244 284
142 284
284 308
201 284
284 302
284 303
198 284
284 333
164 284
24 241
212 241
24 212
47 212
68 241
68 212
226 241
53 226
47 345
68 345
226 345
53 345
36 345
227 241
24 227
47 227
212 227
68 227
226 227
24 271
212 271
68 271
226 271
53 271
227 271
212 265
68 265
226 265
36 265
265 345
265 271
24 292
47 292
212 292
68 292
53 292
292 345
227 292
271 292
24 115
115 345
115 227
115 271
15 24
15 212
15 68
15 226
15 36
15 271
15 265
15 292
97 316
97 349
113 316
78 113
113 349
97 113
185 316
78 185
185 349
231 316
78 231
97 231
13 316
13 78
13 113
13 185
13 231
151 349
97 151
113 151
151 231
118 349
118 185
118 151
78 372
349 372
97 372
13 372
151 372
78 206
185 206
206 231
118 206
206 372
120 185
120 231
120 151
118 120
120 372
120 206
312 316
97 312
113 312
231 312
13 312
118 312
120 312
258 316
151 258
118 258
258 372
258 312
177 374
158 347
260 318
158 260
135 177
135 158
42 177
42 158
177 199
199 260
135 199
42 199
177 356
260 356
135 356
42 356
43 177
43 347
43 374
43 318
43 260
43 135
42 43
43 199
177 358
260 358
177 229
158 229
229 260
42 229
199 229
229 356
344 347
344 374
318 344
158 344
135 344
43 344
344 358
14 177
14 347
14 374
14 135
14 199
14 43
14 358
315 320
267 320
11 320
242 320
242 315
17 315
11 17
17 242
28 320
25 28
28 315
28 242
139 320
25 139
139 315
139 242
175 315
175 267
11 175
175 242
28 175
139 175
50 320
25 50
50 242
50 139
34 315
34 242
28 34
232 320
25 232
232 315
139 232
175 232
34 232
57 320
25 57
57 315
57 267
11 57
28 57
50 57
34 57
57 232
320 375
267 375
11 375
139 375
175 375
50 375
232 375
