389 5626
-475 -5404 -10000 274
-7821 3452 -3025 328
-9926 9251 632 9
4450 -7227 -7799 80
-6311 8965 -1483 148
9563 -4423 -212 349
-3884 7998 3269 144
9160 -5106 -8910 139
4746 2497 -8943 293
8801 -1990 -8397 133
-7919 -4057 5205 213
8035 -788 -1681 169
6568 6572 -65 262
7285 -7544 -4497 351
8427 -6879 4320 223
-1620 2799 6523 386
7769 -1846 -9962 2
-1052 8648 -1827 107
6890 -8784 9856 280
2754 6455 -6997 16
-623 9816 4294 35
6286 -9527 6968 347
-9897 -2612 -3666 294
-1100 7149 6877 219
-9808 7653 5891 385
7527 -5127 -6603 128
6096 -2531 1178 56
29 1826 8586 263
7794 3173 -7685 169
-3619 -5095 7288 154
-4262 -7000 5282 9
5702 9971 7048 62
3767 -7150 170 393
4428 -778 5787 31
6501 -4445 -1413 8
2190 -3028 1434 51
-2170 -1171 -2756 182
-3884 7706 517 353
3269 2751 9663 137
57 6339 -3073 386
7349 5382 7123 50
-3247 -6491 8913 206
-2158 3679 4506 20
3314 -2271 -9520 330
9266 3373 3545 44
-2541 2570 -1169 315
-5473 -3913 9835 35
-1586 -6107 -1813 358
5357 -8010 6263 245
-5895 -1625 6544 26
-9041 7634 -8142 44
9904 5748 -8740 259
-5778 -8358 -1806 286
7751 -8048 2056 330
-3891 4181 -104 353
9579 -8148 -8501 26
1861 -5234 9226 198
-9780 7163 -4126 283
4181 -5046 -6864 59
9614 -5889 9300 242
-4259 -3145 -176 73
-5522 1907 5107 354
4596 -885 -654 342
-421 -1833 7665 112
-9719 171 -365 162
5168 9951 -5192 260
-2769 -4736 3848 310
9554 -8470 -581 96
-5564 1017 7297 222
7893 -6229 -9508 189
6210 4379 -9409 297
-1697 2796 5947 281
-5509 3363 9661 22
-4874 -8637 709 321
7849 -2563 7188 333
-5037 6563 1136 3
-9646 -2761 -9882 22
2839 9489 -8199 201
-4257 -9878 -8488 374
-1894 -7182 3349 212
-852 1970 -9039 81
8573 -5038 172 238
-961 -3438 -4623 186
-1420 5333 7366 324
-6917 8071 3573 36
2624 -9418 -4555 360
-7602 -1159 -8315 211
-5991 -4879 -7230 174
3593 4341 -5455 387
-7242 -8528 5703 186
2550 -8026 8161 355
-4302 -3163 -9857 364
-5036 9623 -5054 23
2547 -3795 6951 204
7741 -2344 -1250 106
3685 1151 -1571 360
-5699 3213 4026 289
4754 3602 -2240 236
4561 4508 -9064 45
5116 1176 4193 174
-8403 6910 834 336
-7458 4446 7471 243
5037 3700 7091 314
3366 8906 2643 297
-4474 -3520 386 38
-6185 2735 2927 45
-8367 -1817 -4439 212
1206 4789 9070 1
-3046 3963 -2546 190
8797 1504 -4873 30
708 -4326 5637 365
26 1225 -1036 169
3279 -8683 1487 29
-498 -5379 -5343 327
-5075 -4428 -7538 317
-4274 -1878 9494 58
7732 -2445 6700 153
7004 -4370 -3382 92
7565 6797 -5825 16
-1351 -3259 736 193
-7844 8604 1142 264
-7319 7914 3877 298
8821 6264 2966 333
5490 -7668 4531 286
-863 4981 4463 49
-7338 6802 4067 186
-2956 1255 -4679 140
7091 -1724 -2463 247
6028 -7571 -8096 122
-9841 -3887 8746 69
-132 -4655 9983 304
1798 1822 -6675 46
-8834 4200 -2091 260
-4521 -3880 -6929 269
-8940 4774 6648 384
3280 7547 7464 175
-4933 5577 -6276 293
1557 -4543 -5237 20
-6820 9151 -8172 394
-1721 -187 1200 155
383 -6088 -908 304
-6114 -529 -3722 289
9745 -1762 -3620 91
-4133 2959 -6846 27
2828 4239 7777 143
-11 5481 -1959 9
-7580 -169 -3998 351
-8849 -2079 6405 335
3265 132 -743 162
5958 -1490 6152 215
3924 2867 678 125
-4837 1907 -7819 41
-6054 -5329 8488 182
4709 2724 3980 26
7237 157 939 109
9074 2162 -6265 303
1915 -3753 -2868 231
8850 -2251 -3820 130
593 -6500 4150 56
-2776 -4717 -1778 116
2329 -8311 6130 388
6203 -7574 9793 64
-8613 2911 -31 113
-4527 573 7787 92
-2784 -3265 5723 327
5484 9692 739 277
6618 -9729 7286 130
-4135 -7675 2084 153
5742 -9213 1830 254
3512 -5568 4823 374
-4407 -1140 5607 299
-250 -4464 -540 193
-8838 2949 2572 125
7491 -9736 708 129
7430 2873 -6142 16
9190 6595 5433 3
4402 6115 -9696 291
-6902 -556 -3064 300
3038 1158 2661 261
3519 3777 8272 336
-855 -1166 -6204 328
6424 -5736 5775 37
1287 -7589 9052 0
6889 -8 -6923 64
888 -27 525 141
-1673 -8325 -3460 385
1536 5535 -9171 85
-2211 4374 3780 261
6429 -3156 7487 292
-7345 -5435 610 291
-1470 8873 3898 246
-832 -6104 896 3
-7653 -2203 3123 17
-8429 -7107 5897 95
-7604 -794 -9817 324
-7701 -5295 -4564 307
3875 -2627 8219 213
8042 -6783 -7912 136
-7548 -1912 5060 23
-3186 -1603 -6816 275
-8967 -2768 4277 138
-6674 8962 -8560 399
1547 -2596 -2614 75
9963 1679 -7551 189
8215 8534 -193 373
5044 3360 5008 44
-5550 -7627 -2574 154
2142 6417 -8869 304
6598 9201 -7375 33
-8745 -9470 -7961 357
3403 -1059 4215 195
4958 -5299 -3838 55
-530 -5464 -5588 167
5624 6160 9059 213
3659 2440 4788 11
-2089 -1248 5899 183
9393 -3960 9098 242
4208 -157 -1600 362
-5067 8353 4387 103
5474 502 9286 306
-6639 948 -6582 239
-4300 -1481 -4696 199
-9729 -2304 -4307 374
9217 6689 5243 342
9595 -9404 -2391 67
500 6342 -2562 248
-6268 -4578 -1099 196
-4770 -9327 8066 40
-5693 -5256 -9066 37
7838 5986 -9207 251
-8315 -4587 5777 185
6672 -5641 -2145 292
9119 -5341 -9067 297
6136 9360 826 336
2732 2940 1088 72
-7015 7118 -2126 266
2646 -6867 -3600 142
2728 4345 -7832 181
-8900 3644 47 38
-4431 7213 6785 56
964 4278 6201 132
8734 6226 9850 308
-937 -1019 1767 58
-2634 2279 -1433 264
1132 4023 -9766 50
-5747 -1284 5781 67
3930 6382 5327 151
-5441 863 1697 243
-4980 -8661 -5630 393
1141 -1667 6727 33
-6884 7160 9637 365
7410 -8705 4717 245
3479 7425 -4784 46
-806 8331 -1542 249
7368 1887 -8893 145
2950 -8809 8417 286
-9725 9773 -679 41
-1941 5048 8924 294
-2929 -2393 317 379
-2003 3750 7897 378
-2531 2107 -1443 107
1665 4176 3810 303
-5253 6757 -8117 361
-2050 -9702 7863 170
1576 6896 -1389 1
8438 -8423 3206 236
-6814 3131 9203 124
7037 -3618 -4386 332
7644 -8035 -9111 128
-3269 -3820 -2043 9
-9396 -9647 -2366 51
5926 5228 -6706 339
-8609 -6409 2137 103
495 6346 8069 212
17 -7217 -465 196
-1101 -437 5952 115
848 5348 2732 155
6707 1608 1401 362
2568 2741 -6318 264
9667 -2550 -7426 298
-9271 -7592 5627 81
2763 4377 -8104 319
1484 3437 2950 173
5720 -4343 3722 265
1185 -3711 -2463 338
9084 -2667 -5057 255
-718 -4437 7845 190
-7596 672 -1887 218
-8221 -9554 3746 99
-1180 -3439 -2955 133
-6248 -3324 -7301 347
4523 7512 3650 158
452 4532 -829 378
1222 -478 4069 73
6133 -4595 -7849 82
-541 4268 -1920 77
-7952 5386 3068 213
-5050 -9029 5164 365
-2145 5998 -4988 123
7845 2449 -4623 255
7989 -4225 8005 369
6904 1703 -7301 56
6713 -8294 826 250
-6289 -9707 -744 241
-709 3028 1560 191
8544 -7064 9580 107
-454 218 -9654 19
-1766 527 3438 342
3027 -1906 -5219 325
-5760 7170 5695 290
-6965 9741 -2069 187
8002 -237 -2460 278
-2653 9483 3060 23
-476 -4473 3830 243
-9026 814 -3559 269
-9039 -8198 6665 214
-1708 -4750 9668 7
2491 -7144 -362 139
-805 -7263 2387 374
4795 -1076 8485 20
-6970 2973 -9481 31
8224 -9148 -6864 396
6866 -8292 -986 304
-5306 -990 -948 153
1363 -7324 4809 280
276 -5929 -6146 115
6575 4900 -2915 163
7303 3945 -140 338
4551 -6212 -7445 97
7054 -1251 651 156
-5224 7302 563 280
1303 -7234 -9046 325
-1675 -9684 -8232 181
2357 -5690 357 101
3423 -5239 7600 245
-7458 -9659 6093 174
8417 5572 -2698 94
5673 -2994 673 278
-39 4648 3737 26
-4933 7209 1993 348
9888 -6919 -3893 377
4088 -690 83 254
-1929 5115 -7184 194
-3383 5407 8571 56
-7604 1946 -8788 123
248 4840 -2327 387
-4786 -198 8254 41
-31 -1105 2496 315
-7025 -8834 -978 190
986 736 -7492 285
-4095 3706 -8373 266
8329 3855 3113 362
-321 -8951 64 138
-2383 1936 -3202 29
-7595 -9432 8883 168
4120 7448 6664 322
-8369 -2079 3379 219
8119 -7912 859 341
2175 -7258 -3754 340
8813 -816 -1323 216
1459 9577 2712 209
-6718 -9318 -6786 100
-4792 -1207 -7539 263
6428 -4330 -1266 99
-5158 8339 -6345 291
70 -455 8506 306
282 -57 9989 328
-3165 -24 9079 136
8790 4833 7657 185
-1298 5218 -1575 263
4373 7521 -5046 336
2931 -3955 5360 161
6564 -5745 3056 252
4450 -9671 6511 115
-7603 1541 1788 359
2062 -7616 406 36
-1897 -3038 9607 301
-8066 5937 1006 218
-8294 8732 5916 78
-6715 -2821 -4767 329
5977 2417 4065 315
1473 7275 -3935 133
-3301 8800 7646 37
-4922 2067 -2988 234
-4995 -5827 -7634 9
-8274 4139 5622 331
1060 1269 6368 100
-37 7609 1061 375
-4097 -6288 -10000 187
1 361
1 387
361 387
1 127
127 361
127 387
1 286
286 361
286 387
127 286
1 75
75 361
75 387
75 127
75 286
1 321
321 361
321 387
127 321
286 321
75 321
1 295
295 361
295 387
127 295
286 295
75 295
295 321
1 284
284 361
284 387
127 284
284 286
75 284
284 321
284 295
1 380
361 380
380 387
127 380
286 380
75 380
321 380
295 380
284 380
1 238
238 361
238 387
127 238
238 286
75 238
238 321
238 295
238 284
238 380
1 257
257 361
257 387
127 257
257 286
75 257
257 321
257 295
257 284
257 380
238 257
1 234
234 361
234 387
127 234
234 286
75 234
234 321
234 295
234 284
234 380
234 238
234 257
1 38
38 361
38 387
38 127
38 286
38 75
38 321
38 295
38 284
38 380
38 238
38 257
38 234
1 151
151 361
151 387
127 151
151 286
75 151
151 321
151 295
151 284
151 380
151 238
151 257
151 234
38 151
1 180
180 361
180 387
127 180
180 286
75 180
180 321
180 295
180 284
180 380
180 238
180 257
180 234
38 180
151 180
1 144
144 361
144 387
127 144
144 286
75 144
144 321
144 295
144 284
144 380
144 238
144 257
144 234
38 144
144 151
144 180
1 175
175 361
175 387
127 175
175 286
75 175
175 321
175 295
175 284
175 380
175 238
175 257
175 234
38 175
151 175
175 180
144 175
1 155
155 361
155 387
127 155
155 286
75 155
155 321
155 295
155 284
155 380
155 238
155 257
155 234
38 155
151 155
155 180
144 155
155 175
1 292
292 361
292 387
127 292
286 292
75 292
292 321
292 295
284 292
292 380
238 292
257 292
234 292
38 292
151 292
180 292
144 292
175 292
155 292
1 71
71 361
71 387
71 127
71 286
71 75
71 321
71 295
71 284
71 380
71 238
71 257
71 234
38 71
71 151
71 180
71 144
71 175
71 155
71 292
1 168
168 361
168 387
127 168
168 286
75 168
168 321
168 295
168 284
168 380
168 238
168 257
168 234
38 168
151 168
168 180
144 168
168 175
155 168
168 292
71 168
1 42
42 361
42 387
42 127
42 286
42 75
42 321
42 295
42 284
42 380
42 238
42 257
42 234
38 42
42 151
42 180
42 144
42 175
42 155
42 292
42 71
42 168
1 167
167 361
167 387
127 167
167 286
75 167
167 321
167 295
167 284
167 380
167 238
167 257
167 234
38 167
151 167
167 180
144 167
167 175
155 167
167 292
71 167
167 168
42 167
1 94
94 361
94 387
94 127
94 286
75 94
94 321
94 295
94 284
94 380
94 238
94 257
94 234
38 94
94 151
94 180
94 144
94 175
94 155
94 292
71 94
94 168
42 94
94 167
1 368
361 368
368 387
127 368
286 368
75 368
321 368
295 368
284 368
368 380
238 368
257 368
234 368
38 368
151 368
180 368
144 368
175 368
155 368
292 368
71 368
168 368
42 368
167 368
94 368
1 326
326 361
326 387
127 326
286 326
75 326
321 326
295 326
284 326
326 380
238 326
257 326
234 326
38 326
151 326
180 326
144 326
175 326
155 326
292 326
71 326
168 326
42 326
167 326
94 326
326 368
1 222
222 361
222 387
127 222
222 286
75 222
222 321
222 295
222 284
222 380
222 238
222 257
222 234
38 222
151 222
180 222
144 222
175 222
155 222
222 292
71 222
168 222
42 222
167 222
94 222
222 368
222 326
1 118
118 361
118 387
118 127
118 286
75 118
118 321
118 295
118 284
118 380
118 238
118 257
118 234
38 118
118 151
118 180
118 144
118 175
118 155
118 292
71 118
118 168
42 118
118 167
94 118
118 368
118 326
118 222
11 384
320 384
11 320
121 384
11 121
121 320
216 384
11 216
216 320
121 216
293 384
11 293
293 320
121 293
216 293
241 384
11 241
241 320
121 241
216 241
241 293
132 384
11 132
132 320
121 132
132 216
132 293
132 241
225 384
11 225
225 320
121 225
216 225
225 293
225 241
132 225
186 384
11 186
186 320
121 186
186 216
186 293
186 241
132 186
186 225
15 384
11 15
15 320
15 121
15 216
15 293
15 241
15 132
15 225
15 186
86 384
11 86
86 320
86 121
86 216
86 293
86 241
86 132
86 225
86 186
15 86
373 384
11 373
320 373
121 373
216 373
293 373
241 373
132 373
225 373
186 373
15 373
86 373
350 384
11 350
320 350
121 350
216 350
293 350
241 350
132 350
225 350
186 350
15 350
86 350
350 373
364 384
11 364
320 364
121 364
216 364
293 364
241 364
132 364
225 364
186 364
15 364
86 364
364 373
350 364
345 384
11 345
320 345
121 345
216 345
293 345
241 345
132 345
225 345
186 345
15 345
86 345
345 373
345 350
345 364
49 384
11 49
49 320
49 121
49 216
49 293
49 241
49 132
49 225
49 186
15 49
49 86
49 373
49 350
49 364
49 345
203 384
11 203
203 320
121 203
203 216
203 293
203 241
132 203
203 225
186 203
15 203
86 203
203 373
203 350
203 364
203 345
49 203
185 384
11 185
185 320
121 185
185 216
185 293
185 241
132 185
185 225
185 186
15 185
86 185
185 373
185 350
185 364
185 345
49 185
185 203
201 384
11 201
201 320
121 201
201 216
201 293
201 241
132 201
201 225
186 201
15 201
86 201
201 373
201 350
201 364
201 345
49 201
201 203
185 201
113 384
11 113
113 320
113 121
113 216
113 293
113 241
113 132
113 225
113 186
15 113
86 113
113 373
113 350
113 364
113 345
49 113
113 203
113 185
113 201
182 384
11 182
182 320
121 182
182 216
182 293
182 241
132 182
182 225
182 186
15 182
86 182
182 373
182 350
182 364
182 345
49 182
182 203
182 185
182 201
113 182
13 384
11 13
13 320
13 121
13 216
13 293
13 241
13 132
13 225
13 186
13 15
13 86
13 373
13 350
13 364
13 345
13 49
13 203
13 185
13 201
13 113
13 182
5 384
5 11
5 320
5 121
5 216
5 293
5 241
5 132
5 225
5 186
5 15
5 86
5 373
5 350
5 364
5 345
5 49
5 203
5 185
5 201
5 113
5 182
5 13
332 384
11 332
320 332
121 332
216 332
293 332
241 332
132 332
225 332
186 332
15 332
86 332
332 373
332 350
332 364
332 345
49 332
203 332
185 332
201 332
113 332
182 332
13 332
5 332
33 384
11 33
33 320
33 121
33 216
33 293
33 241
33 132
33 225
33 186
15 33
33 86
33 373
33 350
33 364
33 345
33 49
33 203
33 185
33 201
33 113
33 182
13 33
5 33
33 332
50 384
11 50
50 320
50 121
50 216
50 293
50 241
50 132
50 225
50 186
15 50
50 86
50 373
50 350
50 364
50 345
49 50
50 203
50 185
50 201
50 113
50 182
13 50
5 50
50 332
33 50
171 384
11 171
171 320
121 171
171 216
171 293
171 241
132 171
171 225
171 186
15 171
86 171
171 373
171 350
171 364
171 345
49 171
171 203
171 185
171 201
113 171
171 182
13 171
5 171
171 332
33 171
50 171
191 384
11 191
191 320
121 191
191 216
191 293
191 241
132 191
191 225
186 191
15 191
86 191
191 373
191 350
191 364
191 345
49 191
191 203
185 191
191 201
113 191
182 191
13 191
5 191
191 332
33 191
50 191
171 191
59 384
11 59
59 320
59 121
59 216
59 293
59 241
59 132
59 225
59 186
15 59
59 86
59 373
59 350
59 364
59 345
49 59
59 203
59 185
59 201
59 113
59 182
13 59
5 59
59 332
33 59
50 59
59 171
59 191
163 275
159 163
159 275
93 163
93 275
93 159
115 163
115 275
115 159
93 115
103 163
103 275
103 159
93 103
103 115
128 163
128 275
128 159
93 128
115 128
103 128
6 163
6 275
6 159
6 93
6 115
6 103
6 128
153 163
153 275
153 159
93 153
115 153
103 153
128 153
6 153
109 163
109 275
109 159
93 109
109 115
103 109
109 128
6 109
109 153
136 163
136 275
136 159
93 136
115 136
103 136
128 136
6 136
136 153
109 136
163 269
269 275
159 269
93 269
115 269
103 269
128 269
6 269
153 269
109 269
136 269
163 285
275 285
159 285
93 285
115 285
103 285
128 285
6 285
153 285
109 285
136 285
269 285
163 367
275 367
159 367
93 367
115 367
103 367
128 367
6 367
153 367
109 367
136 367
269 367
285 367
163 197
197 275
159 197
93 197
115 197
103 197
128 197
6 197
153 197
109 197
136 197
197 269
197 285
197 367
163 283
275 283
159 283
93 283
115 283
103 283
128 283
6 283
153 283
109 283
136 283
269 283
283 285
283 367
197 283
139 163
139 275
139 159
93 139
115 139
103 139
128 139
6 139
139 153
109 139
136 139
139 269
139 285
139 367
139 197
139 283
163 352
275 352
159 352
93 352
115 352
103 352
128 352
6 352
153 352
109 352
136 352
269 352
285 352
352 367
197 352
283 352
139 352
163 278
275 278
159 278
93 278
115 278
103 278
128 278
6 278
153 278
109 278
136 278
269 278
278 285
278 367
197 278
278 283
139 278
278 352
85 163
85 275
85 159
85 93
85 115
85 103
85 128
6 85
85 153
85 109
85 136
85 269
85 285
85 367
85 197
85 283
85 139
85 352
85 278
163 296
275 296
159 296
93 296
115 296
103 296
128 296
6 296
153 296
109 296
136 296
269 296
285 296
296 367
197 296
283 296
139 296
296 352
278 296
85 296
163 311
275 311
159 311
93 311
115 311
103 311
128 311
6 311
153 311
109 311
136 311
269 311
285 311
311 367
197 311
283 311
139 311
311 352
278 311
85 311
296 311
101 163
101 275
101 159
93 101
101 115
101 103
101 128
6 101
101 153
101 109
101 136
101 269
101 285
101 367
101 197
101 283
101 139
101 352
101 278
85 101
101 296
101 311
126 163
126 275
126 159
93 126
115 126
103 126
126 128
6 126
126 153
109 126
126 136
126 269
126 285
126 367
126 197
126 283
126 139
126 352
126 278
85 126
126 296
126 311
101 126
163 276
275 276
159 276
93 276
115 276
103 276
128 276
6 276
153 276
109 276
136 276
269 276
276 285
276 367
197 276
276 283
139 276
276 352
276 278
85 276
276 296
276 311
101 276
126 276
163 221
221 275
159 221
93 221
115 221
103 221
128 221
6 221
153 221
109 221
136 221
221 269
221 285
221 367
197 221
221 283
139 221
221 352
221 278
85 221
221 296
221 311
101 221
126 221
221 276
163 329
275 329
159 329
93 329
115 329
103 329
128 329
6 329
153 329
109 329
136 329
269 329
285 329
329 367
197 329
283 329
139 329
329 352
278 329
85 329
296 329
311 329
101 329
126 329
276 329
221 329
51 163
51 275
51 159
51 93
51 115
51 103
51 128
6 51
51 153
51 109
51 136
51 269
51 285
51 367
51 197
51 283
51 139
51 352
51 278
51 85
51 296
51 311
51 101
51 126
51 276
51 221
51 329
163 386
275 386
159 386
93 386
115 386
103 386
128 386
6 386
153 386
109 386
136 386
269 386
285 386
367 386
197 386
283 386
139 386
352 386
278 386
85 386
296 386
311 386
101 386
126 386
276 386
221 386
329 386
51 386
163 335
275 335
159 335
93 335
115 335
103 335
128 335
6 335
153 335
109 335
136 335
269 335
285 335
335 367
197 335
283 335
139 335
335 352
278 335
85 335
296 335
311 335
101 335
126 335
276 335
221 335
329 335
51 335
335 386
53 95
53 316
95 316
53 260
95 260
260 316
53 270
95 270
270 316
260 270
53 156
95 156
156 316
156 260
156 270
53 230
95 230
230 316
230 260
230 270
156 230
53 228
95 228
228 316
228 260
228 270
156 228
228 230
29 53
29 95
29 316
29 260
29 270
29 156
29 230
29 228
53 187
95 187
187 316
187 260
187 270
156 187
187 230
187 228
29 187
9 53
9 95
9 316
9 260
9 270
9 156
9 230
9 228
9 29
9 187
53 359
95 359
316 359
260 359
270 359
156 359
230 359
228 359
29 359
187 359
9 359
53 104
95 104
104 316
104 260
104 270
104 156
104 230
104 228
29 104
104 187
9 104
104 359
53 215
95 215
215 316
215 260
215 270
156 215
215 230
215 228
29 215
187 215
9 215
215 359
104 215
53 370
95 370
316 370
260 370
270 370
156 370
230 370
228 370
29 370
187 370
9 370
359 370
104 370
215 370
25 53
25 95
25 316
25 260
25 270
25 156
25 230
25 228
25 29
25 187
9 25
25 359
25 104
25 215
25 370
53 303
95 303
303 316
260 303
270 303
156 303
230 303
228 303
29 303
187 303
9 303
303 359
104 303
215 303
303 370
25 303
53 81
81 95
81 316
81 260
81 270
81 156
81 230
81 228
29 81
81 187
9 81
81 359
81 104
81 215
81 370
25 81
81 303
48 53
48 95
48 316
48 260
48 270
48 156
48 230
48 228
29 48
48 187
9 48
48 359
48 104
48 215
48 370
25 48
48 303
48 81
53 334
95 334
316 334
260 334
270 334
156 334
230 334
228 334
29 334
187 334
9 334
334 359
104 334
215 334
334 370
25 334
303 334
81 334
48 334
53 178
95 178
178 316
178 260
178 270
156 178
178 230
178 228
29 178
178 187
9 178
178 359
104 178
178 215
178 370
25 178
178 303
81 178
48 178
178 334
53 263
95 263
263 316
260 263
263 270
156 263
230 263
228 263
29 263
187 263
9 263
263 359
104 263
215 263
263 370
25 263
263 303
81 263
48 263
263 334
178 263
53 310
95 310
310 316
260 310
270 310
156 310
230 310
228 310
29 310
187 310
9 310
310 359
104 310
215 310
310 370
25 310
303 310
81 310
48 310
310 334
178 310
263 310
53 170
95 170
170 316
170 260
170 270
156 170
170 230
170 228
29 170
170 187
9 170
170 359
104 170
170 215
170 370
25 170
170 303
81 170
48 170
170 334
170 178
170 263
170 310
53 328
95 328
316 328
260 328
270 328
156 328
230 328
228 328
29 328
187 328
9 328
328 359
104 328
215 328
328 370
25 328
303 328
81 328
48 328
328 334
178 328
263 328
310 328
170 328
53 65
65 95
65 316
65 260
65 270
65 156
65 230
65 228
29 65
65 187
9 65
65 359
65 104
65 215
65 370
25 65
65 303
65 81
48 65
65 334
65 178
65 263
65 310
65 170
65 328
53 381
95 381
316 381
260 381
270 381
156 381
230 381
228 381
29 381
187 381
9 381
359 381
104 381
215 381
370 381
25 381
303 381
81 381
48 381
334 381
178 381
263 381
310 381
170 381
328 381
65 381
53 250
95 250
250 316
250 260
250 270
156 250
230 250
228 250
29 250
187 250
9 250
250 359
104 250
215 250
250 370
25 250
250 303
81 250
48 250
250 334
178 250
250 263
250 310
170 250
250 328
65 250
250 381
53 145
95 145
145 316
145 260
145 270
145 156
145 230
145 228
29 145
145 187
9 145
145 359
104 145
145 215
145 370
25 145
145 303
81 145
48 145
145 334
145 178
145 263
145 310
145 170
145 328
65 145
145 381
145 250
53 252
95 252
252 316
252 260
252 270
156 252
230 252
228 252
29 252
187 252
9 252
252 359
104 252
215 252
252 370
25 252
252 303
81 252
48 252
252 334
178 252
252 263
252 310
170 252
252 328
65 252
252 381
250 252
145 252
41 355
355 358
41 358
206 355
41 206
206 358
116 355
41 116
116 358
116 206
355 369
41 369
358 369
206 369
116 369
130 355
41 130
130 358
130 206
116 130
130 369
355 379
41 379
358 379
206 379
116 379
369 379
130 379
60 355
41 60
60 358
60 206
60 116
60 369
60 130
60 379
355 362
41 362
358 362
206 362
116 362
362 369
130 362
362 379
60 362
88 355
41 88
88 358
88 206
88 116
88 369
88 130
88 379
60 88
88 362
4 355
4 41
4 358
4 206
4 116
4 369
4 130
4 379
4 60
4 362
4 88
192 355
41 192
192 358
192 206
116 192
192 369
130 192
192 379
60 192
192 362
88 192
4 192
204 355
41 204
204 358
204 206
116 204
204 369
130 204
204 379
60 204
204 362
88 204
4 204
192 204
79 355
41 79
79 358
79 206
79 116
79 369
79 130
79 379
60 79
79 362
79 88
4 79
79 192
79 204
280 355
41 280
280 358
206 280
116 280
280 369
130 280
280 379
60 280
280 362
88 280
4 280
192 280
204 280
79 280
31 355
31 41
31 358
31 206
31 116
31 369
31 130
31 379
31 60
31 362
31 88
4 31
31 192
31 204
31 79
31 280
279 355
41 279
279 358
206 279
116 279
279 369
130 279
279 379
60 279
279 362
88 279
4 279
192 279
204 279
79 279
279 280
31 279
264 355
41 264
264 358
206 264
116 264
264 369
130 264
264 379
60 264
264 362
88 264
4 264
192 264
204 264
79 264
264 280
31 264
264 279
134 355
41 134
134 358
134 206
116 134
134 369
130 134
134 379
60 134
134 362
88 134
4 134
134 192
134 204
79 134
134 280
31 134
134 279
134 264
339 355
41 339
339 358
206 339
116 339
339 369
130 339
339 379
60 339
339 362
88 339
4 339
192 339
204 339
79 339
280 339
31 339
279 339
264 339
134 339
239 355
41 239
239 358
206 239
116 239
239 369
130 239
239 379
60 239
239 362
88 239
4 239
192 239
204 239
79 239
239 280
31 239
239 279
239 264
134 239
239 339
189 355
41 189
189 358
189 206
116 189
189 369
130 189
189 379
60 189
189 362
88 189
4 189
189 192
189 204
79 189
189 280
31 189
189 279
189 264
134 189
189 339
189 239
21 355
21 41
21 358
21 206
21 116
21 369
21 130
21 379
21 60
21 362
21 88
4 21
21 192
21 204
21 79
21 280
21 31
21 279
21 264
21 134
21 339
21 239
21 189
343 355
41 343
343 358
206 343
116 343
343 369
130 343
343 379
60 343
343 362
88 343
4 343
192 343
204 343
79 343
280 343
31 343
279 343
264 343
134 343
339 343
239 343
189 343
21 343
232 355
41 232
232 358
206 232
116 232
232 369
130 232
232 379
60 232
232 362
88 232
4 232
192 232
204 232
79 232
232 280
31 232
232 279
232 264
134 232
232 339
232 239
189 232
21 232
232 343
114 355
41 114
114 358
114 206
114 116
114 369
114 130
114 379
60 114
114 362
88 114
4 114
114 192
114 204
79 114
114 280
31 114
114 279
114 264
114 134
114 339
114 239
114 189
21 114
114 343
114 232
125 355
41 125
125 358
125 206
116 125
125 369
125 130
125 379
60 125
125 362
88 125
4 125
125 192
125 204
79 125
125 280
31 125
125 279
125 264
125 134
125 339
125 239
125 189
21 125
125 343
125 232
114 125
80 355
41 80
80 358
80 206
80 116
80 369
80 130
80 379
60 80
80 362
80 88
4 80
80 192
80 204
79 80
80 280
31 80
80 279
80 264
80 134
80 339
80 239
80 189
21 80
80 343
80 232
80 114
80 125
195 355
41 195
195 358
195 206
116 195
195 369
130 195
195 379
60 195
195 362
88 195
4 195
192 195
195 204
79 195
195 280
31 195
195 279
195 264
134 195
195 339
195 239
189 195
21 195
195 343
195 232
114 195
125 195
80 195
301 325
164 301
164 325
301 347
325 347
164 347
254 301
254 325
164 254
254 347
301 322
322 325
164 322
322 347
254 322
287 301
287 325
164 287
287 347
254 287
287 322
123 301
123 325
123 164
123 347
123 254
123 322
123 287
210 301
210 325
164 210
210 347
210 254
210 322
210 287
123 210
40 301
40 325
40 164
40 347
40 254
40 322
40 287
40 123
40 210
3 301
3 325
3 164
3 347
3 254
3 322
3 287
3 123
3 210
3 40
301 324
324 325
164 324
324 347
254 324
322 324
287 324
123 324
210 324
40 324
3 324
301 388
325 388
164 388
347 388
254 388
322 388
287 388
123 388
210 388
40 388
3 388
324 388
152 301
152 325
152 164
152 347
152 254
152 322
152 287
123 152
152 210
40 152
3 152
152 324
152 388
102 301
102 325
102 164
102 347
102 254
102 322
102 287
102 123
102 210
40 102
3 102
102 324
102 388
102 152
74 301
74 325
74 164
74 347
74 254
74 322
74 287
74 123
74 210
40 74
3 74
74 324
74 388
74 152
74 102
268 301
268 325
164 268
268 347
254 268
268 322
268 287
123 268
210 268
40 268
3 268
268 324
268 388
152 268
102 268
74 268
301 315
315 325
164 315
315 347
254 315
315 322
287 315
123 315
210 315
40 315
3 315
315 324
315 388
152 315
102 315
74 315
268 315
301 353
325 353
164 353
347 353
254 353
322 353
287 353
123 353
210 353
40 353
3 353
324 353
353 388
152 353
102 353
74 353
268 353
315 353
188 301
188 325
164 188
188 347
188 254
188 322
188 287
123 188
188 210
40 188
3 188
188 324
188 388
152 188
102 188
74 188
188 268
188 315
188 353
90 301
90 325
90 164
90 347
90 254
90 322
90 287
90 123
90 210
40 90
3 90
90 324
90 388
90 152
90 102
74 90
90 268
90 315
90 353
90 188
301 357
325 357
164 357
347 357
254 357
322 357
287 357
123 357
210 357
40 357
3 357
324 357
357 388
152 357
102 357
74 357
268 357
315 357
353 357
188 357
90 357
301 385
325 385
164 385
347 385
254 385
322 385
287 385
123 385
210 385
40 385
3 385
324 385
385 388
152 385
102 385
74 385
268 385
315 385
353 385
188 385
90 385
357 385
149 301
149 325
149 164
149 347
149 254
149 322
149 287
123 149
149 210
40 149
3 149
149 324
149 388
149 152
102 149
74 149
149 268
149 315
149 353
149 188
90 149
149 357
149 385
245 301
245 325
164 245
245 347
245 254
245 322
245 287
123 245
210 245
40 245
3 245
245 324
245 388
152 245
102 245
74 245
245 268
245 315
245 353
188 245
90 245
245 357
245 385
149 245
261 301
261 325
164 261
261 347
254 261
261 322
261 287
123 261
210 261
40 261
3 261
261 324
261 388
152 261
102 261
74 261
261 268
261 315
261 353
188 261
90 261
261 357
261 385
149 261
245 261
24 301
24 325
24 164
24 347
24 254
24 322
24 287
24 123
24 210
24 40
3 24
24 324
24 388
24 152
24 102
24 74
24 268
24 315
24 353
24 188
24 90
24 357
24 385
24 149
24 245
24 261
224 301
224 325
164 224
224 347
224 254
224 322
224 287
123 224
210 224
40 224
3 224
224 324
224 388
152 224
102 224
74 224
224 268
224 315
224 353
188 224
90 224
224 357
224 385
149 224
224 245
224 261
24 224
91 301
91 325
91 164
91 347
91 254
91 322
91 287
91 123
91 210
40 91
3 91
91 324
91 388
91 152
91 102
74 91
91 268
91 315
91 353
91 188
90 91
91 357
91 385
91 149
91 245
91 261
24 91
91 224
55 301
55 325
55 164
55 347
55 254
55 322
55 287
55 123
55 210
40 55
3 55
55 324
55 388
55 152
55 102
55 74
55 268
55 315
55 353
55 188
55 90
55 357
55 385
55 149
55 245
55 261
24 55
55 224
55 91
43 45
45 57
43 57
45 294
43 294
57 294
45 366
43 366
57 366
294 366
45 77
43 77
57 77
77 294
77 366
45 246
43 246
57 246
246 294
246 366
77 246
45 106
43 106
57 106
106 294
106 366
77 106
106 246
45 341
43 341
57 341
294 341
341 366
77 341
246 341
106 341
44 45
43 44
44 57
44 294
44 366
44 77
44 246
44 106
44 341
45 348
43 348
57 348
294 348
348 366
77 348
246 348
106 348
341 348
44 348
45 256
43 256
57 256
256 294
256 366
77 256
246 256
106 256
256 341
44 256
256 348
45 120
43 120
57 120
120 294
120 366
77 120
120 246
106 120
120 341
44 120
120 348
120 256
45 154
43 154
57 154
154 294
154 366
77 154
154 246
106 154
154 341
44 154
154 348
154 256
120 154
45 202
43 202
57 202
202 294
202 366
77 202
202 246
106 202
202 341
44 202
202 348
202 256
120 202
154 202
45 248
43 248
57 248
248 294
248 366
77 248
246 248
106 248
248 341
44 248
248 348
248 256
120 248
154 248
202 248
45 64
43 64
57 64
64 294
64 366
64 77
64 246
64 106
64 341
44 64
64 348
64 256
64 120
64 154
64 202
64 248
45 194
43 194
57 194
194 294
194 366
77 194
194 246
106 194
194 341
44 194
194 348
194 256
120 194
154 194
194 202
194 248
64 194
45 375
43 375
57 375
294 375
366 375
77 375
246 375
106 375
341 375
44 375
348 375
256 375
120 375
154 375
202 375
248 375
64 375
194 375
45 277
43 277
57 277
277 294
277 366
77 277
246 277
106 277
277 341
44 277
277 348
256 277
120 277
154 277
202 277
248 277
64 277
194 277
277 375
45 198
43 198
57 198
198 294
198 366
77 198
198 246
106 198
198 341
44 198
198 348
198 256
120 198
154 198
198 202
198 248
64 198
194 198
198 375
198 277
39 45
39 43
39 57
39 294
39 366
39 77
39 246
39 106
39 341
39 44
39 348
39 256
39 120
39 154
39 202
39 248
39 64
39 194
39 375
39 277
39 198
45 176
43 176
57 176
176 294
176 366
77 176
176 246
106 176
176 341
44 176
176 348
176 256
120 176
154 176
176 202
176 248
64 176
176 194
176 375
176 277
176 198
39 176
27 45
27 43
27 57
27 294
27 366
27 77
27 246
27 106
27 341
27 44
27 348
27 256
27 120
27 154
27 202
27 248
27 64
27 194
27 375
27 277
27 198
27 39
27 176
45 111
43 111
57 111
111 294
111 366
77 111
111 246
106 111
111 341
44 111
111 348
111 256
111 120
111 154
111 202
111 248
64 111
111 194
111 375
111 277
111 198
39 111
111 176
27 111
45 244
43 244
57 244
244 294
244 366
77 244
244 246
106 244
244 341
44 244
244 348
244 256
120 244
154 244
202 244
244 248
64 244
194 244
244 375
244 277
198 244
39 244
176 244
27 244
111 244
45 312
43 312
57 312
294 312
312 366
77 312
246 312
106 312
312 341
44 312
312 348
256 312
120 312
154 312
202 312
248 312
64 312
194 312
312 375
277 312
198 312
39 312
176 312
27 312
111 312
244 312
45 46
43 46
46 57
46 294
46 366
46 77
46 246
46 106
46 341
44 46
46 348
46 256
46 120
46 154
46 202
46 248
46 64
46 194
46 375
46 277
46 198
39 46
46 176
27 46
46 111
46 244
46 312
34 45
34 43
34 57
34 294
34 366
34 77
34 246
34 106
34 341
34 44
34 348
34 256
34 120
34 154
34 202
34 248
34 64
34 194
34 375
34 277
34 198
34 39
34 176
27 34
34 111
34 244
34 312
34 46
45 223
43 223
57 223
223 294
223 366
77 223
223 246
106 223
223 341
44 223
223 348
223 256
120 223
154 223
202 223
223 248
64 223
194 223
223 375
223 277
198 223
39 223
176 223
27 223
111 223
223 244
223 312
46 223
34 223
89 333
174 333
89 174
290 333
89 290
174 290
282 333
89 282
174 282
282 290
219 333
89 219
174 219
219 290
219 282
231 333
89 231
174 231
231 290
231 282
219 231
193 333
89 193
174 193
193 290
193 282
193 219
193 231
288 333
89 288
174 288
288 290
282 288
219 288
231 288
193 288
299 333
89 299
174 299
290 299
282 299
219 299
231 299
193 299
288 299
131 333
89 131
131 174
131 290
131 282
131 219
131 231
131 193
131 288
131 299
281 333
89 281
174 281
281 290
281 282
219 281
231 281
193 281
281 288
281 299
131 281
240 333
89 240
174 240
240 290
240 282
219 240
231 240
193 240
240 288
240 299
131 240
240 281
220 333
89 220
174 220
220 290
220 282
219 220
220 231
193 220
220 288
220 299
131 220
220 281
220 240
251 333
89 251
174 251
251 290
251 282
219 251
231 251
193 251
251 288
251 299
131 251
251 281
240 251
220 251
333 360
89 360
174 360
290 360
282 360
219 360
231 360
193 360
288 360
299 360
131 360
281 360
240 360
220 360
251 360
19 333
19 89
19 174
19 290
19 282
19 219
19 231
19 193
19 288
19 299
19 131
19 281
19 240
19 220
19 251
19 360
229 333
89 229
174 229
229 290
229 282
219 229
229 231
193 229
229 288
229 299
131 229
229 281
229 240
220 229
229 251
229 360
19 229
262 333
89 262
174 262
262 290
262 282
219 262
231 262
193 262
262 288
262 299
131 262
262 281
240 262
220 262
251 262
262 360
19 262
229 262
177 333
89 177
174 177
177 290
177 282
177 219
177 231
177 193
177 288
177 299
131 177
177 281
177 240
177 220
177 251
177 360
19 177
177 229
177 262
32 333
32 89
32 174
32 290
32 282
32 219
32 231
32 193
32 288
32 299
32 131
32 281
32 240
32 220
32 251
32 360
19 32
32 229
32 262
32 177
100 333
89 100
100 174
100 290
100 282
100 219
100 231
100 193
100 288
100 299
100 131
100 281
100 240
100 220
100 251
100 360
19 100
100 229
100 262
100 177
32 100
54 333
54 89
54 174
54 290
54 282
54 219
54 231
54 193
54 288
54 299
54 131
54 281
54 240
54 220
54 251
54 360
19 54
54 229
54 262
54 177
32 54
54 100
76 333
76 89
76 174
76 290
76 282
76 219
76 231
76 193
76 288
76 299
76 131
76 281
76 240
76 220
76 251
76 360
19 76
76 229
76 262
76 177
32 76
76 100
54 76
56 333
56 89
56 174
56 290
56 282
56 219
56 231
56 193
56 288
56 299
56 131
56 281
56 240
56 220
56 251
56 360
19 56
56 229
56 262
56 177
32 56
56 100
54 56
56 76
259 333
89 259
174 259
259 290
259 282
219 259
231 259
193 259
259 288
259 299
131 259
259 281
240 259
220 259
251 259
259 360
19 259
229 259
259 262
177 259
32 259
100 259
54 259
76 259
56 259
14 333
14 89
14 174
14 290
14 282
14 219
14 231
14 193
14 288
14 299
14 131
14 281
14 240
14 220
14 251
14 360
14 19
14 229
14 262
14 177
14 32
14 100
14 54
14 76
14 56
14 259
333 344
89 344
174 344
290 344
282 344
219 344
231 344
193 344
288 344
299 344
131 344
281 344
240 344
220 344
251 344
344 360
19 344
229 344
262 344
177 344
32 344
100 344
54 344
76 344
56 344
259 344
14 344
217 333
89 217
174 217
217 290
217 282
217 219
217 231
193 217
217 288
217 299
131 217
217 281
217 240
217 220
217 251
217 360
19 217
217 229
217 262
177 217
32 217
100 217
54 217
76 217
56 217
217 259
14 217
217 344
99 333
89 99
99 174
99 290
99 282
99 219
99 231
99 193
99 288
99 299
99 131
99 281
99 240
99 220
99 251
99 360
19 99
99 229
99 262
99 177
32 99
99 100
54 99
76 99
56 99
99 259
14 99
99 344
99 217
249 274
249 313
274 313
17 249
17 274
17 313
199 249
199 274
199 313
17 199
47 249
47 274
47 313
17 47
47 199
249 346
274 346
313 346
17 346
199 346
47 346
108 249
108 274
108 313
17 108
108 199
47 108
108 346
242 249
242 274
242 313
17 242
199 242
47 242
242 346
108 242
173 249
173 274
173 313
17 173
173 199
47 173
173 346
108 173
173 242
150 249
150 274
150 313
17 150
150 199
47 150
150 346
108 150
150 242
150 173
249 356
274 356
313 356
17 356
199 356
47 356
346 356
108 356
242 356
173 356
150 356
249 304
274 304
304 313
17 304
199 304
47 304
304 346
108 304
242 304
173 304
150 304
304 356
143 249
143 274
143 313
17 143
143 199
47 143
143 346
108 143
143 242
143 173
143 150
143 356
143 304
184 249
184 274
184 313
17 184
184 199
47 184
184 346
108 184
184 242
173 184
150 184
184 356
184 304
143 184
249 309
274 309
309 313
17 309
199 309
47 309
309 346
108 309
242 309
173 309
150 309
309 356
304 309
143 309
184 309
146 249
146 274
146 313
17 146
146 199
47 146
146 346
108 146
146 242
146 173
146 150
146 356
146 304
143 146
146 184
146 309
96 249
96 274
96 313
17 96
96 199
47 96
96 346
96 108
96 242
96 173
96 150
96 356
96 304
96 143
96 184
96 309
96 146
73 249
73 274
73 313
17 73
73 199
47 73
73 346
73 108
73 242
73 173
73 150
73 356
73 304
73 143
73 184
73 309
73 146
73 96
124 249
124 274
124 313
17 124
124 199
47 124
124 346
108 124
124 242
124 173
124 150
124 356
124 304
124 143
124 184
124 309
124 146
96 124
73 124
209 249
209 274
209 313
17 209
199 209
47 209
209 346
108 209
209 242
173 209
150 209
209 356
209 304
143 209
184 209
209 309
146 209
96 209
73 209
124 209
226 249
226 274
226 313
17 226
199 226
47 226
226 346
108 226
226 242
173 226
150 226
226 356
226 304
143 226
184 226
226 309
146 226
96 226
73 226
124 226
209 226
23 249
23 274
23 313
17 23
23 199
23 47
23 346
23 108
23 242
23 173
23 150
23 356
23 304
23 143
23 184
23 309
23 146
23 96
23 73
23 124
23 209
23 226
249 267
267 274
267 313
17 267
199 267
47 267
267 346
108 267
242 267
173 267
150 267
267 356
267 304
143 267
184 267
267 309
146 267
96 267
73 267
124 267
209 267
226 267
23 267
249 265
265 274
265 313
17 265
199 265
47 265
265 346
108 265
242 265
173 265
150 265
265 356
265 304
143 265
184 265
265 309
146 265
96 265
73 265
124 265
209 265
226 265
23 265
265 267
243 249
243 274
243 313
17 243
199 243
47 243
243 346
108 243
242 243
173 243
150 243
243 356
243 304
143 243
184 243
243 309
146 243
96 243
73 243
124 243
209 243
226 243
23 243
243 267
243 265
249 382
274 382
313 382
17 382
199 382
47 382
346 382
108 382
242 382
173 382
150 382
356 382
304 382
143 382
184 382
309 382
146 382
96 382
73 382
124 382
209 382
226 382
23 382
267 382
265 382
243 382
249 377
274 377
313 377
17 377
199 377
47 377
346 377
108 377
242 377
173 377
150 377
356 377
304 377
143 377
184 377
309 377
146 377
96 377
73 377
124 377
209 377
226 377
23 377
267 377
265 377
243 377
377 382
212 249
212 274
212 313
17 212
199 212
47 212
212 346
108 212
212 242
173 212
150 212
212 356
212 304
143 212
184 212
212 309
146 212
96 212
73 212
124 212
209 212
212 226
23 212
212 267
212 265
212 243
212 382
212 377
138 249
138 274
138 313
17 138
138 199
47 138
138 346
108 138
138 242
138 173
138 150
138 356
138 304
138 143
138 184
138 309
138 146
96 138
73 138
124 138
138 209
138 226
23 138
138 267
138 265
138 243
138 382
138 377
138 212
323 342
22 323
22 342
140 323
140 342
22 140
166 323
166 342
22 166
140 166
157 323
157 342
22 157
140 157
157 166
235 323
235 342
22 235
140 235
166 235
157 235
323 378
342 378
22 378
140 378
166 378
157 378
235 378
323 383
342 383
22 383
140 383
166 383
157 383
235 383
378 383
169 323
169 342
22 169
140 169
166 169
157 169
169 235
169 378
169 383
52 323
52 342
22 52
52 140
52 166
52 157
52 235
52 378
52 383
52 169
107 323
107 342
22 107
107 140
107 166
107 157
107 235
107 378
107 383
107 169
52 107
236 323
236 342
22 236
140 236
166 236
157 236
235 236
236 378
236 383
169 236
52 236
107 236
323 327
327 342
22 327
140 327
166 327
157 327
235 327
327 378
327 383
169 327
52 327
107 327
236 327
305 323
305 342
22 305
140 305
166 305
157 305
235 305
305 378
305 383
169 305
52 305
107 305
236 305
305 327
112 323
112 342
22 112
112 140
112 166
112 157
112 235
112 378
112 383
112 169
52 112
107 112
112 236
112 327
112 305
289 323
289 342
22 289
140 289
166 289
157 289
235 289
289 378
289 383
169 289
52 289
107 289
236 289
289 327
289 305
112 289
323 371
342 371
22 371
140 371
166 371
157 371
235 371
371 378
371 383
169 371
52 371
107 371
236 371
327 371
305 371
112 371
289 371
7 323
7 342
7 22
7 140
7 166
7 157
7 235
7 378
7 383
7 169
7 52
7 107
7 236
7 327
7 305
7 112
7 289
7 371
158 323
158 342
22 158
140 158
158 166
157 158
158 235
158 378
158 383
158 169
52 158
107 158
158 236
158 327
158 305
112 158
158 289
158 371
7 158
35 323
35 342
22 35
35 140
35 166
35 157
35 235
35 378
35 383
35 169
35 52
35 107
35 236
35 327
35 305
35 112
35 289
35 371
7 35
35 158
119 323
119 342
22 119
119 140
119 166
119 157
119 235
119 378
119 383
119 169
52 119
107 119
119 236
119 327
119 305
112 119
119 289
119 371
7 119
119 158
35 119
61 323
61 342
22 61
61 140
61 166
61 157
61 235
61 378
61 383
61 169
52 61
61 107
61 236
61 327
61 305
61 112
61 289
61 371
7 61
61 158
35 61
61 119
78 323
78 342
22 78
78 140
78 166
78 157
78 235
78 378
78 383
78 169
52 78
78 107
78 236
78 327
78 305
78 112
78 289
78 371
7 78
78 158
35 78
78 119
61 78
323 365
342 365
22 365
140 365
166 365
157 365
235 365
365 378
365 383
169 365
52 365
107 365
236 365
327 365
305 365
112 365
289 365
365 371
7 365
158 365
35 365
119 365
61 365
78 365
306 323
306 342
22 306
140 306
166 306
157 306
235 306
306 378
306 383
169 306
52 306
107 306
236 306
306 327
305 306
112 306
289 306
306 371
7 306
158 306
35 306
119 306
61 306
78 306
306 365
233 323
233 342
22 233
140 233
166 233
157 233
233 235
233 378
233 383
169 233
52 233
107 233
233 236
233 327
233 305
112 233
233 289
233 371
7 233
158 233
35 233
119 233
61 233
78 233
233 365
233 306
161 323
161 342
22 161
140 161
161 166
157 161
161 235
161 378
161 383
161 169
52 161
107 161
161 236
161 327
161 305
112 161
161 289
161 371
7 161
158 161
35 161
119 161
61 161
78 161
161 365
161 306
161 233
37 323
37 342
22 37
37 140
37 166
37 157
37 235
37 378
37 383
37 169
37 52
37 107
37 236
37 327
37 305
37 112
37 289
37 371
7 37
37 158
35 37
37 119
37 61
37 78
37 365
37 306
37 233
37 161
63 323
63 342
22 63
63 140
63 166
63 157
63 235
63 378
63 383
63 169
52 63
63 107
63 236
63 327
63 305
63 112
63 289
63 371
7 63
63 158
35 63
63 119
61 63
63 78
63 365
63 306
63 233
63 161
37 63
98 135
10 98
10 135
98 247
135 247
10 247
20 98
20 135
10 20
20 247
84 98
84 135
10 84
84 247
20 84
98 314
135 314
10 314
247 314
20 314
84 314
16 98
16 135
10 16
16 247
16 20
16 84
16 314
98 237
135 237
10 237
237 247
20 237
84 237
237 314
16 237
98 351
135 351
10 351
247 351
20 351
84 351
314 351
16 351
237 351
98 196
135 196
10 196
196 247
20 196
84 196
196 314
16 196
196 237
196 351
66 98
66 135
10 66
66 247
20 66
66 84
66 314
16 66
66 237
66 351
66 196
98 148
135 148
10 148
148 247
20 148
84 148
148 314
16 148
148 237
148 351
148 196
66 148
2 98
2 135
2 10
2 247
2 20
2 84
2 314
2 16
2 237
2 351
2 196
2 66
2 148
98 302
135 302
10 302
247 302
20 302
84 302
302 314
16 302
237 302
302 351
196 302
66 302
148 302
2 302
98 160
135 160
10 160
160 247
20 160
84 160
160 314
16 160
160 237
160 351
160 196
66 160
148 160
2 160
160 302
98 273
135 273
10 273
247 273
20 273
84 273
273 314
16 273
237 273
273 351
196 273
66 273
148 273
2 273
273 302
160 273
69 98
69 135
10 69
69 247
20 69
69 84
69 314
16 69
69 237
69 351
69 196
66 69
69 148
2 69
69 302
69 160
69 273
98 165
135 165
10 165
165 247
20 165
84 165
165 314
16 165
165 237
165 351
165 196
66 165
148 165
2 165
165 302
160 165
165 273
69 165
98 376
135 376
10 376
247 376
20 376
84 376
314 376
16 376
237 376
351 376
196 376
66 376
148 376
2 376
302 376
160 376
273 376
69 376
165 376
97 98
97 135
10 97
97 247
20 97
84 97
97 314
16 97
97 237
97 351
97 196
66 97
97 148
2 97
97 302
97 160
97 273
69 97
97 165
97 376
98 105
105 135
10 105
105 247
20 105
84 105
105 314
16 105
105 237
105 351
105 196
66 105
105 148
2 105
105 302
105 160
105 273
69 105
105 165
105 376
97 105
98 129
129 135
10 129
129 247
20 129
84 129
129 314
16 129
129 237
129 351
129 196
66 129
129 148
2 129
129 302
129 160
129 273
69 129
129 165
129 376
97 129
105 129
36 98
36 135
10 36
36 247
20 36
36 84
36 314
16 36
36 237
36 351
36 196
36 66
36 148
2 36
36 302
36 160
36 273
36 69
36 165
36 376
36 97
36 105
36 129
98 331
135 331
10 331
247 331
20 331
84 331
314 331
16 331
237 331
331 351
196 331
66 331
148 331
2 331
302 331
160 331
273 331
69 331
165 331
331 376
97 331
105 331
129 331
36 331
12 98
12 135
10 12
12 247
12 20
12 84
12 314
12 16
12 237
12 351
12 196
12 66
12 148
2 12
12 302
12 160
12 273
12 69
12 165
12 376
12 97
12 105
12 129
12 36
12 331
98 317
135 317
10 317
247 317
20 317
84 317
314 317
16 317
237 317
317 351
196 317
66 317
148 317
2 317
302 317
160 317
273 317
69 317
165 317
317 376
97 317
105 317
129 317
36 317
317 331
12 317
98 271
135 271
10 271
247 271
20 271
84 271
271 314
16 271
237 271
271 351
196 271
66 271
148 271
2 271
271 302
160 271
271 273
69 271
165 271
271 376
97 271
105 271
129 271
36 271
271 331
12 271
271 317
30 98
30 135
10 30
30 247
20 30
30 84
30 314
16 30
30 237
30 351
30 196
30 66
30 148
2 30
30 302
30 160
30 273
30 69
30 165
30 376
30 97
30 105
30 129
30 36
30 331
12 30
30 317
30 271
62 98
62 135
10 62
62 247
20 62
62 84
62 314
16 62
62 237
62 351
62 196
62 66
62 148
2 62
62 302
62 160
62 273
62 69
62 165
62 376
62 97
62 105
62 129
36 62
62 331
12 62
62 317
62 271
30 62
70 83
83 374
70 374
83 122
70 122
122 374
83 218
70 218
218 374
122 218
83 336
70 336
336 374
122 336
218 336
83 291
70 291
291 374
122 291
218 291
291 336
83 318
70 318
318 374
122 318
218 318
318 336
291 318
68 83
68 70
68 374
68 122
68 218
68 336
68 291
68 318
83 349
70 349
349 374
122 349
218 349
336 349
291 349
318 349
68 349
83 253
70 253
253 374
122 253
218 253
253 336
253 291
253 318
68 253
253 349
83 214
70 214
214 374
122 214
214 218
214 336
214 291
214 318
68 214
214 349
214 253
83 147
70 147
147 374
122 147
147 218
147 336
147 291
147 318
68 147
147 349
147 253
147 214
82 83
70 82
82 374
82 122
82 218
82 336
82 291
82 318
68 82
82 349
82 253
82 214
82 147
83 372
70 372
372 374
122 372
218 372
336 372
291 372
318 372
68 372
349 372
253 372
214 372
147 372
82 372
83 227
70 227
227 374
122 227
218 227
227 336
227 291
227 318
68 227
227 349
227 253
214 227
147 227
82 227
227 372
83 338
70 338
338 374
122 338
218 338
336 338
291 338
318 338
68 338
338 349
253 338
214 338
147 338
82 338
338 372
227 338
18 83
18 70
18 374
18 122
18 218
18 336
18 291
18 318
18 68
18 349
18 253
18 214
18 147
18 82
18 372
18 227
18 338
83 162
70 162
162 374
122 162
162 218
162 336
162 291
162 318
68 162
162 349
162 253
162 214
147 162
82 162
162 372
162 227
162 338
18 162
28 83
28 70
28 374
28 122
28 218
28 336
28 291
28 318
28 68
28 349
28 253
28 214
28 147
28 82
28 372
28 227
28 338
18 28
28 162
83 300
70 300
300 374
122 300
218 300
300 336
291 300
300 318
68 300
300 349
253 300
214 300
147 300
82 300
300 372
227 300
300 338
18 300
162 300
28 300
83 208
70 208
208 374
122 208
208 218
208 336
208 291
208 318
68 208
208 349
208 253
208 214
147 208
82 208
208 372
208 227
208 338
18 208
162 208
28 208
208 300
83 363
70 363
363 374
122 363
218 363
336 363
291 363
318 363
68 363
349 363
253 363
214 363
147 363
82 363
363 372
227 363
338 363
18 363
162 363
28 363
300 363
208 363
83 211
70 211
211 374
122 211
211 218
211 336
211 291
211 318
68 211
211 349
211 253
211 214
147 211
82 211
211 372
211 227
211 338
18 211
162 211
28 211
211 300
208 211
211 363
72 83
70 72
72 374
72 122
72 218
72 336
72 291
72 318
68 72
72 349
72 253
72 214
72 147
72 82
72 372
72 227
72 338
18 72
72 162
28 72
72 300
72 208
72 363
72 211
83 298
70 298
298 374
122 298
218 298
298 336
291 298
298 318
68 298
298 349
253 298
214 298
147 298
82 298
298 372
227 298
298 338
18 298
162 298
28 298
298 300
208 298
298 363
211 298
72 298
26 83
26 70
26 374
26 122
26 218
26 336
26 291
26 318
26 68
26 349
26 253
26 214
26 147
26 82
26 372
26 227
26 338
18 26
26 162
26 28
26 300
26 208
26 363
26 211
26 72
26 298
83 117
70 117
117 374
117 122
117 218
117 336
117 291
117 318
68 117
117 349
117 253
117 214
117 147
82 117
117 372
117 227
117 338
18 117
117 162
28 117
117 300
117 208
117 363
117 211
72 117
117 298
26 117
83 137
70 137
137 374
122 137
137 218
137 336
137 291
137 318
68 137
137 349
137 253
137 214
137 147
82 137
137 372
137 227
137 338
18 137
137 162
28 137
137 300
137 208
137 363
137 211
72 137
137 298
26 137
117 137
83 340
70 340
340 374
122 340
218 340
336 340
291 340
318 340
68 340
340 349
253 340
214 340
147 340
82 340
340 372
227 340
338 340
18 340
162 340
28 340
300 340
208 340
340 363
211 340
72 340
298 340
26 340
117 340
137 340
142 297
8 142
8 297
142 207
207 297
8 207
67 142
67 297
8 67
67 207
142 308
297 308
8 308
207 308
67 308
142 266
266 297
8 266
207 266
67 266
266 308
142 354
297 354
8 354
207 354
67 354
308 354
266 354
110 142
110 297
8 110
110 207
67 110
110 308
110 266
110 354
142 190
190 297
8 190
190 207
67 190
190 308
190 266
190 354
110 190
142 172
172 297
8 172
172 207
67 172
172 308
172 266
172 354
110 172
172 190
133 142
133 297
8 133
133 207
67 133
133 308
133 266
133 354
110 133
133 190
133 172
142 200
200 297
8 200
200 207
67 200
200 308
200 266
200 354
110 200
190 200
172 200
133 200
142 258
258 297
8 258
207 258
67 258
258 308
258 266
258 354
110 258
190 258
172 258
133 258
200 258
142 307
297 307
8 307
207 307
67 307
307 308
266 307
307 354
110 307
190 307
172 307
133 307
200 307
258 307
58 142
58 297
8 58
58 207
58 67
58 308
58 266
58 354
58 110
58 190
58 172
58 133
58 200
58 258
58 307
142 319
297 319
8 319
207 319
67 319
308 319
266 319
319 354
110 319
190 319
172 319
133 319
200 319
258 319
307 319
58 319
142 337
297 337
8 337
207 337
67 337
308 337
266 337
337 354
110 337
190 337
172 337
133 337
200 337
258 337
307 337
58 337
319 337
142 255
255 297
8 255
207 255
67 255
255 308
255 266
255 354
110 255
190 255
172 255
133 255
200 255
255 258
255 307
58 255
255 319
255 337
142 205
205 297
8 205
205 207
67 205
205 308
205 266
205 354
110 205
190 205
172 205
133 205
200 205
205 258
205 307
58 205
205 319
205 337
205 255
142 330
297 330
8 330
207 330
67 330
308 330
266 330
330 354
110 330
190 330
172 330
133 330
200 330
258 330
307 330
58 330
319 330
330 337
255 330
205 330
142 181
181 297
8 181
181 207
67 181
181 308
181 266
181 354
110 181
181 190
172 181
133 181
181 200
181 258
181 307
58 181
181 319
181 337
181 255
181 205
181 330
142 183
183 297
8 183
183 207
67 183
183 308
183 266
183 354
110 183
183 190
172 183
133 183
183 200
183 258
183 307
58 183
183 319
183 337
183 255
183 205
183 330
181 183
142 272
272 297
8 272
207 272
67 272
272 308
266 272
272 354
110 272
190 272
172 272
133 272
200 272
258 272
272 307
58 272
272 319
272 337
255 272
205 272
272 330
181 272
183 272
87 142
87 297
8 87
87 207
67 87
87 308
87 266
87 354
87 110
87 190
87 172
87 133
87 200
87 258
87 307
58 87
87 319
87 337
87 255
87 205
87 330
87 181
87 183
87 272
142 213
213 297
8 213
207 213
67 213
213 308
213 266
213 354
110 213
190 213
172 213
133 213
200 213
213 258
213 307
58 213
213 319
213 337
213 255
205 213
213 330
181 213
183 213
213 272
87 213
92 142
92 297
8 92
92 207
67 92
92 308
92 266
92 354
92 110
92 190
92 172
92 133
92 200
92 258
92 307
58 92
92 319
92 337
92 255
92 205
92 330
92 181
92 183
92 272
87 92
92 213
141 142
141 297
8 141
141 207
67 141
141 308
141 266
141 354
110 141
141 190
141 172
133 141
141 200
141 258
141 307
58 141
141 319
141 337
141 255
141 205
141 330
141 181
141 183
141 272
87 141
141 213
92 141
142 179
179 297
8 179
179 207
67 179
179 308
179 266
179 354
110 179
179 190
172 179
133 179
179 200
179 258
179 307
58 179
179 319
179 337
179 255
179 205
179 330
179 181
179 183
179 272
87 179
179 213
92 179
141 179
142 389
297 389
8 389
207 389
67 389
308 389
266 389
354 389
110 389
190 389
172 389
133 389
200 389
258 389
307 389
58 389
319 389
337 389
255 389
205 389
330 389
181 389
183 389
272 389
87 389
213 389
92 389
141 389
179 389
