400 399
6926 7657 0 1
6547 -6918 5770 2
-8631 3909 121 2
-8717 -2845 142 2
5035 -9954 9668 2
4610 -3814 2610 2
-6984 1419 2378 2
-3410 -4902 2806 2
-5741 -7688 5606 2
2096 4905 2914 2
-7222 151 7227 2
-2465 -6923 8129 2
66 -4628 4840 2
6880 2655 9610 2
5483 6619 3841 2
9359 2529 1600 2
-5823 -2819 6570 2
1516 8459 6396 2
5049 -1945 7053 2
-9305 -3310 5184 2
-2735 -7460 8204 2
-2581 1734 2444 2
6375 6455 7537 2
1851 4496 3583 2
-7301 -5223 6469 2
9582 2425 9834 2
9618 6642 9080 2
-5502 -1540 9346 2
-4025 -2638 2827 2
-2933 -3829 7663 2
938 1100 1486 2
-5066 -1499 5614 2
708 -8873 2694 2
3208 -8368 2273 2
-3499 -9012 6431 2
-9710 708 6697 2
-8286 -3075 8061 2
-3510 4142 9706 2
4221 -3601 7563 2
-6776 -1710 4098 2
-8555 -2802 7394 2
-5466 -1338 4629 2
840 9679 8055 2
-1901 -1858 1912 2
-5654 7857 151 2
5530 -3107 9685 2
6119 7091 8974 2
6743 -9857 4263 2
-3845 -3322 8126 2
7767 -7012 1597 2
-9718 -196 6475 2
-3943 8160 8707 2
-3144 -4089 7822 2
-2803 -806 806 2
7576 6393 4898 2
8558 3573 9500 2
-51 5409 8579 2
5228 -787 9506 2
-4025 892 7490 2
-3475 2308 3578 2
-8167 455 3068 2
-6922 -2086 9739 2
-6163 9211 7484 2
-5711 7151 9525 2
5400 -8296 6216 2
4527 -9218 4380 2
-1682 -6038 1858 2
4864 8096 7774 2
7668 -8919 3671 2
5107 -7373 7146 2
-1399 3160 694 2
9503 -5154 7400 2
7119 -8128 386 2
-2255 -1950 7564 2
-8492 -9809 740 2
1601 5053 9577 2
5883 9279 4485 2
-5998 938 7013 2
9506 -7275 9047 2
-1098 -8888 1765 2
8878 -8124 2657 2
-3804 -5725 304 2
7076 9654 5941 2
-411 7284 7032 2
-4951 -7393 2685 2
-1463 5096 5598 2
1943 -1555 7116 2
-7875 -2954 4194 2
-6407 -9271 8983 2
-2668 1554 1157 2
7418 -4684 1504 2
5499 -8161 7293 2
-5853 5269 3415 2
-7315 3197 8514 2
5147 9169 2691 2
55 7904 9259 2
-8614 -2303 463 2
7792 5232 4947 2
8175 2575 255 2
1091 -5535 9653 2
-4715 -6008 6661 2
2285 6071 9028 2
-9736 -2730 6671 2
5666 -1265 5921 2
1228 2484 2200 2
8120 954 7689 2
3654 -7817 4515 2
4082 -5011 9406 2
-100 -1071 6359 2
-8058 -8993 5374 2
-8670 8515 9742 2
-7095 225 8413 2
-8310 5350 7701 2
2879 3559 8690 2
-5537 -5102 9935 2
1601 -8618 5572 2
-4851 3958 4988 2
-8786 -9335 6917 2
-4305 2845 7788 2
-1739 7520 4690 2
7273 3177 2350 2
2415 -8760 4602 2
9261 4221 521 2
-1629 4088 7760 2
-7536 -8474 8496 2
-4017 -7598 9487 2
5137 9801 9392 2
-4575 2763 953 2
9824 -6824 8452 2
-7762 -7600 4802 2
-6645 -2603 2725 2
493 -5358 1824 2
4438 7365 8262 2
6208 -9240 1021 2
-5253 386 9234 2
-4289 8354 7910 2
5215 932 2510 2
-4708 -2348 4710 2
2043 -5277 4955 2
-3703 -6429 7751 2
8268 1554 8551 2
862 -6673 4363 2
4208 4277 6114 2
-5246 818 991 2
4275 2956 781 2
-6867 -3643 777 2
2882 -9842 4651 2
-1660 -3060 9392 2
-4377 -8761 7767 2
2851 -6330 4412 2
1565 9195 6405 2
-8949 3337 6112 2
8881 -745 9207 2
-3001 -2503 5162 2
4956 -801 2650 2
8027 -2283 5704 2
8021 -8379 1875 2
2180 3119 9996 2
3831 -5059 4035 2
-8617 -8839 6245 2
-6788 2675 5769 2
1435 3544 6242 2
6039 8227 3607 2
3658 4559 687 2
3138 9649 2089 2
833 -1312 2169 2
9381 -7324 4585 2
-3094 9835 1864 2
-8028 2562 4311 2
5014 7322 9937 2
-3866 4122 3679 2
-2948 9664 2695 2
-3895 9686 5745 2
4357 -8640 132 2
8048 6726 9683 2
5096 -7279 2927 2
4946 -1084 8708 2
8242 5229 191 2
5774 -1070 8766 2
800 7439 8604 2
-3477 1710 9282 2
265 -1626 2008 2
-2121 -464 4669 2
2069 -8896 6712 2
1704 7327 4712 2
-8307 8378 3852 2
2363 7784 4071 2
-4323 969 4861 2
2760 6461 5864 2
82 6852 7498 2
-99 8924 7761 2
1856 1281 3294 2
3026 -3969 6245 2
-8246 6603 9650 2
-2143 3474 1966 2
7052 -4766 1944 2
-7968 9228 6071 2
-2372 -2610 2716 2
-1117 1300 2543 2
5548 -5832 729 2
5089 9914 9957 2
-1579 -4930 9621 2
8933 2513 4828 2
1967 -8239 8420 2
-3732 -3916 7841 2
-6774 4965 3810 2
-8142 380 7558 2
-8838 -6402 2455 2
945 4838 4382 2
-595 -6486 2639 2
6324 -1634 8780 2
9001 3266 495 2
5044 -9372 7209 2
-8375 5665 6792 2
-1569 1884 2736 2
-5169 418 9432 2
6719 2661 2548 2
-6926 8054 3514 2
3336 3605 8783 2
6307 2005 3912 2
1847 5734 7758 2
-7345 9577 8901 2
5807 9525 8929 2
2104 -5254 16 2
3201 -4073 6932 2
-5590 -2692 2380 2
3427 8893 6090 2
318 -1830 9963 2
2072 -4179 3540 2
-8681 188 6113 2
1938 -9205 7956 2
-3070 8745 7370 2
8178 -5347 8316 2
-6322 -7540 5171 2
-5231 6093 5229 2
-5292 4443 5151 2
-5715 6993 5129 2
-2539 -6746 5741 2
1535 8484 5755 2
3733 5156 367 2
5594 2489 4145 2
5266 2309 971 2
-7935 936 6182 2
-5414 -9000 8682 2
-1403 -7810 6554 2
8706 -7424 2506 2
-5020 3221 5760 2
-1064 4983 5916 2
-497 -8187 9304 2
2090 -7898 1369 2
6603 5262 7888 2
5103 -1987 595 2
-100 -1321 563 2
2950 -6799 6637 2
9012 -4547 9624 2
-2 8733 2401 2
-5330 8072 3759 2
9398 2822 7275 2
-6960 7403 2524 2
-9792 7660 2732 2
9298 -1724 4799 2
-1518 8126 2793 2
-3205 6076 105 2
-2164 3758 7881 2
9938 2902 5783 2
615 7847 3804 2
-7720 6788 2229 2
3030 9468 3878 2
9381 3482 5838 2
-3301 8824 6880 2
4404 -5010 3000 2
-994 7543 9222 2
9084 7885 1650 2
7568 -8727 2429 2
-140 -4889 3477 2
8362 -3350 5902 2
-7704 7000 2853 2
9467 -4837 4443 2
5885 1764 3871 2
-3442 -1619 408 2
3346 -8507 5639 2
-79 6935 5051 2
2462 1110 7611 2
-7009 1128 1271 2
-1373 69 7185 2
-717 -7614 34 2
6004 -1497 2987 2
-1893 4949 9975 2
-2335 7462 1946 2
-9464 9772 1634 2
7275 8850 5339 2
-3788 9103 9633 2
5842 1183 2917 2
5688 -6405 7815 2
7797 7840 3751 2
-1020 4523 7152 2
-9747 -6106 3087 2
-5463 -5773 3831 2
6065 -9149 1877 2
-5347 -1973 4662 2
-640 3689 5609 2
-1516 9237 6704 2
1597 7771 2697 2
-6996 3799 6706 2
-7525 -22 7459 2
7663 3154 2144 2
-2447 -1702 9044 2
1700 8307 5193 2
7207 4749 6283 2
-8742 5738 1179 2
-7894 732 9000 2
4606 8349 8523 2
-5911 -7738 7553 2
-5579 2797 4847 2
4822 -2959 7997 2
3654 -564 879 2
-9346 -6082 5252 2
4831 -5428 9684 2
-2812 -3624 3532 2
-8246 455 696 2
-5894 8972 9979 2
-8930 5704 1361 2
-6283 -4119 8585 2
9638 7785 702 2
1425 -550 8504 2
7957 5191 4892 2
-9670 -4165 2832 2
-6541 -2387 3586 2
-6875 -3982 2631 2
9637 -7348 6254 2
8329 872 575 2
-5783 -5547 6141 2
6997 9699 4884 2
780 7694 3449 2
9773 1345 3261 2
1769 -1183 3841 2
-5170 295 1339 2
4047 3932 9380 2
8315 -2857 8230 2
9658 223 4888 2
-1163 -4030 3035 2
4314 8188 408 2
647 -1432 5884 2
2562 -7416 9930 2
686 4492 1295 2
-6092 -3244 9753 2
5172 -6688 3978 2
9179 4481 4383 2
2318 -2522 5648 2
-1671 6775 1370 2
-1978 -4232 171 2
-8947 -7676 1891 2
-6324 -3638 4193 2
792 9626 2305 2
-7773 3891 799 2
-5975 -5934 1972 2
-3145 3359 6936 2
7205 6201 2991 2
9322 -6817 1099 2
438 8284 8710 2
-6853 6034 6359 2
-4150 9084 2717 2
1069 20 5136 2
1847 -3892 1329 2
-7918 -994 1330 2
-835 -939 3428 2
8884 7021 7783 2
-6552 4421 5728 2
2287 5127 269 2
-7889 -9038 2254 2
-2854 -9796 8809 2
6820 8791 4749 2
6908 -9310 6322 2
-6502 405 5018 2
861 -436 3586 2
-794 1864 6957 2
3799 8783 9458 2
3637 4049 834 2
-6423 4248 6368 2
509 -7048 6475 2
-479 485 8900 2
-6381 7628 7585 2
3966 7146 8567 2
-9799 7563 3840 2
-1878 -6378 2989 2
9223 9255 4638 2
9250 -8295 5944 2
-2770 -3183 3650 2
-3303 8140 324 2
-8361 -2026 5437 2
-8639 -679 8484 2
-3743 9858 8296 2
1500 945 2511 2
-9687 -1833 1779 2
-3534 -8948 4076 2
3510 3411 4265 2
3004 -9256 2307 2
-4885 -9983 8143 2
7822 -7617 5090 2
-5767 -7726 0 1
1 359
1 345
297 345
1 45
45 129
45 69
45 55
1 145
67 359
29 297
45 114
67 100
55 246
51 359
67 328
67 120
300 359
111 114
138 328
23 359
107 111
106 111
20 138
39 69
39 61
20 218
129 315
67 219
20 236
208 315
30 218
157 218
120 215
120 318
272 318
334 359
67 399
95 315
61 84
39 373
51 62
202 345
45 356
215 349
129 275
30 307
129 164
2 55
30 159
29 178
49 69
100 177
218 255
20 38
49 116
345 382
233 300
62 247
51 282
114 117
200 318
30 115
100 378
359 393
147 378
218 380
300 367
224 282
189 224
272 360
45 312
40 189
55 121
84 231
10 38
19 20
184 356
290 399
107 333
212 373
322 328
10 301
224 392
172 312
159 188
138 240
56 157
331 393
20 156
40 170
133 380
157 221
185 231
84 201
52 218
32 62
67 355
355 372
246 298
52 207
360 386
155 221
1 287
23 324
114 295
140 359
117 346
25 155
343 356
67 135
30 78
78 225
128 359
232 275
235 255
55 148
176 219
89 178
77 360
205 345
208 309
146 346
27 301
276 345
99 307
235 398
52 264
29 369
25 151
3 324
47 107
82 219
52 280
34 135
170 249
129 381
154 157
88 151
148 230
58 280
51 163
19 394
122 155
307 338
26 393
13 82
1 4
205 350
130 282
280 347
73 275
101 255
60 138
17 145
251 392
119 355
23 150
281 356
38 278
11 176
124 189
187 230
111 257
24 378
52 166
234 360
312 363
2 344
41 346
1 303
210 287
230 319
32 296
41 54
279 369
10 243
121 223
23 370
249 268
180 247
251 342
120 226
140 203
60 364
90 278
141 315
98 347
95 305
110 386
39 269
25 274
166 245
10 337
31 82
49 292
50 281
187 217
386 389
325 394
51 285
88 109
122 250
155 173
272 358
220 281
1 7
258 345
310 333
33 292
28 373
227 280
46 322
137 245
51 127
142 157
101 267
3 252
43 58
117 204
93 100
259 333
29 316
231 244
288 296
162 164
87 221
73 353
131 386
78 341
166 321
2 75
100 209
104 224
258 266
183 290
45 211
94 204
75 190
279 335
125 221
222 347
118 219
57 360
18 280
152 154
98 165
96 341
168 399
115 169
189 374
26 263
89 238
8 121
55 85
310 311
170 320
77 340
99 161
41 179
117 253
59 337
41 254
175 205
317 341
70 278
110 286
79 303
77 158
163 216
369 396
115 385
213 373
336 372
252 294
155 339
40 314
367 371
103 266
163 271
121 239
81 342
137 206
99 139
16 205
35 40
116 261
72 310
132 183
15 334
38 383
293 381
66 132
109 387
92 328
187 260
302 340
196 261
72 186
20 197
240 348
108 335
68 288
36 272
300 362
253 388
261 395
35 308
271 377
125 193
52 105
245 265
108 194
283 359
242 244
87 365
53 344
56 199
272 289
91 207
191 307
165 181
212 329
25 326
182 398
240 284
80 90
73 384
164 306
45 270
149 205
352 364
288 354
45 126
2 174
370 376
228 396
76 399
57 144
376 379
86 205
268 375
143 367
35 327
113 373
291 293
34 366
231 332
5 58
260 397
44 249
160 362
122 167
145 248
39 237
228 357
143 330
305 313
195 204
71 204
7 48
25 214
139 351
113 304
107 323
83 135
57 368
136 266
112 253
299 352
78 134
77 241
4 391
153 317
47 262
192 373
145 256
229 300
145 277
40 361
198 270
63 164
14 106
171 214
9 83
58 123
37 79
12 304
42 67
64 258
65 126
6 305
21 379
52 97
22 110
151 390
102 298
273 386
74 339
45 400
