400 0
-5606 3941 0 175
2295 1348 6385 163
360 4332 5636 326
7399 -4353 7571 336
-8406 3916 3494 36
5504 -5917 9818 233
4700 6204 4954 35
-8033 3018 3529 301
6089 9971 3271 221
3560 1182 6304 388
-7549 -4906 1199 329
-4402 7607 7095 344
8193 8443 1279 323
1901 1619 4882 141
-1581 7951 1623 314
-4054 -3339 2009 123
-2832 -5853 4778 127
135 -7342 5428 251
80 -68 274 85
969 8743 5311 143
3632 -9189 6089 254
3246 -2092 5459 133
-5913 2295 3693 42
-2140 4076 1600 156
6128 4 6967 241
8502 4301 5878 117
4174 6568 7223 6
-4751 -5216 328 101
-3555 3558 8729 261
-5243 2444 9827 207
9530 8435 797 224
5646 -3876 2107 15
-5127 -8782 6383 20
-1623 5721 7077 105
-5829 -7052 3190 8
-7597 9311 8241 35
242 -5519 1259 199
1992 4666 9653 119
8824 4718 5209 167
7715 -9265 9912 361
-2180 -9465 238 230
2143 -5312 1123 274
-2911 -5823 3469 123
2922 -7579 396 214
-5527 -5445 3853 353
7617 -9074 4890 44
-92 8841 380 81
1809 2833 2224 278
-984 -7339 4987 276
-2948 -1822 9614 285
-6618 -3183 9477 361
566 -2947 5516 31
6298 3881 5329 18
6314 1716 3931 329
8447 -2413 7668 337
-9944 -7795 7326 334
7904 6915 4878 142
5144 -6544 4502 316
810 -9507 911 20
2325 9650 1638 323
-3014 6183 5891 36
9157 -2488 6497 354
-5120 -5105 1388 365
-2249 3120 6007 75
6580 -6776 4623 154
-7630 -9429 1163 71
-4124 -3924 3697 201
3072 3819 9828 195
-2895 -9325 3805 293
-7259 -8767 61 124
2122 -5236 5631 234
-8769 9676 7083 139
9899 -7821 1271 311
-2693 9992 8462 291
-9664 -3820 84 243
5775 4501 7916 212
-4361 7270 4465 122
9109 7580 2011 280
-9032 -6991 7219 386
3690 -7134 5272 241
1711 8822 4627 127
-5306 9207 1057 260
-9224 -7786 6835 252
7483 -8412 5170 82
4221 9748 6085 232
9367 -8723 2490 79
-7281 -2316 8758 193
7120 -5944 4240 224
-5495 -5217 9441 367
9467 6462 6792 219
-609 5506 1919 18
-5389 -7176 6206 112
7817 9608 2110 375
2109 -15 4572 137
3985 -1130 1515 4
5597 2276 9068 317
-4342 -806 3746 72
-3553 2614 5870 365
-244 -8268 2064 384
4399 -1132 9420 325
-3084 -7876 667 85
4769 8505 2435 202
7766 1675 344 364
-8670 -4846 3723 118
678 -1924 3234 367
-4846 6580 7275 307
1326 -8123 5636 384
-9726 -213 843 248
3838 315 2120 94
4677 -1689 9965 333
5230 3472 9931 363
-7575 3301 6825 191
575 -9377 6533 119
7263 6230 9428 126
7710 -7214 758 387
9534 4365 8598 237
9867 8454 2318 211
-9949 -2854 924 234
-3706 -9258 4398 41
-1429 -9622 9024 156
9485 -8423 3984 139
4426 636 8260 343
8287 -8404 9203 220
6738 -6022 2093 306
-142 4335 9731 349
1492 321 5837 150
-5930 4188 4198 145
9658 -3653 560 11
4291 1030 184 304
1982 -8159 2435 342
537 7387 4790 80
-2423 1331 6133 364
-8690 -8172 28 139
3901 -6196 1566 66
6192 -2996 3777 157
6286 -5074 1403 351
-7114 -8138 8155 2
-9542 3499 2567 12
9376 -951 3682 374
-2134 3800 1266 91
-8860 -6092 3222 196
-639 6198 5206 19
-7574 -1234 9089 92
4961 9761 232 156
-359 4055 8818 245
495 8046 3093 13
8371 4134 196 141
-6160 1960 8005 3
-791 -235 6133 314
-6622 4524 3806 161
-4632 -9931 1186 383
-8056 -1560 8167 398
3028 8076 4320 117
4321 -4798 4012 244
-9240 1763 6091 184
2289 6428 3266 374
8225 7509 4115 392
-3637 -1219 243 298
-1480 8533 3819 13
7412 -1802 8078 244
3022 1621 8626 308
7061 8362 6326 183
6059 -7402 6666 111
2737 -7635 593 36
2815 -5914 5889 201
-7686 6312 146 61
5932 944 7404 319
100 1039 8362 51
-8368 -5271 6859 77
8217 8685 9301 315
-9124 -1223 5985 342
-1573 9494 2840 303
-9573 -9446 3035 154
-5611 52 6776 26
2946 8354 2543 218
-7894 4876 6882 145
-805 6435 812 293
-6875 6363 90 209
-3283 5199 4873 147
9346 -6882 7716 86
850 1289 5082 162
-3222 7707 8992 245
-7444 655 5133 345
-9482 -2580 1822 78
4985 -2176 5165 134
-396 8443 8728 328
1557 -618 6907 195
-3597 -1626 2714 400
-7482 1596 6240 50
4693 -854 5355 173
-2671 2743 6079 57
7998 9840 9082 327
8079 3061 2116 146
7200 2061 3042 165
-7218 4411 1338 96
8617 6497 1994 261
-1367 -1588 307 34
9237 -7942 1767 279
-6589 2573 7475 52
-4449 6984 6952 216
5821 -9330 2540 103
-9445 7584 6817 293
5325 -6495 7187 14
2995 2797 2248 384
1488 -7768 9211 198
1005 -7672 1968 183
6441 5115 9277 327
-156 -2056 1594 65
3250 6724 9256 326
7599 -4317 4623 2
3714 2012 6790 229
2096 -5016 428 15
-2324 -1720 4117 207
-8978 -7625 4176 228
-67 8491 9254 101
-317 -9034 4965 182
4178 9879 7269 393
-2306 360 1934 250
-1631 -2580 4702 193
6716 -7137 3879 13
-1633 -8177 4145 207
6293 7258 5566 385
-5312 9 861 188
6850 -2492 754 358
-2938 -5331 3109 259
8602 7746 7069 140
-2717 -9379 8602 178
3735 8942 3421 399
300 -5728 3028 177
3302 2478 9277 8
8396 4707 1439 185
6650 -7800 6552 253
-4441 -2613 6720 330
-9140 7725 1089 107
-8263 8918 1891 282
5446 9746 8825 397
9209 -1392 3246 251
9502 1308 1750 21
6811 6630 3306 368
-8667 946 4591 224
6324 -5002 3321 105
1210 -5344 3194 186
6341 -7755 9060 273
-5366 -8393 1313 70
5605 -4312 9549 371
-4355 6128 9058 158
-428 -3525 9767 348
-3551 1043 6522 266
7698 1096 9421 17
2009 6072 9681 86
-3825 1958 4741 166
9971 2569 1922 50
8279 -4667 4200 339
-175 -3406 7999 332
-5206 -4715 6638 61
1833 -857 7885 98
-7422 3453 5792 209
-4333 -2343 7906 348
4268 -5345 6076 37
-5735 -1546 8701 273
9765 2086 1578 229
8631 -736 4125 187
3500 -9870 9314 291
1131 -1009 950 357
9351 3616 2780 207
2572 -4983 6267 293
6342 -2220 1927 398
-2925 -3139 2817 372
-4832 -4138 9514 275
5160 -697 9598 43
9686 3575 8771 228
4406 5676 5869 70
1526 -7782 3869 370
-3903 -9695 8218 104
-7176 8027 2916 226
8590 805 2927 184
-6210 4410 4837 2
-6019 -3140 4216 225
7604 -200 638 70
9678 985 3771 183
603 5139 722 67
-7683 900 3887 348
8750 6433 5810 291
4323 -7880 8214 295
-8061 333 6713 390
-4739 -3283 3361 336
7224 1919 617 2
-6127 5296 364 175
3735 8690 4347 319
5992 -2374 530 160
6329 8770 5824 155
3492 9179 1539 274
9609 2801 2589 24
3393 3703 6459 262
-2158 -3183 7160 342
-9834 5695 7476 141
-5785 5384 3708 237
-3178 -7698 6172 215
-7246 3929 1308 78
-4487 4631 7348 96
-4028 -4499 2599 13
-9852 9952 8786 113
-9827 3726 2878 301
3970 2619 8156 106
-8710 -4262 278 5
4444 -9891 8028 303
-5049 -1042 5251 51
-2651 -9165 779 209
7372 -5717 3857 56
7275 -4206 1031 158
7997 7124 224 59
2814 -2165 7468 137
9727 2299 8594 222
1575 5414 9714 378
-899 9818 4089 194
-7876 5086 7337 368
2361 7564 5539 328
-4301 -3302 8821 238
-5491 -6805 9551 124
8581 -4969 3031 153
-6988 -14 1525 259
-8686 5817 1193 64
-5384 -1875 5627 362
-6515 -7723 2425 161
5051 -4454 5914 357
2188 -1971 6885 186
4328 4270 6883 56
-683 8148 4438 158
8994 9224 2458 370
9179 -1260 1875 220
8509 4735 5376 191
-8024 3630 2824 31
-993 5111 87 357
-4595 6139 9206 295
9329 -2768 860 252
-5859 -6982 6821 272
-1395 5197 6631 222
5401 7402 5409 348
124 -5229 6247 33
-2347 9722 6310 321
-2711 7411 9458 151
-4671 9316 4760 124
2217 -3171 1332 73
-9624 -7267 2483 396
6730 -4335 3842 225
-6724 6344 2183 40
7982 7335 6742 399
-2796 -8351 9153 311
2230 319 9368 307
-474 3398 4484 376
2377 2396 1543 284
1677 2952 8254 22
-4466 1705 2003 147
-8972 2283 9707 282
2322 -6037 228 394
-5984 -8893 6818 81
3709 -2031 1956 126
4702 -2437 1976 399
-5828 -8224 4532 50
-926 -156 7255 105
-5032 -8045 7854 37
-8237 -2669 1091 328
-4710 -4146 6458 47
3773 1376 2090 281
9247 8595 2995 223
4506 5393 913 97
-5798 -3588 8373 396
635 -3295 200 255
-9743 4236 535 344
-5925 5637 3094 36
-5219 -3717 7878 203
2797 7032 1724 33
-7722 6107 4119 361
-2348 9575 3743 158
8502 -3128 5767 164
-26 375 8000 174
135 3506 3280 244
842 882 1597 168
8326 -3305 1831 218
5330 -7814 3735 340
1250 -2734 9040 385
-2492 -5938 2121 363
1723 -4291 7959 43
5010 6297 8486 218
-6946 3432 624 302
-6088 4666 4550 26
662 -7500 2471 342
-3443 -4553 5188 373
9990 -6916 19 180
1146 -1460 8831 21
9741 -6670 3579 95
-4461 4051 4533 176
-5310 3509 1303 280
923 -8547 2890 332
3484 5120 1761 334
-7506 -5521 2367 150
5291 7802 5141 94
127 6909 9964 106
-7204 -2430 5995 245
-4175 492 0 286
