400 0
-3236 3596 -6794 336
4347 -1247 -4484 82
-5341 -8858 7432 67
-2784 -8097 -7204 235
3188 -4049 7506 34
-2184 -3283 -3067 37
-876 -9925 -2842 189
2125 2916 -228 166
1174 4391 -479 321
6371 7214 6426 309
5893 226 -6686 335
-4054 -2991 -4853 366
9499 -2331 -9978 291
742 2049 807 58
2767 3702 3484 153
-5683 -4792 5220 167
-9716 -810 4669 45
2892 -5549 -9788 47
-4115 -5621 -4052 301
414 7442 -7468 195
-8314 8848 3746 260
-968 -5016 1010 306
-5994 -2806 5688 132
4845 5212 1045 142
-7133 7154 -117 15
-3323 -9524 1141 271
-8365 1652 -9933 124
-2340 3627 -3914 311
793 8976 4517 193
5372 -6455 -5167 43
-6352 7551 7833 155
2988 3497 2507 292
-713 7076 695 9
3121 -6787 1719 301
6200 7075 4852 21
9963 5651 -9019 383
5762 2884 -5707 176
3088 4587 -8645 357
-7838 7360 9615 58
-8796 -6027 -8454 82
5645 2214 -1084 314
56 -4919 5545 341
9711 -9389 -2940 328
1362 6540 -5642 297
4468 9628 -7249 391
-7800 8928 -2403 59
6551 9067 4228 331
-508 3626 695 52
-9679 -3345 7003 223
-947 -179 -7678 220
7713 -3435 4891 313
-6395 -1106 -9950 163
-3412 2994 -4990 110
5723 8942 -3847 110
7589 9854 110 1
6250 9082 -145 251
8545 3150 5102 384
6473 4769 5357 111
4633 549 -6737 118
3329 3858 6400 96
-163 -7513 588 333
4691 -4027 4039 292
-1271 7548 -3659 316
6648 759 -8113 13
-196 -6773 -1358 49
563 1018 4594 198
7074 -4742 9642 395
-1438 8718 8868 36
2573 4993 5467 367
-2502 -7320 1863 141
4920 -8637 -5740 348
-5067 7974 -6847 398
-4669 -4887 -6045 16
-412 -533 -8247 324
2026 4142 9259 151
2744 9306 -800 250
-3215 9959 -5314 328
7166 9116 1453 161
6345 -287 -5176 163
-6629 -5328 623 139
-4243 -1989 7995 400
4664 -9098 -9558 31
7610 5182 -9786 355
484 -4384 824 94
-1456 -3589 -3602 31
7330 -3475 -157 328
-8321 2315 7675 251
1723 9528 -6335 292
4606 7286 177 379
3563 -2836 238 312
281 -6866 660 301
5814 6536 -5621 272
2380 -3892 -9696 295
7353 -5998 -6687 80
-531 1742 7174 390
8001 7433 -1235 188
-2752 -6757 -4254 139
-1159 -8582 9591 33
-4683 3323 5533 66
-6226 -3146 4980 202
-5804 -3632 -3114 185
9047 7477 7336 53
-1306 8925 -5733 88
1343 6297 7215 221
8393 9389 -3212 161
-1339 -6836 -9199 253
3334 6926 462 100
-5002 6940 -1731 340
356 -886 9320 115
5907 9696 -9909 302
7714 -6129 -1653 30
8523 -9662 -4557 223
2459 -8861 5284 45
101 8212 -1587 46
-2942 9267 -7417 345
-7945 9464 1187 390
-5209 3500 5834 187
9106 -5987 1465 137
1147 4912 -5199 109
-7036 2037 -3006 259
-3969 -7423 -4160 212
-90 580 -6210 82
-3399 8838 7065 24
9632 -9320 1712 240
-9529 9125 648 88
6312 -4035 1702 241
-8957 -16 -1733 258
-3812 -1357 6179 382
-3675 -67 -4983 187
3293 -6291 10000 132
5270 6468 3706 220
-17 6865 -2761 314
8159 -3005 -1624 77
-8408 -6628 6777 36
-3072 8934 -5432 141
7422 -7761 89 360
-2027 1231 9467 220
-8880 4915 -2170 211
642 6694 -4131 384
-5838 -964 2929 386
8090 907 -5163 399
-2549 -5753 -919 29
-7861 84 -9906 147
-6577 -7367 6745 199
-3116 3630 9552 357
-9793 7019 -7135 122
6334 7551 -3211 400
-8444 1097 1703 299
8584 8972 -2970 129
6149 3324 -3393 4
-3868 -1599 -4178 73
6174 -4583 -5303 215
3148 1304 -5734 295
-8574 3757 -5553 335
-5958 -8618 -1830 187
3415 -3040 -9288 110
-1974 -8677 -2426 25
-4590 8908 -9021 266
8044 -10000 1948 308
6137 1393 7305 364
8997 -8390 6304 10
-1739 -8938 -9905 213
6877 7327 6281 236
-3810 1620 -8758 11
3637 6190 -9375 231
-8936 -1674 3703 44
-3187 -8140 5377 94
-9321 -2120 8596 154
993 1800 8670 324
9304 -612 -1263 216
9221 2355 5784 126
9757 -9261 7383 26
-174 -7560 -205 253
-8300 -1964 7649 272
-8520 -469 8115 152
-6898 -6512 6875 198
-5416 9122 -6251 43
-8146 8653 -8199 46
-3075 7617 -7169 121
3356 6847 1434 373
8054 -2944 -1817 342
-8345 2395 4798 247
6370 8385 6463 261
-8260 -4168 7613 153
-2678 9924 -6102 277
3868 -148 8226 167
-5371 -973 -2822 343
-515 1544 2780 114
667 -8002 -6200 397
6868 -1111 4440 124
1718 -9652 -5020 168
-7230 -7520 2540 121
3580 -9470 178 299
2135 6499 -3835 92
-5006 -2174 -7100 315
6052 -8470 -2205 71
4211 -4288 -883 83
6820 967 7400 239
-9416 1420 7440 82
-5726 1186 -9477 336
2316 -2879 -5104 35
6840 869 -6678 382
4050 -5162 -2718 74
-5563 924 5768 27
-8496 -6885 -2483 113
-5041 -265 -933 276
4845 2394 -9909 76
-5023 2030 6562 78
-8510 -4325 -8740 271
-1020 -8853 7891 235
-1505 -8826 -9496 383
9121 9923 -1900 261
9537 -2386 -7945 209
-4400 -2357 -3422 326
3396 5265 582 252
2435 -9977 -7161 225
4358 7968 -1078 78
4667 -8813 -7059 294
-4259 -7828 3241 316
8732 -2026 9834 293
-673 -4553 -8325 192
-7957 -5796 5977 24
-9007 -4542 -158 140
-420 -1968 3185 282
4010 1140 -8403 196
-1916 -4608 -5194 162
-8236 -7712 -6962 0
3950 -8256 2098 331
167 -5854 -7161 13
-7699 2783 -6760 261
7803 6868 -5197 108
-4499 -9182 -5652 88
-1048 1642 -1887 252
5165 5010 8040 381
-4656 7728 9538 133
-3046 -7465 4651 252
-989 4625 -5117 47
-4139 3590 -1087 6
-5526 -7781 -4448 218
3216 4329 -1656 358
-6308 3455 910 16
-2518 3740 -6811 361
9890 2323 6671 9
7184 9316 5331 93
-3335 -7074 292 48
-9697 -1174 -9256 68
-7378 9984 -9012 273
3201 3513 -2111 384
7799 -8224 7887 388
-2295 1916 -9167 43
1942 9456 -9200 74
-5786 -342 -7813 349
7760 2145 -9366 294
-8325 -9553 9573 158
1143 793 -427 210
8331 -139 -8036 295
5225 -8588 565 184
-5770 522 5398 40
3909 -5960 -6583 195
2687 6276 -5595 275
7508 8561 8660 258
-8641 8084 4687 396
-9625 -3301 9288 144
3418 2653 -896 14
-3657 -6151 4158 223
8460 246 -4933 6
-8112 7130 7665 277
5736 -9425 6131 286
-4442 9355 -4721 202
2893 4573 -9175 209
-6450 -1045 -3010 119
6802 -8303 3895 53
6845 -1525 -7026 187
6497 6383 -1589 96
-6921 3413 -7106 83
5875 -3658 617 176
-9026 -1256 1780 95
-8755 -8103 -9027 320
3994 -6978 -2424 281
7851 2115 -2777 154
3528 -6180 -3427 87
-5171 4902 6560 20
5131 118 -745 174
2895 -3321 -2465 0
-3199 -4583 -7798 251
-7711 8388 2802 174
5826 -5891 -9456 299
7592 -106 4861 200
-2539 -1252 -9805 171
-9470 9697 -8129 83
6771 -4332 6016 356
-2963 -3164 7166 67
-9872 -963 2236 16
9193 -1111 5908 198
2275 -1549 1253 318
6299 3926 4961 231
-5814 -1457 -1741 95
-6244 -4836 7698 387
7044 875 3744 111
-5673 -1714 -4197 4
-751 1983 -3040 2
8433 -4818 9300 38
-1879 4890 9591 192
94 -5101 9984 260
2820 -4404 2908 318
7919 4753 -3584 268
-6586 -9476 -2343 265
-8721 -8035 -1892 93
-4892 -3465 868 147
5611 6611 5397 189
9211 965 -1502 263
724 5729 7153 278
-5678 -6388 5417 310
-9302 1524 -4468 21
6853 -7412 -4841 28
-7532 3741 2064 60
1257 -1969 6021 184
5506 -4309 -8246 13
6276 8350 2298 341
-4166 -8316 3084 353
845 6657 867 67
4001 -3664 -9295 257
-6651 6562 5550 296
7178 -8354 5454 99
-6658 -315 -5667 216
-5116 -3798 -2240 200
3338 5928 -8704 71
-2716 -3772 725 272
-2550 -5533 4736 359
6250 -8651 6618 49
6386 -6330 7816 321
-8832 3817 -5539 280
-7757 -9384 1087 190
-3706 -5133 -1938 31
4658 -4245 -7273 36
9925 3736 -967 193
-2380 -242 -7115 313
7600 -8195 7110 392
6495 -1129 2639 48
5852 -6314 7948 41
-4828 4752 -2473 273
-9933 -411 513 20
-5986 5229 -5058 315
-6802 8979 8885 308
-2167 -94 -68 206
6255 -8753 1584 389
-294 -5933 -6126 204
1643 -8313 2884 395
-2331 8032 7506 235
-2569 5613 -4915 307
625 -7726 2591 228
6265 9326 7860 305
-2649 3389 8752 76
2693 -3015 -4308 331
93 792 -9857 145
5796 -9498 2237 327
-7909 -5889 -8089 231
7106 1613 5654 262
2465 -6692 -546 315
-2017 5178 -1323 136
-5478 -7844 -9761 97
2923 4614 6162 82
6605 -9914 -2010 200
-5923 7467 295 311
-8349 -1286 -9406 7
-8215 2587 9525 101
5059 -3699 4901 296
4540 7363 5867 307
-6252 4126 3550 243
-5359 -1981 -1778 131
-5369 1980 -4794 181
-500 2545 -1586 378
-3242 -3771 5172 141
-6918 9462 1174 369
9830 -3036 1032 113
1890 7157 2256 49
1654 4539 -5778 3
5531 4434 -1671 87
7266 -6280 3186 264
6900 -8103 -8687 255
7884 -8704 5116 241
-56 9530 -827 386
-5473 -3975 5924 9
-5921 4913 -238 253
6022 -3989 -9558 46
-48 3781 8154 9
-493 -6753 5213 93
859 -7582 -7852 296
7224 4117 -8941 96
-6153 9668 7081 259
-6735 -7263 5999 280
-429 -275 -2512 199
-9797 5974 -2367 56
-3389 7004 -5937 201
7055 7561 8903 77
-2708 2956 3553 120
-7116 9429 886 230
3017 -2197 -4520 179
5562 3993 6329 102
6171 -709 1321 362
