367 182
2994 9659 5327 7
-4678 9712 8656 8
-1675 -5461 2096 9
2812 -3798 8480 3
857 3200 -6187 1
9234 -7620 -7302 8
6593 -5591 2737 3
6380 -9945 -6403 5
9789 -5110 -437 7
-8309 6244 9533 6
-6171 -1211 -5567 7
7051 2544 -2073 10
1277 1256 -1555 8
-6068 -8671 6349 1
-4014 5870 5286 6
6594 -5588 2740 8
3048 -7789 5069 3
4290 6260 3082 1
8183 -368 -81 8
1840 7866 6192 6
-7320 -6122 2823 8
-1951 -2374 -7068 9
-2178 -4198 7970 8
5011 -2730 7373 9
1849 -5308 -4192 7
4738 2867 8909 6
6295 -1181 -5658 4
7367 -1514 3932 8
-8932 2319 3658 7
-9246 2772 -2286 4
6969 -3196 -973 9
-6232 -5516 4525 9
1047 1368 8789 9
-5668 -7829 -9626 7
7035 -7633 -4873 9
-9727 4768 -1715 8
2881 1292 5958 8
-1172 -6418 4829 8
5622 -4489 1431 5
9976 3253 -6010 5
156 -6535 -9370 10
5046 4465 4056 5
3237 3531 335 10
7054 2547 -2071 9
-8716 -2163 -3733 6
-6606 -879 -2994 2
6675 -5680 2841 9
9707 4835 7148 1
-60 -9436 8613 2
-2175 -4196 7971 3
1563 7671 359 7
-4250 -8114 -6287 5
6078 -5258 2162 6
-7323 -6123 2822 4
6797 -27 -5220 3
526 -6794 7575 2
4004 -8922 1014 6
-1527 -6169 -6561 1
5531 -2382 228 3
6349 436 -7655 3
2719 2556 4108 7
-8332 545 -6153 7
-7957 7573 -1219 9
-8160 -4456 3382 10
-2020 -729 6581 2
6381 -9944 -6400 8
2156 -3446 -8262 6
8165 1105 -5864 3
2976 7587 9401 5
-8040 2511 -7595 5
-4015 5867 5283 9
7808 7095 6497 3
4037 316 -443 1
-1673 -5459 2098 4
-15 -7776 6793 10
6347 435 -7657 2
-7574 9283 4157 3
1962 -9693 -5522 1
-1137 7696 6408 5
7054 1588 4949 9
8484 -1278 -3072 6
2894 -6420 7744 2
-7573 9285 4158 4
-239 -5447 -1980 10
-2999 6106 -7094 2
7199 -5312 -2865 1
-2746 -8293 -7545 4
-3097 8023 -4682 1
4463 -8108 -4059 9
6277 6370 -8609 3
-5488 9980 -7327 8
2791 -7211 -5275 10
4989 -8464 -7689 5
-1297 5698 8842 3
-68 -761 -9342 4
2718 2554 4106 2
-186 1419 1447 9
7805 7094 6496 4
-3836 6381 -6637 5
-1135 7699 6411 4
8763 2571 5553 2
8288 528 -7646 7
-4733 -4438 7916 6
-5625 -9526 2056 5
523 -5035 3070 4
9978 3254 -6009 2
-1530 -6171 -6563 7
7120 47 5420 9
-4052 8264 2852 7
-2749 -8294 -7546 4
4796 -4996 2563 1
-5486 9982 -7326 3
-4964 -9835 -2374 7
-71 -763 -9345 6
-861 -7848 9852 8
-9688 9963 424 8
983 7361 956 4
1493 -6316 4808 3
2032 4944 -1161 3
855 3199 -6190 1
5033 4601 1654 9
-7076 -6707 2865 5
5849 -671 -8277 1
4741 2868 8911 5
9110 -9284 -7708 4
4492 -7337 9343 4
-7938 7726 -7052 4
9924 -7669 -6695 9
524 -5032 3071 5
-8475 6427 -1387 6
7368 -1511 3935 8
1102 8076 2978 7
-7488 1315 842 6
-9734 6619 -413 3
-7009 5151 8892 6
6342 8747 1623 4
-6605 -877 -2992 5
-4734 -4440 7914 5
6971 -3193 -970 8
-8719 -2164 -3734 5
-2444 -8521 65 1
-5610 8509 -638 7
9113 -9281 -7706 4
-9107 9689 -1136 10
3537 8352 -7748 1
-62 -9438 8610 7
7579 -5504 -2461 2
-7485 1316 845 7
9574 -9388 -176 4
1850 -5307 -4191 6
2672 -2900 9934 10
-8481 -248 -1636 10
7994 8254 -1811 5
-8822 7113 -3288 9
1048 1370 8790 1
-4967 -9837 -2376 8
4476 2863 2998 5
-4909 -9847 922 6
1279 1257 -1553 7
-8909 -1681 -3372 4
8289 -6628 -9957 8
-5669 -7831 -9629 1
-7940 7725 -7055 9
-3096 8026 -4681 8
-7073 -6705 2868 8
3031 -723 -5153 6
4491 -7338 9342 1
-9737 6617 -416 3
-4050 8266 2853 5
-9105 9691 -1133 5
-6233 -5517 4522 10
5034 4603 1655 4
9874 -2722 -6201 9
7118 44 5418 5
-4251 -8117 -6289 1
8290 529 -7644 5
3913 952 8685 6
-1296 5701 8843 6
-3668 9556 -3335 4
5623 -4486 1432 3
-2017 -728 6584 4
-8105 -5537 2714 8
2793 -7209 -5273 10
-9829 -7369 7499 10
1841 7868 6194 10
7037 -7631 -4871 7
-858 -7846 9853 3
-6219 3155 -811 5
-8241 -9501 7509 8
8436 8780 7081 2
4465 -8107 -4057 2
-6172 -1214 -5568 7
2049 7921 -5529 3
7201 -5311 -2864 6
-5078 -1283 -6198 8
8295 9927 -363 0
-3835 6382 -6635 10
2674 -2899 9936 6
-240 -5448 -1983 8
-8910 -1683 -3375 5
5672 743 -1788 1
-9005 9727 7737 10
5851 -668 -8274 4
-9687 9965 426 1
4003 -8924 1012 7
3912 950 8682 9
4988 -8465 -7690 3
8565 7810 -5973 9
8868 -3365 -4028 10
9708 4838 7150 4
7052 1587 4948 4
-8088 -8553 5065 2
-4043 1551 6215 4
6678 -5677 2843 4
-9641 -643 8461 9
3235 3530 334 8
1964 -9691 -5519 9
-3923 -8858 -6928 6
-1135 9866 -3286 4
8467 -2721 1856 8
-1732 -1950 9975 5
-728 9986 3594 7
-7955 7576 -1217 10
-4679 9709 8653 1
8869 -3363 -4025 5
3032 -722 -5150 9
-9725 4769 -1714 2
-5844 1185 -8912 2
3534 8350 -7751 1
-2996 6109 -7093 7
-9006 9725 7734 2
-4309 7007 -6756 6
-154 4801 8214 10
8286 -6629 -9958 5
9922 -7671 -6698 8
506 -9083 -6481 3
9571 -9391 -178 2
5529 -2384 226 8
5229 1117 664 7
-1367 -6857 915 1
7152 6792 -4186 2
-7008 5152 8895 9
-9642 -645 8458 8
-2821 1010 -8214 9
-6222 3154 -814 7
8761 2570 5552 1
467 5118 -9005 7
158 -6534 -9369 3
6794 -28 -5223 2
9236 -7618 -7300 9
-5075 -1280 -6196 5
4697 7431 1642 6
-151 4802 8216 4
4291 6262 3083 8
7581 -5501 -2459 1
4577 -4078 5030 3
-1954 -2377 -7071 1
-2441 -8518 67 9
-8823 7111 -3289 7
-8091 -8554 5063 1
-7009 -1685 -9879 9
-3666 9557 -3332 8
-9457 -447 -2014 7
1099 8073 2976 9
-8473 6429 -1386 2
-6065 -8668 6350 7
-3926 -8861 -6931 8
9693 4904 9604 6
-9637 -4426 3782 1
-8104 -5534 2715 9
8435 8779 7080 10
-8042 2510 -7598 1
466 5116 -9007 4
-8478 -246 -1633 4
-14 -7774 6795 7
-1365 -6856 918 6
5674 745 -1786 1
6276 6368 -8611 1
2996 9660 5330 4
4698 7434 1643 2
2047 7920 -5532 6
3504 3052 7053 7
-3172 -952 -2444 2
-9244 2773 -2283 5
1796 -5363 -8597 7
-4906 -9844 924 4
-1171 -6416 4832 10
-8308 6245 9535 10
4397 -5240 275 6
-5623 -9524 2058 1
8420 -2023 -8190 10
1564 7673 362 5
4753 -3434 939 5
2034 4945 -1158 3
4754 -3433 941 9
-1133 9869 -3284 8
2722 -5600 3518 7
8419 -2026 -8191 6
-8785 3435 8750 9
8466 -2723 1855 3
2975 7584 9399 5
6344 8748 1625 4
1492 -6317 4806 2
-9827 -7366 7500 3
-8239 -9498 7510 8
5231 1119 667 6
505 -9085 -6484 5
-1729 -1948 9978 9
4574 -4081 5029 10
4177 -4854 -9380 6
8483 -1281 -3073 1
2155 -3448 -8263 2
7993 8253 -1813 10
-9459 -450 -2015 4
529 -6792 7576 5
6410 -6404 9161 8
4798 -4993 2566 1
8181 -370 -82 4
-6560 -3082 2582 8
9022 -325 -8797 10
8563 7808 -5976 8
-8330 548 -6150 3
-187 1416 1444 3
-4042 1552 6218 6
9692 4903 9601 4
2435 -3085 -601 5
6412 -6402 9163 5
-8163 -4458 3379 4
1799 -5361 -8595 8
4474 2862 2997 1
3502 3051 7050 4
2897 -6417 7745 7
4394 -5242 274 10
2815 -3797 8483 4
-5607 8512 -635 8
-2824 1008 -8216 8
-7010 -1687 -9880 4
984 7362 958 3
5520 4102 8438 3
9787 -5111 -439 2
6297 -1179 -5655 10
-8164 -909 1550 5
5322 -3735 -2587 4
7149 6789 -4189 7
9024 -323 -8795 7
3047 -7792 5068 1
-8161 -907 1553 9
2436 -3084 -600 4
4175 -4857 -9382 5
-4311 7005 -6759 6
-9638 -4427 3781 5
-6558 -3079 2585 5
2723 -5599 3519 7
2882 1295 5959 2
5043 4462 4054 1
9875 -2720 -6199 9
6076 -5261 2159 7
5008 -2731 7370 1
4040 319 -440 2
-5841 1187 -8909 7
8166 1108 -5862 2
-8787 3434 8747 3
-3169 -949 -2441 2
-8935 2318 3657 10
-727 9987 3595 2
5521 4105 8440 8
5325 -3734 -2584 4
279 311
81 166
213 226
271 324
190 337
261 326
104 348
18 290
109 254
169 328
64 325
268 355
42 273
54 247
21 312
67 147
195 255
7 251
16 23
50 167
28 126
114 131
95 105
120 129
5 321
199 208
40 84
33 106
155 163
127 323
97 257
22 319
336 352
244 318
19 259
154 189
68 305
229 361
78 145
217 330
157 358
24 228
207 360
56 93
65 315
181 234
12 161
44 122
73 165
249 359
55 115
79 187
63 100
25 223
150 171
32 211
80 314
263 349
82 310
91 332
112 309
200 256
77 160
30 83
75 284
275 333
264 289
123 132
203 297
316 353
237 327
14 149
146 266
49 238
59 300
92 220
183 206
177 293
201 295
277 320
267 345
141 218
140 258
45 144
39 170
156 180
113 331
239 282
35 306
31 186
139 219
62 296
322 344
241 285
110 329
87 89
4 191
116 334
94 204
178 351
269 272
70 133
148 340
9 76
60 281
47 193
214 245
188 278
90 313
71 153
15 119
6 294
26 250
98 124
72 86
194 307
236 364
29 117
303 338
118 339
175 366
52 243
36 215
227 301
69 151
198 222
3 365
38 74
224 287
2 184
173 304
51 356
233 292
253 346
17 125
142 143
182 335
270 362
8 299
20 66
88 185
164 174
108 216
43 102
176 350
99 232
197 283
205 363
48 57
210 357
53 235
128 152
111 274
168 317
134 221
107 308
27 58
85 341
209 230
138 225
103 135
130 242
260 265
162 212
34 179
121 262
41 172
240 248
96 276
61 252
158 280
286 298
291 342
136 347
37 302
231 354
46 202
13 137
10 159
246 288
101 192
11 343
