Case 1:
2435.966
1634.920
5751.091
impossible
3089.781
5554.831
3646.145
8649.319
3089.781
2382.101
4727.511
4861.353
1890.017
5802.692
2382.101
3727.111
3717.346
3280.422
4977.241
4648.137
1848.420
4703.580
impossible
impossible
5557.204
4026.667
6265.178
impossible
2670.529
5054.573
3856.921
impossible
2055.324
4085.691
impossible
impossible
3339.818
2538.554
2049.241
3935.363
impossible
4634.331
impossible
222.355
2612.701
impossible
1419.920
2761.593
4564.206
5724.144
4581.671
2699.724
2713.988
7243.529
3156.409
4084.101
403.029
2004.208
3979.497
8821.875
5235.558
