25 880
118 -40
71 25
132 -49
99 -19
257 -14
271 7
93 -9
15 57
327 55
250 -25
50 44
86 2
241 -36
79 14
108 -30
287 29
279 18
35 52
62 35
309 48
265 -3
296 39
150 -55
351 58
173 -59
48
4 21 2792
14 18 28711
13 12 18638
20 4 4329
12 4 14454
9 15 10428
21 7 27935
10 2 97
22 25 9689
5 15 2964
1 14 24531
13 1 4255
23 10 2820
22 5 18148
3 11 2800
8 23 17293
16 19 30968
16 7 6416
10 15 11610
18 3 1436
19 25 17807
7 25 30394
12 25 23715
24 5 33870
7 13 1399
3 6 11512
10 15 24538
10 14 7179
21 23 11532
6 12 5877
22 13 15190
17 23 2820
17 6 8573
6 7 29243
19 4 1918
24 2 2832
18 5 33081
13 1 25808
14 15 14418
9 23 17650
20 23 2928
9 15 18711
9 7 8590
11 19 3344
5 8 14462
4 9 5769
22 25 2808
8 7 1796
