Case 1:
2372.820
2477.664
3901.848
4390.260
2218.545
2115.460
2863.326
5316.882
3245.462
2820.584
impossible
3526.118
2817.919
2270.252
2707.220
impossible
656.726
3108.375
1913.251
impossible
5241.371
1657.701
6527.005
3523.804
5811.165
903.092
impossible
4331.982
2113.720
2738.363
3471.121
6261.521
2074.229
impossible
3959.077
4224.744
1890.017
impossible
4449.541
343.448
3377.619
2112.372
impossible
2965.255
248.635
2696.562
2656.841
2159.970
impossible
5147.304
6367.683
2972.076
2098.061
impossible
352.123
impossible
impossible
1381.730
impossible
6318.785
1230.001
impossible
3001.792
impossible
2398.235
454.883
impossible
1913.251
1941.250
430.473
1937.700
1536.180
903.092
2412.362
impossible
4208.273
1913.870
3160.059
1856.571
6157.517
495.121
1953.453
3676.974
impossible
745.270
3428.890
1556.485
7817.420
1257.175
3473.376
impossible
1617.486
1170.772
