Case 1:
impossible
impossible
10197.220
14868.633
15150.228
23585.497
9005.375
20096.643
18763.823
14731.084
12830.208
10778.210
15237.703
7078.966
3857.410
24479.292
25042.363
11511.308
impossible
impossible
impossible
impossible
10055.170
5536.180
17644.817
11487.493
impossible
7277.370
9860.694
11073.283
21786.668
11201.224
impossible
impossible
22395.637
24180.571
18320.020
17125.877
15620.795
10297.016
6893.003
21402.315
impossible
15828.535
20109.567
9872.781
18700.793
impossible
impossible
impossible
13007.764
impossible
9529.320
15828.535
10194.121
14494.548
6076.379
14558.602
impossible
9481.119
14199.295
2235.706
13547.980
18634.359
24319.744
15411.346
impossible
impossible
15933.729
17657.740
impossible
impossible
9345.970
9351.065
7454.583
impossible
16688.205
14506.324
22099.556
14573.249
9627.849
15045.597
10005.973
14219.558
impossible
11103.596
10404.806
