25 30
192 21
192 22
191 22
193 22
193 21
190 22
191 23
190 23
192 23
194 21
194 20
193 23
195 21
191 21
193 24
192 20
190 21
192 24
194 22
189 21
193 20
194 23
194 24
191 20
193 19
85
14 12 10
3 1 9
14 6 2
23 15 8
10 2 1
2 16 2
1 14 1
11 24 2
2 4 10
13 24 1
18 11 1
24 5 6
23 2 6
5 16 10
3 6 1
18 25 10
7 24 1
1 24 1
19 16 1
19 23 1
9 17 7
12 5 2
10 8 2
17 7 1
11 1 7
25 2 6
14 6 8
1 22 7
2 9 9
14 9 3
19 3 1
8 6 1
15 22 8
20 14 7
12 17 1
12 23 2
14 19 2
4 6 9
4 13 1
20 7 8
1 18 2
1 4 2
13 4 2
2 13 5
4 6 1
19 24 2
1 7 4
19 15 1
13 4 6
8 3 1
22 1 1
16 19 2
22 4 4
12 19 1
9 7 1
5 10 10
25 24 5
25 5 2
14 15 9
10 5 1
21 16 1
8 14 2
14 13 2
14 12 1
2 3 1
19 9 1
3 12 2
6 1 1
4 15 5
23 3 4
12 24 1
17 16 2
16 14 4
24 13 1
10 19 2
18 20 2
10 22 1
13 10 1
1 9 2
20 23 1
17 5 8
9 7 1
23 5 1
19 1 5
16 18 2
