25 1000
11 12
35 48
20 -16
2 -8
354 14
20 25
358 22
359 -19
320 11
21 2
354 12
35 31
19 -4
0 -2
22 -16
16 25
341 -19
38 8
21 8
11 10
350 -4
4 6
51 42
31 -6
336 17
61
4 1 6409
24 3 1995
5 2 3729
7 18 123
6 11 7271
1 9 6151
24 6 6062
2 14 1888
11 6 3849
10 4 4739
24 22 1349
1 17 2265
2 12 5553
17 24 3628
4 10 4761
9 11 7392
23 16 6486
25 22 7634
25 19 2990
24 5 8619
11 1 3652
11 12 4027
23 21 1482
23 18 1353
9 1 5516
19 8 3081
23 5 8182
20 3 1337
19 15 2842
15 17 2926
25 20 7196
2 22 1259
5 21 1865
25 4 8381
17 18 1869
1 9 1850
1 15 8051
10 18 1995
5 21 4971
5 17 6489
1 9 891
3 16 2605
18 11 1568
11 5 3810
16 10 8263
22 4 986
2 23 6357
19 4 6101
11 24 4177
23 18 5203
5 12 2916
13 18 2493
6 22 6057
14 2 1895
17 4 2582
13 5 1854
16 6 2381
15 10 2962
1 8 1571
8 23 3362
11 15 1868
