23 9958
267 30
323 18
171 -49
18 -76
94 18
24 73
166 -52
91 -9
226 35
0 0
180 0
90 0
270 0
0 90
0 -90
188 -42
332 45
273 27
74 53
199 50
304 54
79 14
316 -3
87
21 16 3193
8 3 5843
23 9 13751
12 20 5994
3 19 10597
7 22 7687
8 15 18456
12 13 7173
11 22 6124
22 2 5978
23 19 5566
4 22 12053
16 2 14891
19 8 17233
1 9 7304
15 19 7187
16 10 6186
21 5 14303
2 8 1200
14 9 3018
20 23 3858
1 7 5810
16 8 9505
17 18 7316
9 4 8285
21 22 10958
3 14 4259
20 18 4060
9 19 18038
22 7 9052
14 4 6872
21 20 3924
21 10 4511
20 18 3115
16 22 8192
3 5 6438
1 8 6152
17 16 12452
15 20 12278
10 1 9582
4 16 6872
12 9 4359
4 8 3859
23 16 9006
23 8 4323
1 6 4060
14 4 10005
21 15 612
12 7 3019
13 11 5844
15 18 14622
15 9 2235
12 4 9581
23 16 9344
22 17 12244
8 17 5993
19 12 15898
22 9 7851
15 4 1555
2 9 12053
19 13 5666
17 21 13008
9 22 19007
7 2 8954
23 3 5973
22 18 7790
7 14 253
21 8 4226
7 14 12145
11 22 8193
14 21 4001
23 9 3922
16 13 14889
3 12 10275
19 20 11939
2 10 674
3 2 12007
3 10 9987
20 5 4445
11 17 8450
23 6 19830
22 1 16837
13 10 13248
2 5 9739
4 23 4258
5 17 10678
5 7 14372
