25 200
161 -55
164 -54
168 -52
163 -52
175 -52
161 -49
175 -54
172 -53
166 -54
176 -50
171 -53
162 -55
180 -53
165 -57
162 -52
180 -52
162 -51
185 -53
177 -50
171 -52
156 -53
171 -57
159 -58
167 -55
175 -50
33
4 17 357
7 13 509
9 15 64
19 15 446
8 3 205
13 11 343
14 16 868
11 16 553
19 6 642
5 21 1440
23 2 542
11 14 1264
11 20 480
12 11 348
6 4 928
21 11 356
17 14 1080
16 9 889
3 6 1317
13 8 1214
17 4 110
3 18 341
4 2 1638
22 3 875
14 16 65
10 17 263
12 17 1744
9 12 520
18 2 538
2 5 345
14 10 394
19 6 1060
25 24 548
