Case 1:
8924.008
12545.439
27258.729
4317.437
2152.807
34369.584
9755.941
13736.616
15772.386
1651.839
16796.078
11215.449
6129.818
9584.500
impossible
7672.972
14312.408
4249.867
11081.802
16247.228
20432.311
12178.881
11895.677
impossible
10893.056
11787.771
11324.342
10227.029
13209.626
14938.829
12907.133
17501.728
19044.342
17092.297
impossible
1839.056
17497.782
impossible
5676.781
12511.065
14040.922
4310.680
12308.587
12509.839
16247.228
9461.191
19737.114
11609.188
impossible
9697.721
14530.658
19742.556
13953.155
26684.850
9658.399
9653.141
13505.799
13850.615
impossible
23670.345
19941.192
17028.246
15553.165
39059.524
20531.576
17259.748
2216.383
21901.992
9763.433
25528.196
12511.065
impossible
2377.421
impossible
9706.244
20408.412
11668.040
5053.013
9715.587
9730.445
30009.547
impossible
11668.040
20541.163
4719.509
3051.375
