24 5000
15 33
55 -58
248 57
205 -40
85 84
341 5
136 -57
201 -20
84 17
189 -66
275 76
292 -10
6 19
170 4
8 -24
353 14
319 -4
59 -49
189 34
76 35
285 5
314 -86
246 60
151 -7
86
3 14 8843
8 5 9757
17 19 5925
23 5 3971
20 9 13002
24 12 5207
3 20 13735
13 22 7079
6 8 9730
6 16 14921
3 22 13626
22 16 14631
5 1 7448
3 16 18531
8 11 4947
20 11 6976
16 7 10246
17 16 16854
24 3 13445
7 23 16071
1 4 7057
22 9 18577
15 10 5580
10 16 196
8 2 10394
1 18 6247
10 19 9169
1 12 7178
11 1 6128
13 7 5208
11 17 7917
11 2 13976
6 24 15620
17 14 12509
24 4 4309
21 12 6140
24 16 9526
22 12 2439
6 12 10208
8 5 16122
12 14 9807
3 5 16978
24 11 9755
5 15 18596
7 23 11820
23 17 12672
12 10 7020
16 22 10348
6 1 608
2 24 10356
3 10 18838
4 13 5705
12 18 7500
8 21 5696
9 16 18884
24 22 10998
21 18 11679
17 9 16308
19 7 2373
14 17 6539
1 19 5706
5 21 6538
20 8 9107
5 6 5207
6 8 6648
23 22 9574
5 11 13223
1 4 5208
20 3 9652
18 23 5696
5 8 13489
23 22 4094
11 3 8268
19 20 5043
15 20 18565
23 18 7741
20 7 14529
19 3 12416
23 13 11511
12 8 14726
20 7 5458
8 9 5287
20 7 16912
8 20 6245
1 6 4114
12 17 14871
