25 2500
217 1
332 -44
261 41
40 -80
274 -9
180 0
134 -13
291 -51
328 -17
335 8
292 -48
39 -36
242 -7
207 43
273 23
223 10
232 6
174 4
291 6
256 -19
256 -17
235 -35
277 20
256 -20
203 13
87
24 2 4418
24 10 3085
25 17 2019
24 4 14824
5 7 11835
5 24 23461
9 6 6918
16 13 5560
12 23 15667
7 15 13310
9 20 5269
13 23 15266
17 4 3558
12 23 10354
25 15 8519
24 3 11815
19 9 4478
23 14 12084
18 21 15647
19 22 13211
10 8 3085
2 22 15268
7 11 1122
10 1 8225
12 16 11427
17 16 15360
12 11 13220
8 2 20843
16 19 21991
13 9 14202
7 23 5160
6 14 4859
18 11 23459
7 21 530
8 9 4995
10 25 14911
3 22 5966
16 11 17104
21 14 7844
1 7 8883
21 2 17446
23 14 3982
19 16 5096
7 2 6087
23 8 6922
5 22 12483
17 8 7643
2 6 3242
23 3 14769
1 11 4742
9 17 10769
19 13 13895
24 21 8224
13 24 19033
8 7 14791
22 20 8725
7 9 11517
1 23 3240
23 3 2172
25 11 22434
3 4 3061
18 8 4419
8 18 22373
2 1 7593
15 14 17704
23 25 6944
20 6 7801
24 23 23372
21 4 16822
17 19 9111
14 24 6585
3 16 2649
2 15 6925
10 17 23350
23 2 9240
21 14 4789
5 4 17105
17 19 2294
7 15 16730
17 10 5097
25 22 12653
13 5 5536
5 3 10808
11 6 1087
10 23 11095
5 23 13825
11 6 3264
