25 1000
146 -77
162 -76
195 -74
112 -81
325 -59
0 -90
242 -78
127 -75
310 -76
46 -84
97 -65
299 -50
63 -72
258 -83
129 -73
125 -65
282 -85
45 -84
302 -75
142 -75
112 -67
178 -71
167 -74
110 -49
319 -59
93
18 21 2512
20 13 1942
24 20 1985
3 17 1000
4 3 1186
22 14 4766
16 13 1925
25 15 8492
24 20 7457
16 18 1619
17 13 1375
2 9 1553
3 9 2781
13 21 1787
23 11 5874
12 11 379
1 15 4744
19 1 1884
3 8 5536
5 2 949
22 25 6421
8 22 8276
1 12 2853
14 11 8066
25 11 6249
16 15 2605
21 18 524
16 9 5927
11 1 4370
16 18 5122
19 22 1571
25 16 2613
17 23 7825
17 13 1361
20 7 999
21 19 2612
15 6 1924
14 20 247
19 16 2778
5 25 5073
23 9 1754
22 6 8472
24 3 1474
13 9 5465
19 9 1883
18 22 2253
7 1 1856
23 17 2060
2 13 212
8 25 2061
11 5 2399
1 9 4877
13 15 4207
25 7 623
17 14 2416
20 8 429
17 16 947
18 13 4684
24 5 1204
16 5 2361
19 14 3732
18 15 387
9 1 1783
7 3 555
15 17 4000
20 15 1333
15 21 851
3 8 6166
21 2 3472
20 8 1814
19 10 1982
4 13 3457
16 15 1381
11 10 8624
10 15 942
24 22 3043
8 3 1910
9 23 6498
7 2 2728
16 5 8131
22 23 2327
18 2 1949
25 10 1924
24 25 669
20 23 4462
17 2 977
6 9 3475
24 25 4300
4 2 1186
3 11 6038
2 5 453
9 7 6441
8 23 7232
