Case 1:
3948.511
152.785
6857.508
12632.113
3789.434
12288.743
914.691
10610.157
3817.684
10388.647
6249.893
11476.181
19199.370
impossible
6013.949
4996.220
4106.346
3131.857
7088.097
impossible
8000.579
4119.919
7009.167
8842.414
impossible
7826.766
9109.741
14720.606
7446.579
7810.924
6603.033
3131.857
4030.761
7825.196
3300.666
3688.850
impossible
8442.598
3688.850
7667.393
4174.810
11331.168
5601.366
impossible
12966.020
5497.517
4233.710
4198.400
6960.044
2332.826
5729.268
4619.330
7315.574
6573.929
9246.308
3944.076
impossible
7999.969
15852.721
9613.481
9283.839
18170.751
3831.391
4165.879
10418.949
14444.648
impossible
impossible
impossible
impossible
impossible
5704.163
6013.949
impossible
6573.929
6870.410
9776.639
3755.782
4364.938
4619.330
14163.225
impossible
11036.723
7552.380
8906.755
13174.899
3825.658
impossible
12377.999
3655.922
8500.438
