25 10000
171 -22
271 5
139 -22
259 24
208 14
103 27
356 6
210 44
354 21
17 -52
144 -11
1 37
157 27
172 5
248 38
174 -23
17 54
171 9
292 8
106 -3
127 11
133 15
16 -58
78 -28
175 -21
69
1 15 9552
20 15 2819
8 1 4942
11 1 10367
16 2 12849
10 5 10551
10 22 10430
15 11 5406
23 4 9999
5 2 1902
1 20 14683
21 12 9205
14 8 10823
11 6 18153
13 4 7323
2 10 14326
12 2 502
14 19 7609
12 1 10212
16 4 10551
7 15 13767
22 19 19789
2 15 4902
1 15 7044
4 8 13767
9 25 10365
20 10 10428
12 20 6684
6 4 10584
18 15 18254
24 16 4165
7 19 10281
11 2 15393
17 4 15605
10 4 5533
5 18 12173
22 14 2797
14 16 15649
8 12 786
15 19 5466
18 11 3445
2 20 15248
12 10 9433
5 3 6253
23 16 2585
14 12 2908
18 24 3295
5 15 13365
24 2 16350
25 19 9117
15 5 11136
18 5 9475
3 12 10384
12 7 5782
9 21 14857
19 16 4065
25 5 13405
13 9 10211
3 25 3077
25 7 11911
9 23 6334
9 24 8431
12 11 7061
22 14 11401
18 20 6760
1 12 9413
24 7 7845
21 9 5022
7 17 14546
