75
000000000000000000000000000000000000000000000000000000000000000000000000000
100000000000000000000000000000000000000000000000000000000000000000000000000
110000000000000000000000000000000000000000000000000000000000000000000000000
111000000000000000000000000000000000000000000000000000000000000000000000000
111100000000000000000000000000000000000000000000000000000000000000000000000
111110000000000000000000000000000000000000000000000000000000000000000000000
111111000000000000000000000000000000000000000000000000000000000000000000000
111111100000000000000000000000000000000000000000000000000000000000000000000
111111110000110111010110001101100110110110001100110110000010001011101011001
111111111000011001011000101100000001100000110110101110100111111111001100101
111111111100011100001110101001001110011010111001011010011100101001000000111
111111111110110100011111010000000101111001000111110100110001111000010010001
111111110110011111101100110001000110100001110000001010110011010010111011010
111111110000001010010111001001111100100111110011010010101001011110010110100
111111111001000001111100011110110110001011010111111010010100010011110000000
111111110100011001110001001110101111111001001001000011100100110010000111011
111111110111001100110111001101010001010010000111001011010011011001001101010
111111110011010010011101111010000100111100100001000101011110011011100101100
111111111111010001000001000101011100011100110101110000000001110111101011110
111111110010100000101011110011111010111011000000101010000011111111000001101
111111111000010110100101100001101101101001000110111111001101000101100101010
111111110100000100110001000111011110101000101110001100011110011100111010101
111111110100101101101100001011010011100100000101110001111101101110100001100
111111111110101000000010101011100001111101111111100010001110010000111001000
111111111001011110100110010101010010111111100010100001100100110000101100101
111111111110010110101111001010110011000101010011000100000110000111001010111
111111110001100000111100100101001101110111010001100111010110100100011010110
111111110011110001011011010001011111100100011011001011101101000001101000001
111111111111110010101000101100010000110010001010010011001101011110110010011
111111110101001101000000010010110101110111110000111101001111011001000010011
111111110111100011100110101110001111101001110100010001000001001001011100101
111111111111100101001001001000100110100111101010011111010000110100001101100
111111111101101011000011110011010100101010000101010110110110000110001100011
111111110100000010010011110010000010010101011110111011010101101010101110110
111111110101010011101001001011001000010011010011111100101010101000111101001
111111111010111001110100100010011110010101001010110000111010011101001100010
111111110010001010100000010000000111001110011111010111100010111101110001111
111111110100111000001110010100111000100001001101011101001010110011111100110
111111111100110010000010011111010111010000010000101111111000010101010111100
111111110111101110011100000010101010011010010100000110101101110101101110000
111111110101100101101111010100100101011000111010100010101010001110100100110
111111111110000011100110000110001000101110101011101111111011100011000010000
111111111001001110011010011110001111111100000010011000001011100110011001010
111111111001000111011110100010011001010001101101011011100010010100100011101
111111110101111011111010111001101010001100100111101101000000011100000010010
111111110010110101010000111111010011001011100011010110001011100000100110110
111111111010100101110010001001101000011100010000011101110111010010110100111
111111111100100000011100100011110101001110100010001001100000101011111111011
111111110010110111000100010110111000110100110111001010010100101100010101011
111111110100100111010101111100000000001111001001101000101101010101011001111
111111111001010101100011111010101001100110000100000010111000111001111010110
111111110010111110110011100110100101000010110001111001011000110110101000001
111111110001000001100110110001100011010000101011010100011101110111011111001
111111111111111000110101010000001011000110100100111010001110000010010111101
111111111010001011111101011011110100010000101100100111001001100000011000111
111111111100010100111001110111100010110110111101010001100011000101010100000
111111111101101110110000111000111100100000011011100000010011100001100111101
111111111001110010110000000000110011111011111101001100111001001010001001110
111111110011011100101010100110110100001100001001111110100101001000011111100
111111111010001101000101111000011011111010011001101101000000001110111110000
111111111000111011001101010111101001001010011010010001010111011000001011100
111111111010000000001010011100101110000011100101100001111111001100101111011
111111110000101100101001111100011000011101110110010111111000000011001011001
111111111011101111000001100101100110010001000111001001101110101011010010100
111111110011000010001101101101110011101100011100111000111010110000000110011
111111110001110100000111101010011110000010111110100101100111110010010001010
111111110111010110010000011001111001001001101000110011110110101111011000000
111111111110000111111010110101011101000111011100000100001100111010000101000
111111110011011101011010000011000000101011011110100001011000000111010111111
111111111011101000110111011111000000100001111000011100100100101101100011010
111111110110001011011011100100111011110010100010110100110100000001110001110
111111110111011000000100111111101101010111001110001100110001000110100000101
111111111001101110001001000111001011000101101001100110010001011011110100011
111111111101011001010111100100110010001101010000000111011011101100110001001
111111110000111011101011001000010101011111101100001000010111100101110110000
75
000000000000000000000000000000000000000000000000000000000000000000000000000
100000000000000000000000000000000000000000000000000000000000000000000000000
110000000000000000000000000000000000000000000000000000000000000000000000000
111000000000000000000000000000000000000000000000000000000000000000000000000
111100000000000000000000000000000000000000000000000000000000000000000000000
111110000000000000000000000000000000000000000000000000000000000000000000000
111111000000000000000000000000000000000000000000000000000000000000000000000
111111100000000000000000000000000000000000000000000000000000000000000000000
111111110010011100111101011101011011011101111111100001000000000100100000110
111111111011001000001100001011011100101000111110000101110110010011001101101
111111110000110111000101110010011110001100101100010101110011001101110010001
111111111010010101001111001000110001011010100111010010111101100110010100001
111111111101010000100000110000011011101010011111011011101000001010110111100
111111110100001001011111101000001100101011101001011101011000100110101011010
111111110011100100001010101100110010001101110000111001001110100011110011101
111111110100110001111000000101101000111100111001000001111101111000011010101
111111111101111101101110101111101000001101000100001010100000001100101101001
111111111100101000101101010010100111001001000011110011101010110101001010101
111111110111011000011001100110001110000111000110110100111100101000010100111
111111110111101011000101100111110101010001111101001110100000100010010010100
111111110010100000010101010111110000001111001010001011111001111011100101010
111111110000101100100011011000111000110110011100111110110000100001001110111
111111111110100101111001000010011110010110101101101010001110001011001001000
111111110100101110000000011110101110111011011110000000001111100110111100000
111111111101000101001111010101101010010011011001010101000010011011010100011
111111110101011110110010000010110000010101001111011101011011010110000001101
111111110010100101111010110011000111100100011011011100100100110110100100001
111111110111110001000110011000100111100101110111101101011001001001001100000
111111111001111100000100100101000010000110111111010110001101110101001011010
111111110011111001100111010100011011010000000000000100011110111110101111100
111111111110110000100010001011000111011011111000010110010011101000100001111
111111110000010111100001101110100100011000110011110100101000011011101101110
111111110001001001011000011110110011001000011001111110110111001100011001010
111111111001101110001100110011001001111100100001111000011011101010000100110
111111110101010110011100010000010101011111110000001110101110010000101110011
111111110110011110101111110010010000100001111000110011000101111000011101000
111111111011001011111010110011111010010011110010010000111001000001101010000
111111110110111011101000001110001001000110110010011011010010010111010110010
111111110000000000110110111111000001110111100100010111101110001111011000100
111111110101110001010001100001111001100001101010110010000111000111101100111
111111111110001111010000011101011101000100000001010111001001100001111101101
111111110111100100000110001011011100010010000011111001100101011100111010110
111111110000100011101101111001001000000011010111101110011111010000110001101
111111110011010011101010010001000100001111001101100000100011100111011111110
111111110001001011100000000101010110111011100101111011010100111101100100001
111111110000011101001000101001111111110111000010100111100011111010000011000
111111110010011110010110100001101111001010011000101010011000011111011000101
111111110110001010101101000001100011111100000110011100000101001011111011011
111111110111110110011001111011100010111010000001000111010100000101000111100
111111111100000110011011000101000010000000110110101111110011101110101110100
111111111111000101100001100011110001101110010100100101011010110100111000010
111111111001101111001011000000000101110101011010000011111100001101110001110
111111111110011100100001111101010100100001010001001000111111001111000010011
111111110001000010110111001011111110100100110011000010001010101100010111011
111111111000011000000011110111100101010110101011101001010110000000111111001
111111111000101011010011101010010011001111010101000001000101011010001110111
111111111110000010010100101000101001010101011101110000110110111101100111000
111111111010110011011100110100110100110010010110011001000010101100001001111
111111111001110110111100001110010001100011001011100100010000101011111010001
111111111100111011110110101001010010011000001010101101101110100001010100010
111111111110100010000010110100011010111101100011100110110000010110011001011
111111111011111010110111000100101100101110010001110111100111000010100000000
111111111101011001010101011010000010110110110000101000100001110111110001101
111111110100101100111110100100110111100010100101000000110011010001110101110
111111111010000111100100000110101011100011101000101101101101000100000111111
111111111001110110110001011001101111000001100100011001110100110010011001010
111111110101000101110110110110001101011000010110100011010101100011000011011
111111111100010011001110011111110110100100001100110010011100010010100010110
111111111011101000111000111000100100010000101100100111001001011110110110011
111111111010011101010010010010101000101001100111001110000110111001110010110
111111111101000010101011111100111101001110101010001100000101111101000000100
111111111011000101110101101100000110111101001010011010010011010000011110100
111111110011010010001011101110001011110000001101001011101011110001101000011
111111110111101111010011011101000001101010101110110000101010011000000011001
111111111000110000011011000111011101111001010100111100001001010101010111000
75
000000000000000000000000000000000000000000000000000000000000000000000000000
100000000000000000000000000000000000000000000000000000000000000000000000000
110000000000000000000000000000000000000000000000000000000000000000000000000
111000000000000000000000000000000000000000000000000000000000000000000000000
111100000000000000000000000000000000000000000000000000000000000000000000000
111110000000000000000000000000000000000000000000000000000000000000000000000
111111000000000000000000000000000000000000000000000000000000000000000000000
111111100000000000000000000000000000000000000000000000000000000000000000000
111111110100100011100010111010001010111100000101110000001110011111101010101
111111110010011100111100000010101010110001001010110111111010101001001010101
111111111000101101011100101111111101000100011100110001001011010010000100101
111111111110010110101010111101110001010000100000010101101001101110100010011
111111110101011110001001010100001111100100111101001110101101011000000010101
111111111010000000001101000000111101111110100111011000001111100101001110011
111111111001010001000110010111111000100010000011101010111011011110010011001
111111111000011000101001101010100010011110111011110010110101010010110000011
111111110110011101100011111110001101101011000100100010011001100000011100011
111111110101110100111000001011011001111010111001000010001011100101110001100
111111110010111000010011100101101101011010010111100110100000001111100110100
111111111001111110001011110000110000110001000101110011010101110101000101100
111111111000001010100011011011111110111111001010001101001001001000100101100
111111111001100111111010100010011101011100010010101110010100101000000011011
111111110110110101000000001110110100001101001111011000110001111001100011110
111111111111001001000110101100001000010101111010000110011111111101100100000
111111110100111001001010000111010011010011100010011110001100010011001101111
111111110110010101100111100001011011010101011111111001101100000100010001000
111111110100111000110100110001110111100101001001001010010110101110100100011
111111111100010101011100011000001100111111010001010111100000011110001101010
111111110001110000110001011100111101010101100000110100111110010000111111000
111111111100110110010111000110010010110100010110000100110011000100111100111
111111111000100011000101110101011110111001111000010010111000100011010010110
111111111100100110100001000100001001001011101011111101010010111110010100101
111111110001000100010010101001000111110100100011101001111001111011011100110
111111111101001101010001110001010001001111000010010011100111001001111010101
111111110011011011110111000110010101111000001001010101000111011011010000010
111111111100001100011011000101100000111001011100101000001110111010111011010
111111110011000100100111110010010100010010111100011010100010111010101101101
111111110010101010000010001000010100000111011001100111101111100110011011111
111111110111101000010001111011001000110001110111011101010011000010000011011
111111110101001011110000100000110011101010011110010100111001110110001111000
111111111111100000010111011011101011001000001000111110100101110100001000110
111111111011111101100100000001001010100110100100110100000101101010110111110
111111111110001010111110011101000111010110000111010010010010110000010011100
111111111101011010011010101010011110000011101100111000100010001101010110010
111111111001011010110100100111001100001001100111000001101100110100101001111
111111110101001101001101101110111110010010000001001101010100100110111010100
111111111011100011010000001110100011110011010101011011101100101000110100001
111111110111000010001101100011100101100111010000110100011000011101110001111
111111110001110001001011101101100110101100101110010111000010101100011001001
111111110000101011101101001001001001010000001100001011110001011101111111011
111111111111000111110001000111100110010101101001100010000001000111001111001
111111111010011111010010011000101101100000111010011000010100000111111001101
111111111011010000001010010011011011001101011101000101010000110011111110001
111111111000111111100111101011100001100111110001001100100010110001001010000
111111111010010011011101101000010011001001100101101110011011001010101001100
111111111011110001101000110100000111110011011010101001000011010100101010110
111111110000000100110110001101010110101011110100111111010101010101100010001
111111110111001011101010000101111000101100110001111011110010000000101100110
111111110001100110111110110100101000000111001111011110001001000011111000010
111111111100000000100100111110110001100000111111100111000100001001011111110
111111111010101100101000110111000110001000010001011100111111001101011101000
111111110101010011101100011001100100011001010110101100100111100011010100101
111111110010010111010000110011100000011110101100001111011110010100010110110
111111110110100110001110100010101111101001100010000011100111010010110111000
111111110100110011011111010011000100000010111011110001011101101000101110000
111111110011101110001100011111010001111111101110100000110100001110001000000
111111110110111010010100110100111010011110110000101001000001111001011001001
111111111111110000111111101100000000101110001000001001111100000011000111101
111111110011101101111111011000110010001001110011000000001000011100010110111
111111111101101101000110010000100111011010101101100101111010000001100001011
111111110010000111011001111101011010100010001011100100100110110001100101011
111111111111110110100001001001111110000010010110000011011110011011001000010
111111110001011110000101011110000011001100010010111011001010100111100111010
111111111110101001111001010010010100100100100110101111101000110111110000000
111111110000000001111011010110101011000111110100000001110111101111000001110
75
000000000000000000000000000000000000000000000000000000000000000000000000000
100000000000000000000000000000000000000000000000000000000000000000000000000
110000000000000000000000000000000000000000000000000000000000000000000000000
111000000000000000000000000000000000000000000000000000000000000000000000000
111100000000000000000000000000000000000000000000000000000000000000000000000
111110000000000000000000000000000000000000000000000000000000000000000000000
111111000000000000000000000000000000000000000000000000000000000000000000000
111111100000000000000000000000000000000000000000000000000000000000000000000
111111110001111100101011110101001101011000010111010100111001001010010100010
111111111010111001001110101111110010100001100110010101011001111000001000001
111111111001010001011000011111111111011000110010010010100100100011101010100
111111110100111011011010000000001100111000111100001101010011100110111010101
111111110010001001101000111010011000111100111011100000001110111000010110111
111111110000101110011101010101011011100011010110101001100110101000100000111
111111110010000111010001111110011110001111000000010100011001100110110001111
111111110111100010101010110010111001010001101100010011100101100100100101011
111111111110100001001001001001011001110101010001111110110011100001011001010
111111111000010100101110011000011010000010101011111110110111010110110000001
111111110111011010010100011001111010110110001101011000101000101110011100000
111111111100100111001101011011100101000000101001001011011000111010110100110
111111110000001000100100100101101100000101111110111010000001111111111001110
111111111011101110000000000101010100101010110001110011101001110101110110001
111111110010111010111101101000000111010011001010100010011101100001111110000
111111110111100101101100111101000110001101011000001111100100001100011010001
111111110011010011110100010011000011101001111011111101010001000101000100110
111111110101000010001110000110000010010111110010110111111010101010010111100
111111111001010100001100110011001101110110000100100101010100110101011101101
111111110001100111110010101001101011001111110101100010010010110010001100001
111111111001010011101111000100110000101011011001000100000100101011111101011
111111110001101101000010010010100011100101000010001100101111110111111110010
111111111001111011000111111000000101100110111010010010101010000100001001111
111111111001000000011011111101100010110001001101100011001011000111010010111
111111110100000000010111110011110111101000011000110000110011011000111111001
111111110100110111100000110111010010110010100111000010010010001101111011010
111111111001100110011100001010100000011100010111111000011101001100101011011
111111110101101001101101010010010110011011100101101000101001010011001001101
111111111010001101011011010100000011011010101100111110000000111100001111010
111111110100011001011101100111101000001110100001100111101111000100101100010
111111110100010111111010011001110100000110011110100101101001110001000011010
111111111111010101010110100010011101100011110100101010001101001010010010010
111111111111100110011001100001011010000000111010000100001111011111001101100
111111111011100001110100001000101110111010000110000111100011011000110101110
111111111000011010100011001011011010001001010100001011111100010100011111110
111111110100001101110010001001010101110001000011110111001100001110101101101
111111111110011010000100011101000111010101110101000100000111010010100111011
111111110010101011010111110011101000010010010011011111000100010011010011001
111111110001001110110101001110011001110100101000000111110001011011001010011
111111110111011100001011011001101000101111100010001010010001001001100111101
111111111111001100110001000011100100000011101111010100110110100000011010111
111111110001110000010011001111010101011111101011001001000111111100010001000
111111111110101100000110011110111100011011011010100001010010000111001100010
111111110010110100111110000100111111000100100001011001001010000001011111111
111111111101111000100000101011001011001010001000111101001010101011100011011
111111111010101011101010000111101111100110001001100000110101001110000011100
111111110101101000011010101110010110100110011101011110010100010001100100110
111111110010110100101101000011110001111111011100010110001010010110100010100
111111110011010111001001101110001100100001001111111001100010010010101111000
111111111101001010111100110100111101101001000011001110011010110100000011000
111111111110001100111111101010000011101100110111000001100000100111110001000
111111110010110000110001011110100100100000110100101110111110101111000101001
111111111000000001000001100000111111010111111111001101111000001101100110001
111111111011011110100011110010110110010100010001101111000011101000101000100
111111110011001111000110101101110001011000101100101100111110000001110001100
111111111110110010010010010110001001001101001111100110101000011001111000101
111111110100110110000111101000101110111001100001110100100100111101000010110
111111111101111101110001010100101010110101111000110001011100010000110001000
111111111100100010100001111100110001101110100110111101000101000010011110100
111111110110010100000000100100100011111010011011001011111101110010001001111
111111111000111101010100110000010000001101001101010011110111101011000111100
111111110111011011001001000000110111001100000110110011010110011111010000011
111111111100011111111000101110100001010011010000011000100011011101010100101
111111111111110001110111100101010000010100000010101000110000110110100110111
111111111100000111100111000111001110111100001110011010001111100001000100001
111111110111000001100111011100001001000010010101010001011111111101101010100
111111111010000010111010110001000100111111100000011001111110011011101000010
75
000000000000000000000000000000000000000000000000000000000000000000000000000
100000000000000000000000000000000000000000000000000000000000000000000000000
110000000000000000000000000000000000000000000000000000000000000000000000000
111000000000000000000000000000000000000000000000000000000000000000000000000
111100000000000000000000000000000000000000000000000000000000000000000000000
111110000000000000000000000000000000000000000000000000000000000000000000000
111111000000000000000000000000000000000000000000000000000000000000000000000
111111100000000000000000000000000000000000000000000000000000000000000000000
111111110100110011000100001111000101100010111110000110000011001111111110100
111111110000101111010111111111111000001000011101001111101100001001100000000
111111111101111100010101001010011000111100100011000000110011111001101100010
111111111100010110100100000011101000010101010111111100111101000011010100101
111111110001001001110011010010000011100111011001100110110101001111001100011
111111110100101100111010011100101100100101100000010110101001101010111001101
111111111001000110010110001101100111100000101011010011111100110110000100110
111111111000100010111011111001100000101110110010101000000101110101100110101
111111110010110000110100111001111101100001010101000010011111010000001111011
111111110011011110111100010001001001010010111010001111010000111001001001101
111111111110001000010001011110100111001000010011101001011001011011011011100
111111111001000000001101100100001000001100011100001011011111101110111101111
111111111111101010100100010010111110100010001100111010010101111100110000000
111111110000110100100000100111110110011110111000100011100101110011011001010
111111111011000011111100111110010100110100100100100101001000011011010100011
111111111001011011001110010111011100001111000011000100001101110110001011000
111111111011111001101001001101110000010000011011110010101000101100011110001
111111111011001000010100101101011011000110101001110100100111000001110011101
111111110001100001011101000010101111011000100110111110100100010010101111001
111111110011100111001000001011001001101111010000110001111100011000111010110
111111110000011111010000110000101110011110111001010000011010011110110110001
111111110010110000111010001010001110000110001111001101111000100101110111010
111111111010100001010011010101001000010011110111110111010011110010110000010
111111111001111101110000001111100010001011000100011101000011011100000101111
111111111000101100100110100000010001111011001011101110001000011010110111110
111111110111100101010000110100111001000111001110101000101010110111001100100
111111111111010111010011100100101101110010010000001100100101101000010111010
111111110111010100011111100011110000000011100000110011011001001111100111000
111111110101000001110101111011110101011101011010010100010000100100110001110
111111111100111110111001010101010101000100001000111101010110000010101110010
111111111001111011001010110001100111010100000110100010111011001001100001110
111111111100001011101000101000111011000011110111010001000100101011101101010
111111110111011010110010101000000000111000011110110101101111010110101001000
111111111110001101111110111011000010011010000100000010110110100010011110100
111111110101100010111001100101011110111011001111000001110001001010000010101
111111110010011000001011011001011101011001101100011000100101011111010100110
111111110011010110100011001100110011001101000110000110010110111011110010001
111111110010111101100101110110001011110000000010010001001101100111100010111
111111110100110010011110010110010011010001010001100001100110111100110101101
111111111000010101011110001100010111111011011100111000011001100001101000001
111111111110011011010001000011010010100101111100001010101000110010100011111
111111111110100111110111000001001110001001101010100000001110001101011001011
111111111010111010000111110110100001101111101110010001110000000000011101001
111111110010001110111100100110000101001101110111111010100011101100000010010
111111110011000100100011010111010110110110110111011000001110001000101101100
111111111011110110001001111010001110101001011001110110000010100011000101100
111111111000000111111011000010111001110100001101010011000011010101011011100
111111111100010100000111111000011110000110010110110111100000011100001010111
111111111010100101001100011000110010110101111010001101110111001110000011000
111111111010010001100010100011111101101000100001101101110010101110101000101
111111110101111101101111101101001011100100110101101000010000010110010001000
111111110100001001000010101111001100110101001010111011010110111001000111001
111111111101100010100010011110011001011010110000011010111010000111000011011
111111111101110000010000110001000011111101100101011111001100101101011010000
111111110001001110000101011001100100110011000101101001100010100111111011011
111111110111010011100110011100101010011101101001101011000001000000101110110
111111110110000111001000110101010010101000000011011110110001010101111101011
111111110000011010011001101110111010110011100010101110011110000100011000110
111111110001101011100111100000010110000001110000011101111011110001011110100
111111110110101111000001001000010101011110100101100111011101100100000101101
111111110101001100001010010011111011101000111110100101001011100000010110011
111111110100010001101101010100100000101010101101110100111110111001000011110
111111110111111001011110000000110100101110010011011011000110000011010000111
111111111111101100001010100110100100010001111101000100010100010101101010111
111111110110100010001111101011100011010110001001011100001011111010001000011
111111111101010101101001111010000101000011101011001011101111010000110000001
111111111110001000101101000101101111111111010000000111101010010101100100000
75
000000000000000000000000000000000000000000000000000000000000000000000000000
100000000000000000000000000000000000000000000000000000000000000000000000000
110000000000000000000000000000000000000000000000000000000000000000000000000
111000000000000000000000000000000000000000000000000000000000000000000000000
111100000000000000000000000000000000000000000000000000000000000000000000000
111110000000000000000000000000000000000000000000000000000000000000000000000
111111000000000000000000000000000000000000000000000000000000000000000000000
111111100000000000000000000000000000000000000000000000000000000000000000000
111111110001010010000010111110101010001011100111100001000100111110110011110
111111111001001110100110000111011110010100001100001111100100000011010011111
111111111100010001101100101011011101011100100100010000011000011100111001111
111111110010101100001100101100001100100111010010111000100001100111111001111
111111111110010110001010010001001111000011111011011000011000010011000111101
111111110101000101110011001000011000101001011011001111001000111101011001101
111111111010110001000011000010101111001110010101001101000111000101111100101
111111111010001000010001011011011010001101001011110010110111001000101011101
111111110011011101001011001010100100100100101000010110010110111011100101110
111111111101100100011011100111110111101110101010100010000001010010011000100
111111111001101111000101010111111101101001010010010001011100100000110101000
111111111111101010101001000010111011010011000010000100100010111110001101011
111111111100011100100110111010110010010101110011010100001111100011011000000
111111111000111111010000100010001100111111100011101111011010001010000000011
111111110011000100110101000111001000110110110111011000010110011110011110000
111111111111100000001100011100001110111010101110010111001111001101000001000
111111110100111110110011001001001110010110000000110011001011110100110111000
111111110111011011010110100011011000001110111110100100110001100101000101000
111111110100101001110110010000110100110010101011000001010101000110101111111
111111110010111110011100111011010010101000001100001001001110110110001100101
111111110001110000000001101001010101010111111110000011101100101011101110001
111111111001011010011101001000010101001000111011011101100011010110110010010
111111110111110100000111110111000000011001100001011111100001010000101101011
111111111001101010000111100000101010110000111100111100011001111000101010101
111111110000000011001000001111100010111110001011010101111001110001011110011
111111111000010100011010010100111000011010011100001010111011101010111101010
111111110011010010100110011011100101110011001010101110111010000100111000100
111111111101010110001111111100111100100100000001100001110010001101001110001
111111111110101100011000110011100100010000010111000111110000111101110010100
111111111001111111100000010101000001000000101111110010000011101101011100111
111111110101100010011010101010010011110000010111111010010110000001110101011
111111111000110000110001001101110110111001100101111100110000100111000101100
111111110110010110101000000101110001111100110010101101000111101000100011101
111111110110001011000011111101011101111010010101010110000010100010001010110
111111110101011100110000100100001111101001000110000100111111010001101110110
111111111110000111010101101100101011010100101011001010101100100100100100110
111111111011001000111110100000100001101111100101010011101010100000010111101
111111110001110111111100101001101011000010010001010111110101001010001001100
111111110110001010000000100100110101000101001101111111011101011110011101000
111111110111000011110001110110010110000010100000011001111011101011110000101
111111110110111010111011001111101100100001111101000000101101001000010000011
111111111100011001010100011110000111100010110000101110100100111000011111001
111111111010000111111001111010001001110001101100100101000001000011111111000
111111111011100101100010101110000101011000011001100000111111110110000011001
111111111011101000111010011101011001000110100001101101011100110001101000010
111111110011100111011010010000010110011101110000110100101100001100011110110
111111111010111011101111101100010000011011000010001010010101011001010110100
111111111101011001011001100111100000010011011000111001001110000101001011110
111111111101001111010010011001100001111111000100011000100101011111100000001
111111110011110001010100110001111111110101001001001000000011111001010011010
111111111111110001100000011010111000100100010110111011101001010010000110110
111111111110110010110110000110000011101101011000010011010000101111101010010
111111110110101101000111001001100011001000100110101001111010001011011011010
111111110101001100101101011010000111011111011101101001010001101000000100110
111111110101101001101000111101101010001101111000001110010010000110110110001
111111110100100111101100000010111100001011101101111010100110110001101010000
111111110010011100100001110000111011111010111000110011110100010101010000011
111111111010000101110110101101110110000011011110110101000010011000100100011
111111110100110001011111010100001001010101001110110101110110110010010000101
111111110000100110010101011110110001000111110100000110011011010101000011111
111111111100100010100101110001000000101110011001100100101110011011110101110
111111111111010101001101000001010010100011000101100110011101100110110010011
111111110011011011111101010100100110011100010111100010001000010011101001001
111111110000001001001110000111011011110001110001100011101011011111100100100
111111110000000000111111110011101101001000000010111110001101101111000110011
111111110000111101101011110110010011100110001111011100101000001100100011000
111111111000000011101011110001000110100101110110001011110111110100001001010
75
000000000000000000000000000000000000000000000000000000000000000000000000000
100000000000000000000000000000000000000000000000000000000000000000000000000
110000000000000000000000000000000000000000000000000000000000000000000000000
111000000000000000000000000000000000000000000000000000000000000000000000000
111100000000000000000000000000000000000000000000000000000000000000000000000
111110000000000000000000000000000000000000000000000000000000000000000000000
111111000000000000000000000000000000000000000000000000000000000000000000000
111111100000000000000000000000000000000000000000000000000000000000000000000
111111110101100101100011101000001111111001111000110010010001001101101010010
111111110010100001011111000001110111000001101000001111101011011110001000111
111111111001001010111011001001101001101110001100010100100101011011100100011
111111110100100110001001110111101010010000110111000101100101010001101010111
111111110010011100011011000010101101010000010101110010011100000111011101111
111111111111001011101101100100001100000011011001000100001111100111000011110
111111111101000001010101100011100100101101100011111000111110000001110000111
111111110110011011110111001001010011110100110111000010100110001001000011100
111111111100101000101001010011111011001000101010110000010110111110010011100
111111110011100010000000011110010100101101111111010000000010011111001101111
111111110101101001011010101101001110010101000111011001001100011110010110000
111111111001010011001011011000100111011011010111100100001010111000111000100
111111111000001101000111101110100110000110101110110111000000101000000111111
111111111011100011110001000110110111100000010010011111000100100011111110000
111111110001011011000101101011011010110010000000001001010000111111111001111
111111110000000001100000011001111100111010011111011111111001000010010011110
111111110110100111010101001010001000001100001101010111011111111000111001000
111111111110111100101110100010110110101010010101011001000011011001010000010
111111110101111010000100010101101111100011000001110111110110001000001101010
111111111110101110010011110000010010110011001011010010111000110010100100110
111111111110010100110001001101100110011110100001001100010010010110101111010
111111111000110001011100110100011010011100011100101110010110001011100100110
111111111000010101100010100101011011101001100101010001001111100010101101101
111111111011111000111000101010001000111000100011100111101010101010001010011
111111110100001101011100010110000111111010001010000000101011001011111111001
111111110011000110000010100101110010001110000110100010111111101111011010010
111111110010111001000001100000010001011111010010110101100111010100110111011
111111110001011001101011110111010100010100101001010110110011110001011100000
111111110101110010111000100011000111001110111100000011101000100100110101110
111111110110011011001100111000100100101000100100111010100101110110101110100
111111110101110100101110001100000001000001000110011110110010110011110011111
111111111101110010010111011100111000011010100000010011001011000101010110101
111111111101101111100100100001110001011000001111101110001000010101001101001
111111110011100110001111110011011101110110100100111100001010000010100011000
111111110010110000110111111101001110001010011010111000101100110001001001001
111111110110001010101010101110111101011111001010001011010110000000101000101
111111110001101100110110011010110110011101000001100101100101100111100001100
111111111100011010000110001110011011000100111011111100101001000110111000010
111111111110110000000010111011100001110101001000001100001101101001011111110
111111111110000010001110000001001110111101110010100111010001110011010101001
111111110111010101100111110110101001101100010010000101111000011110000100100
111111110101010100010010000011011100100010011011101110000111111100100110101
111111111011110111011000101100111111100100001001100000110001010000010011101
111111111000101111100010010100101100110100110000001010101110111100110001011
111111110011011011110010010010101010000001101110101001011011010001100111010
111111111010111111010000000111001101011011100110011100110001101101000000100
111111111000110011111110110011100000000111010011010010010001001110101011001
111111110111010101111100010000111010110111101110010100000100100100011000011
111111111011000111001110011011000011011000011001011001110110100100000110011
111111111100000001011011010110011001101111000101101011100000110101001011010
111111111011100000101111000100000000110010101111101001110101001100111101100
111111110000101111111110001111010000101011110000100100011100010000011110110
111111111111101101100001011011001010000111010100101010100011000010011100101
111111111000111100001101001001111100100101011110000001111010100101101110000
111111110001111000000101000110100011111111111101001010011101110010000010001
111111110011001100011101111101111001001001110011001010000001101000110101010
111111111001001100011000111000000011100110110010011111011111010101001001100
111111110100000010111001101110110010110001010100111100111011101100000101001
111111110100110111101001011000010101000110100011101001011101101011000100011
111111111111010101001000001111110000010011111000110011101100011011100001000
111111110010011110101001010101000010101101001001111111001000001101110010101
111111111101011110010011110000010100001001111100001101110100001010011011001
111111110110101001010010111101100001100010111101100101010010100111110000001
111111111111001000110100010101010101010100010100110001011001111000101010111
111111111010000000100100111010011111000011100101000110111100011101110110001
111111110000000110110100100000101001010111111001111001100010111011011110100
111111111000010110110101111111000101110001001110100011000111010110010000010
75
000000000000000000000000000000000000000000000000000000000000000000000000000
100000000000000000000000000000000000000000000000000000000000000000000000000
110000000000000000000000000000000000000000000000000000000000000000000000000
111000000000000000000000000000000000000000000000000000000000000000000000000
111100000000000000000000000000000000000000000000000000000000000000000000000
111110000000000000000000000000000000000000000000000000000000000000000000000
111111000000000000000000000000000000000000000000000000000000000000000000000
111111100000000000000000000000000000000000000000000000000000000000000000000
111111110011101100000011110101001111000101100011011000000101100111001001111
111111111001100100101011100100001101010110111100100000110011111001100111000
111111110101001100000001011111110000110110101000111011100000011010001111101
111111110000110010010001101001001010111111000001110011011001110011100110110
111111110010000011110011010000111101001100001101010001101000101010111111011
111111111110101010001110110110011000011110001101001011000110001011100000110
111111110101100010100110011001011100111010110011010001001011011101010001001
111111110001111010100010101011110001001101111101100101010100000001011101100
111111111110000001000011100110000101011011011011111101001101010000010110101
111111111111011100110101011111101101000001000101000001001010010101100110100
111111111011010010001010001101111100100111000010111100100100001101110110010
111111111110011110100010110011001011110101011000100000111000011110010000011
111111111011101111010110001000110000010001110111101000101001111010000100110
111111111111100110110001011000000010001011101000101101100110110001111000011
111111110011000001000100110100111010101001101101100010110111010111010110001
111111110000011100111010011100100111011100100011100111000111011010010010010
111111110010101001101101001110010110110100001001100100101001010101111001110
111111110101000110101000100111010100011001110101010110101100110110101010010
111111111100110010010010010110010110000100100100001110011001111101011110101
111111110001101100011100000010001101101111001011001011111100111100011100000
111111111101101000101111000001111110000011001110100111011001000010001010011
111111110100110010001111101100100011110001000101101001101110101100001011001
111111111101011010010100111100000100000100011011110010111111000000101101011
111111111101000011010101000101101011010110110001000101110101001110111000100
111111110010000110001101111001100110011110111110001000011010000100011110110
111111110011010100011110000001010011110100011100011101001111010011101100001
111111110110111111101000010100100000110111101111010101010001100100100100001
111111110011011000101110111010101010001010010001011100110001111000101010101
111111111100110111001101011010111001001100011010110000000101110111001010000
111111111000100101100110001110100001100111110001011010011010000011111010011
111111111110000001111000101011110110010111000011000000010110111011001101001
111111110000001011001110010011000001000010100010100101111110110111100111111
111111111000100101011011111001100100100000011101010111110100011101000000111
111111110110111000000001101000111101100110110110000110101110110010110000101
111111110001110011110000100111100101101010001110101000000011011110101000111
111111111011110001100111101111000010001100101010010111101010101110000100000
111111111001001001101001011001010001011101000100111010011111101100110000101
111111111011001010110101100100110001111100010010001111010000110101000011011
111111110111110101010110111001010101010010001001101110010000100110110011000
111111110110000000110100001010001100100101111100111101010111101110000011110
111111111000111001000000011100011111011011010100011101110010010110001101010
111111110100010101011111101111011000001101100110001001110001010000110001011
111111110101101101010011110010110010101111010000000100001111001100100111010
111111111111111001011010000101101000111000101000010000011110110000011011110
111111111100101111111100100001011111101100100001111100100010000000000110101
111111111100000000111010111000101001111001101010001110101001000111101101100
111111111001011111000001001010001110111000101111001100011100001011100011001
111111111010111011101101110001000100100001110000001011000101011010111111000
111111111110010100100111000000010011101010100111110010010100011100101101110
111111110111101001011000101010001011010000110110110011000000001101111110011
111111111011100110111000111110010011100010000110010001111101000010010011100
111111110010110101110100010101001000011111010110100110101100001001001011101
111111110010011111110011100010111100010010100000111011111111000101001000000
111111111000110100100000000011111010010000011011001011100111100100110111111
111111111001000111000110110010101110110101000110110111000010110000111001100
111111110111110110001101000010100101011001000000010110110011001011010101111
111111110100001111100100101101101011000010001100011110001101111001010101010
111111110010100010011001010111111011000001111011111110011010011000100001000
111111111010001110011011001111001000101010010101100110000011100110011101001
111111111111010001001000010011100111101110110101101011101001100001000001010
111111110101011011111011000000000010000111011111011010100010010111010011100
111111111000011000010101110011010001110011101111010100100011101001011010010
111111111000011100011100100100110110001011111000110001001000101111110001101
111111110001010011111111011110011111110011111000000010000100100000000100111
111111110100101000110111010111100110111000010110111000110100100011110100000
111111110110001111000010001101010111101001011010000011110011101001101010100
111111110101010101101001110100011000100000010011101101011010101011011100110
75
000000000000000000000000000000000000000000000000000000000000000000000000000
100000000000000000000000000000000000000000000000000000000000000000000000000
110000000000000000000000000000000000000000000000000000000000000000000000000
111000000000000000000000000000000000000000000000000000000000000000000000000
111100000000000000000000000000000000000000000000000000000000000000000000000
111110000000000000000000000000000000000000000000000000000000000000000000000
111111000000000000000000000000000000000000000000000000000000000000000000000
111111100000000000000000000000000000000000000000000000000000000000000000000
111111110001101001111100000101000100101011011010000011100101101101110001111
111111111001100101001100110001101001001100100110100101011111001100001100111
111111111100101110000001110100001101101100011001011111101001110100001001100
111111110010110010101110101001110110001101100111001111111001100001000001000
111111110000000101010011111100110110101000101101000100100100101111001111011
111111111110100000001001101110011000111111100000101101110100101110110000001
111111110101110010011101111100101100110001001110101001001000010101010110010
111111111001011000011100101000001111101110101101010110010100010011110100100
111111111100110100110010010111011101000010100111011101000110000101110001010
111111110011011110100101010100011000011000101110001010110111010111101000001
111111110110111100001010100100110110011010000011110010010101011100011010110
111111110111010001100010010000101101111011111101110011011000001110000001001
111111110010100011010111000101001111011100101010110111000010111010100010010
111111110010110010110010111001001010101101010010011000000110011110011101101
111111111110011101000000001101100000111100110110011001010000110001100111111
111111111101000110110110011000010011111011000110110101100101110000000010101
111111111000000011011011000011111100011010011110011100111000011001011000101
111111111001010100101010100111111011111001111000000011100010110000011100010
111111111110000011111000110001000101010011110000001110010101110111001110010
111111110101000100010101101011100111011010010011001001110011011110100101000
111111111111101101111111001000011000001001010101101110000000011000101101010
111111110010111101110001000010101111000001101000101101110101010000010111101
111111111010010111001101001010011111100110010110000011000001000110011011011
111111111110001100011110001101001110010111101000110000101011000101001101001
111111111001100000100011001100000101010101000101011011110011001011011110111
111111110100010001000111010010000011001111100011101010101000110101111100111
111111111110011011010010101010001001101001001011000001111111001001101010010
111111111001111001100110100010010000110110101010011100101001011110000111010
111111110101000011101000101111011100000000100011110011101100010010101111101
111111111111100110000100000011100110100001101101011000001101111010111000011
111111110000001010000000001001111001110011101111101110000011101100111111100
111111111000101011110001111111000010111010100101100010011011010000010001011
111111110111101001001110010011001010110000000101000101110010110111011011100
111111110110100111101010100100100001100110011111100100100011010011110100001
111111111010001000100101100110101010000011010111010111001110111101000110001
111111110101111111101001000001011111111110000001001000001110101001000110001
111111110101010010100111001110101100100110110000100100010111111001001001110
111111111010010000101100011101010111100000011001101100111010011100100010111
111111110010110100010000011011011000010110011101100011101101111011000100110
111111111100011001001111111001110001000000001000111011000111111011010001001
111111111011100111000110111100101011010010110000001010101100001001110011100
111111111101111001000000011111100110001111011110101110100110000010001010000
111111111100100100111001010000110010100111101010000011011010011011101011100
111111111000001001110110010100111110110100010011101001011101100010111100000
111111110100111010000111100101010011010011011100000101011100000010101101111
111111110000100101100100101010010101011101011100110000011110110101111011000
111111110100001110111110001010100000011100111001001111001110000110010010111
111111111010101010001101010010110101111001110011110000100110000011000101110
111111111000110111101111011111101000001011001001010000010001100110100110100
111111110011001000011010110110111101001111000100001000001011110010100011111
111111111011111100110011101011100101110000000010100110001000100111101000101
111111110000111110011110110010000100100010110100111011110010101000101110001
111111110100001111110100100111111011100101000100111010110000001111000000110
111111111101110010010000000000111010001000010000110110111011100111110111011
111111110011001111000011011001110100100111000000010111111110010100110100010
111111110001000100001011110011001010110101011011111110010101000001100011011
111111111111001010100011110011010110001100111100100001000001001101110110100
111111110110010000111101010111100001111100000100010110101101001000111111000
111111110111101000110101111001111001000110111011010000110000100000011010011
111111110111100001011011001110010011100000111110011010011111100100000100100
111111111001011110011011000101000001000101110111100000111100111110010011000
111111111011010011111001100000100010010110001101111001100110100100101001110
111111111111010111010100110110010100010101001011000110010010101000010101101
111111110100011101101001111000001110010001110110010100101011101010110000110
111111110001111011011000011110110011010101110001010101000001011101101000001
111111110011010101010101100101010000101011110001111101001011000011011010100
111111110011001110101000011110000011001010001010111101011000101011011101010
