75
000000000000000000000000000000000000000000000000000000000000000000000000000
100000000000000000000000000000000000000000000000000000000000000000000000000
110000000000000000000000000000000000000000000000000000000000000000000000000
111000000000000000000000000000000000000000000000000000000000000000000000000
111100000000000000000000000000000000000000000000000000000000000000000000000
111110000000000000000000000000000000000000000000000000000000000000000000000
111111000000000000000000000000000000000000000000000000000000000000000000000
111111100000000000000000000000000000000000000000000000000000000000000000000
111111110000000000000000000000000000000000000000000000000000000000000000000
111111111000000000000000000000000000000000000000000000000000000000000000000
111111111100000000000000000000000000000000000000000000000000000000000000000
111111111110000000000000000000000000000000000000000000000000000000000000000
111111111111000000000000000000000000000000000000000000000000000000000000000
111111111111100000000000000000000000000000000000000000000000000000000000000
111111111111110000000000000000000000000000000000000000000000000000000000000
111111111111111000000000000000000000000000000000000000000000000000000000000
111111111111111100000000000000000000000000000000000000000000000000000000000
111111111111111110000000000000000000000000000000000000000000000000000000000
111111111111111111000000000000000000000000000000000000000000000000000000000
111111111111111111100000000000000000000000000000000000000000000000000000000
111111111111111111110000000000000000000000000000000000000000000000000000000
111111111111111111111000000000000000000000000000000000000000000000000000000
111111111111111111111100000000000000000000000000000000000000000000000000000
111111111111111111111110000000000000000000000000000000000000000000000000000
111111111111111111111111000000000000000000000000000000000000000000000000000
111111111111111111111111100000000000000000000000000000000000000000000000000
111111111111111111111111110000000000000000000000000000000000000000000000000
111111111111111111111111111000000000000000000000000000000000000000000000000
111111111111111111111111111100000000000000000000000000000000000000000000000
111111111111111111111111111110000000000000000000000000000000000000000000000
111111111111111111111111111111000000000000000000000000000000000000000000000
111111111111111111111111111111100000000000000000000000000000000000000000000
111111111111111111111111111111110000000000000000000000000000000000000000000
111111111111111111111111111111111000000000000000000000000000000000000000000
111111111111111111111111111111111100000000000000000000000000000000000000000
111111111111111111111111111111111110000000000000000000000000000000000000000
111111111111111111111111111111111111000000000000000000000000000000000000000
111111111111111111111111111111111111100000000000000000000000000000000000000
111111111111111111111111111111111111110000000000000000000000000000000000000
111111111111111111111111111111111111111000000000000000000000000000000000000
111111111111111111111111111111111111111100000000000000000000000000000000000
111111111111111111111111111111111111111110000000000000000000000000000000000
111111111111111111111111111111111111111111000000000000000000000000000000000
111111111111111111111111111111111111111111100000000000000000000000000000000
111111111111111111111111111111111111111111110000000000000000000000000000000
111111111111111111111111111111111111111111111000000000000000000000000000000
111111111111111111111111111111111111111111111100000000000000000000000000000
111111111111111111111111111111111111111111111110000000000000000000000000000
111111111111111111111111111111111111111111111111000000000000000000000000000
111111111111111111111111111111111111111111111111100000000000000000000000000
111111111111111111111111111111111111111111111111110000000000000000000000000
111111111111111111111111111111111111111111111111111000000000000000000000000
111111111111111111111111111111111111111111111111111100000000000000000000000
111111111111111111111111111111111111111111111111111110000000000000000000000
111111111111111111111111111111111111111111111111111111000000000000000000000
111111111111111111111111111111111111111111111111111111100000000000000000000
111111111111111111111111111111111111111111111111111111110000000000000000000
111111111111111111111111111111111111111111111111111111111000000000000000000
111111111111111111111111111111111111111111111111111111111100000000000000000
111111111111111111111111111111111111111111111111111111111110000000000000000
111111111111111111111111111111111111111111111111111111111111000000000000000
111111111111111111111111111111111111111111111111111111111111100000000000000
111111111111111111111111111111111111111111111111111111111111110000000000000
111111111111111111111111111111111111111111111111111111111111111000000000000
111111111111111111111111111111111111111111111111111111111111111100000000000
111111111111111111111111111111111111111111111111111111111111111110000000000
111111111111111111111111111111111111111111111111111111111111111111000000000
111111111111111111111111111111111111111111111111111111111111111111100000000
111111111111111111111111111111111111111111111111111111111111111111110100101
111111111111111111111111111111111111111111111111111111111111111111110011100
111111111111111111111111111111111111111111111111111111111111111111111001001
111111111111111111111111111111111111111111111111111111111111111111111000110
111111111111111111111111111111111111111111111111111111111111111111110010011
111111111111111111111111111111111111111111111111111111111111111111111110000
111111111111111111111111111111111111111111111111111111111111111111110101010
75
000000000000000000000000000000000000000000000000000000000000000000000000000
100000000000000000000000000000000000000000000000000000000000000000000000000
110000000000000000000000000000000000000000000000000000000000000000000000000
111000000000000000000000000000000000000000000000000000000000000000000000000
111100000000000000000000000000000000000000000000000000000000000000000000000
111110000000000000000000000000000000000000000000000000000000000000000000000
111111000000000000000000000000000000000000000000000000000000000000000000000
111111100000000000000000000000000000000000000000000000000000000000000000000
111111110000000000000000000000000000000000000000000000000000000000000000000
111111111000000000000000000000000000000000000000000000000000000000000000000
111111111100000000000000000000000000000000000000000000000000000000000000000
111111111110000000000000000000000000000000000000000000000000000000000000000
111111111111000000000000000000000000000000000000000000000000000000000000000
111111111111100000000000000000000000000000000000000000000000000000000000000
111111111111110000000000000000000000000000000000000000000000000000000000000
111111111111111000000000000000000000000000000000000000000000000000000000000
111111111111111100000000000000000000000000000000000000000000000000000000000
111111111111111110000000000000000000000000000000000000000000000000000000000
111111111111111111000000000000000000000000000000000000000000000000000000000
111111111111111111100000000000000000000000000000000000000000000000000000000
111111111111111111110000000000000000000000000000000000000000000000000000000
111111111111111111111000000000000000000000000000000000000000000000000000000
111111111111111111111100000000000000000000000000000000000000000000000000000
111111111111111111111110000000000000000000000000000000000000000000000000000
111111111111111111111111000000000000000000000000000000000000000000000000000
111111111111111111111111100000000000000000000000000000000000000000000000000
111111111111111111111111110000000000000000000000000000000000000000000000000
111111111111111111111111111000000000000000000000000000000000000000000000000
111111111111111111111111111100000000000000000000000000000000000000000000000
111111111111111111111111111110000000000000000000000000000000000000000000000
111111111111111111111111111111000000000000000000000000000000000000000000000
111111111111111111111111111111100000000000000000000000000000000000000000000
111111111111111111111111111111110000000000000000000000000000000000000000000
111111111111111111111111111111111000000000000000000000000000000000000000000
111111111111111111111111111111111100000000000000000000000000000000000000000
111111111111111111111111111111111110000000000000000000000000000000000000000
111111111111111111111111111111111111000000000000000000000000000000000000000
111111111111111111111111111111111111100000000000000000000000000000000000000
111111111111111111111111111111111111110000000000000000000000000000000000000
111111111111111111111111111111111111111000000000000000000000000000000000000
111111111111111111111111111111111111111100000000000000000000000000000000000
111111111111111111111111111111111111111110000000000000000000000000000000000
111111111111111111111111111111111111111111000000000000000000000000000000000
111111111111111111111111111111111111111111100000000000000000000000000000000
111111111111111111111111111111111111111111110000000000000000000000000000000
111111111111111111111111111111111111111111111000000000000000000000000000000
111111111111111111111111111111111111111111111100000000000000000000000000000
111111111111111111111111111111111111111111111110000000000000000000000000000
111111111111111111111111111111111111111111111111000000000000000000000000000
111111111111111111111111111111111111111111111111100000000000000000000000000
111111111111111111111111111111111111111111111111110000000000000000000000000
111111111111111111111111111111111111111111111111111000000000000000000000000
111111111111111111111111111111111111111111111111111100000000000000000000000
111111111111111111111111111111111111111111111111111110000000000000000000000
111111111111111111111111111111111111111111111111111111000000000000000000000
111111111111111111111111111111111111111111111111111111100000000000000000000
111111111111111111111111111111111111111111111111111111110000100000111110111
111111111111111111111111111111111111111111111111111111111001001110100110001
111111111111111111111111111111111111111111111111111111111100110010100011100
111111111111111111111111111111111111111111111111111111111010010110011000101
111111111111111111111111111111111111111111111111111111110101010100011111000
111111111111111111111111111111111111111111111111111111111100001101001010110
111111111111111111111111111111111111111111111111111111111011100100101001010
111111111111111111111111111111111111111111111111111111111010000011010111010
111111111111111111111111111111111111111111111111111111111000111001001101001
111111111111111111111111111111111111111111111111111111111111101000010100100
111111111111111111111111111111111111111111111111111111110001110111000100110
111111111111111111111111111111111111111111111111111111110110011010101100010
111111111111111111111111111111111111111111111111111111110110000101100101101
111111111111111111111111111111111111111111111111111111110011011000000011111
111111111111111111111111111111111111111111111111111111110001001011111001100
111111111111111111111111111111111111111111111111111111111101010001110000011
111111111111111111111111111111111111111111111111111111110100101110010001011
111111111111111111111111111111111111111111111111111111110111100011001010001
111111111111111111111111111111111111111111111111111111110010111101110010000
75
000000000000000000000000000000000000000000000000000000000000000000000000000
100000000000000000000000000000000000000000000000000000000000000000000000000
110000000000000000000000000000000000000000000000000000000000000000000000000
111000000000000000000000000000000000000000000000000000000000000000000000000
111100000000000000000000000000000000000000000000000000000000000000000000000
111110000000000000000000000000000000000000000000000000000000000000000000000
111111000000000000000000000000000000000000000000000000000000000000000000000
111111100000000000000000000000000000000000000000000000000000000000000000000
111111110101010000101010010001100010101010011000010111011111000111111000111
111111110011001011000010100101100001111001110110011000011100010010010111111
111111111000011001001011011011111101011010110010100100101110010100100010010
111111110010100100100100101011101001011100101100010101000111110100101101011
111111111110001001010000010110011110101111101011010000010101110100001000111
111111110101101000100010001110110110010101101001101000001111001110110110001
111111111001000110000100010111111000111011000001100100000000101111111111110
111111111110110000010011010101011001001100100000011110010010111011110110001
111111111011110101110001010100001100111000111100001100101101001110011001000
111111111001011100111000010100101011010101111101101111010000010000100100110
111111110110101100011000101100000001111010000011001110111011001100101110110
111111111111011000001100101110010100011100000000111111100101010011010001110
111111110101111110000011000010111101001110001100001011011100101000001011110
111111111110110111101000001011010110110001110100011010000010100010101010110
111111110001101011110101011101110000100010100001001011110111110010100001010
111111111101111001110100100011011000101001001110110001111010001000110100010
111111111010111111001110011000001000010011001010000011001101111010110100101
111111110101010000111101001000101001000011100110111000100001111110011010111
111111111100101111001001000100110010001000110110100011000011011101011101011
111111111011000000001101110011010001000111111111001010001111001011001100010
111111111100000111100010111000111000100100001110101100110111010011001110100
111111110000110011111000111010101100001101010001010010011001011111000111010
111111110000100110110101100100011010011110111010110010101100000011100010111
111111111101000011100000110001001111010100100011000111101011101000010011111
111111111100010000110110001100000111111010011111000001000110111011000111010
111111111101001101100011111110100001111111010100010010100001101001100000001
111111110111001110111011110111000100000100011010000001100000110110111110010
111111111000111010010111101011100010110100111010001100010001101101010000110
111111110011010101011000111101110010010110001110110010010110101100010011000
111111111000100100001011011111000010001001001111111101111001100010000011011
111111110000010001000110110110010011100000111000111011101001111100101111100
111111111110001010100111111000001000011011111001111011010010000100011011000
111111110101010111010101001011010011011001011001000110110101010000011110001
111111111011000110111010001010111011101000100011011011101100100101010100000
111111111000001000111001100011001110110010000100101010011101110001111111001
111111110001111100111011110010010000110001100011010101000110011001001011101
111111110110001100110110011001010100000001110100100110111100101101000101111
111111111010111100110010100001110011001111010001100000101011110010011001100
111111111001011111011110000001000100001110101101011000100011000101100111101
111111111111000110011101111010100111101000101000100000011010011010100001101
111111111101100110101110100101011111000011010010011100010101011100100001000
111111110010011011101010101110011011000010101101000100110000001011111001011
111111111011101000000001101001111110100010011101010111100000011110000110101
111111110100110000001111111101101110101101100111000010100100000000111101100
111111110111111010000001010010001011010000010111110000110111100111100101100
111111110110111110100100010111100101100010101111110110001001010001010010000
111111111101111101001100101101001001100100110001100001011100100111001010001
111111110011011010010100111100111110001001010110001101001011100001101010001
111111110001101101010110011010001111100110010010111110000010000010011101011
111111110000001101100101011001010111011100000111011001011000011111111000100
111111110100101011011000110001100111011011101000111101100100101011001100000
111111110110001101001101000000101010100101011001011100101110111001110011010
111111111110010011110001001111100000000110010011111101001100001000101101101
111111111000011010101101000100110101110101001010010110111010100110001101001
111111111111100001010110000010100010010111100110000111111000010111101011000
111111110100000101011111100110111100010010110101010101011011100010010100100
111111110011100001101001001000010101101111111010100101010001100001110111100
111111110111110011101111110000010010111110000101101100001000110100000100011
111111110100100010011000011111011001110111011100001001101010010101010001101
111111110011100001101110000111101100011000011011101010110010111001001000101
111111110110010101010011100001111101110001001011101011000001000111100001011
111111111010100010011110010000110101110100010101110001110101001000111010011
111111111001100011010011101100000101000001001101110110001110110101111000110
111111111010110101100101110110100111000011000000001001110110000101010110111
111111110011010110000011001101001110110111100000110001111011011001001100010
111111110000010110000000100010000100101111110111101111110110111110110000001
111111110010001011111111000111001011101101000100100111000111001110000010100
75
000000000000000000000000000000000000000000000000000000000000000000000000000
100000000000000000000000000000000000000000000000000000000000000000000000000
110000000000000000000000000000000000000000000000000000000000000000000000000
111000000000000000000000000000000000000000000000000000000000000000000000000
111100000101010001001100011110100110101011010111010000111101110111110001000
111110011000001111011011101101100011101001110011111010000110010010101000000
111111010001101011110000010010001001001011111101110100011010000100111101001
111110001010011000001100110001111110010111010101100111001010010000111011100
111110100101111100000010110011110011010000111001010011111101000110001000101
111101110001110110000111100011000100111100010101111000110010110000110010101
111111101100101001001001011111010000110000000011111110001011100100010011011
111101010010011100001001010110111000101101101000011001001010111111011000101
111111010001000100001110011011101001000111100011100110110110101101000010110
111101100010101010001000100011100111101001000010000101111110101010101111011
111110000100100001011111110100100000111100111100100100011100101010011110110
111110110010011010111001011000100100110100100101010010110011001110100101110
111110011011101000100101100011011010100100001110110010011100110111100100010
111100011101110110001001010000111011111001001101101001010111000001000111010
111111011111111001010010000001101001111010000011000001000001111110110110100
111110011111110011000001011101011100000101110010010001110100001000111010011
111100101100000010110001010111001101010010010001101001011110111111101000110
111101101011010101111010111010001000001100011010110001001111000010100011110
111110110011010111011000111011000010011010000100001010001100011101011110011
111110111000110000100110101100101000011001010010101011111010001111010101001
111110100011100101111000000110111110110010100010111101110110010000010100100
111101000100010010100001101011111010001010111011011110010000011010010111110
111100111101011011101000100100110001000010001100110110100110101011110010101
111100111100110111100110010011100100100001101010000110001011010001111100110
111101010000001101110001001001010110111001011000100111111101001101110010100
111110100001001101000101101000101101000000101001111001101001111001111111010
111100100110000010011110000010010001110101111011110011000100011101110111001
111111100100111100101111000101001110011010101110010000000110001101101011000
111111001110011100000010001110100111000100011100101100010111011100110100011
111101101011101011100111011000100011010101000000011100010100010111011011100
111100100111101100111101001101100001001111001111001011011000000000110000111
111110010111001110010111110110010000010011001010001100111011011010100011000
111100111000100000011111011001011111001110001001010100101111011010010100001
111111100001110010010100011101001010100001101100101111000101111010100001101
111100011010100110011000101101101101010000111110010100011001110101000011101
111111101010010001101011111111010001011001101101000101110000110001100100000
111101001111011111010101000111101100011100100001100110101100000011000101001
111100001110001110101110111001011000101010100000101000110101100100111101101
111110010110010011101111001010001111100000001111101101101000000110001010101
111100000011110111100010101101010111110111101001100000001010101110010001010
111111010110110100111011100000000100000011000001110111010101110011011001011
111101001011110000111101110111100101100011011000111010100001001100001110000
111100111101001101001010001011001100110111011100011111010000101010001101000
111100000001011010010111101110011101011001000110010111000111100100011100110
111110001001010100110010010100010111101100000011011110011000101001101111101
111100010000111001101011000110001011010111110000001010101101110000100111111
111110111000111110110100001110110000101110011001000101100100110100001011010
111111001101000111111111000001110010000001010100010001101010111100000101111
111110100101011001111100100001011101101101110000001100010011010111000010011
111111100110101110000010011100011101101011010100110010101000010011000110110
111101110011001011101110010100111110011000011011100010010001111000001000011
111101010011000000100110001101110000110010110101011101001111000011101110011
111101000100100101110000111000111100010101001111001010100110110110101110001
111100110111000100100001010101000011001100110110100111100011110110011111000
111110001000001010110010010011100110011111101110111001100001100011010010011
111101110101111010011011111000110110000110110010101101001000100101100100000
111101111000000101010111110110111111100010100100000011010000000110110011011
111100101010111101010101001010010010000011110111100000010011101011001110101
111111111110000011000100100100000110001111101001011011011111100100000110100
111101010100011001010100111101000011110110001010110001110010010001001101111
111100110110100001010010100111111010001101000101111100100001001101101001110
111101111110011100110100110000001011110001110111011100101100101000010000010
111100001011101001000011110000000100101010111111001111100110011101000001111
111101001000110111001100000000010001011110100110111111111001011110101000010
111110000110100111100101111010101011111110010000010111000011101001100000001
111111011111100000011100001010010111011000111000001010100010100011111001110
111111101001000110001001100100001010110111011011000100100001000111111100111
111101001101101010111010101110001010100100100101000011111011011001011010000
111111100010010011010011000001111001100110011110001010111111100001011001000
111111111101000000100001101010110101111111100110100000001101011000001001101
111111010000101111101100110111010101000100010111001001000101001011010101100
6
011010
001010
000111
110001
000101
110000
14
01001011010011
00111001100110
10010101011010
10000101011010
00110001100110
11001000111100
01111100001001
00000110101111
10110010010101
01001011000011
11001000110100
10110010010001
00000110101101
01111100001000
22
0001010110101001111001
1001101011100010010101
1100110101000110101001
0010111010001111001100
1000001100011011100111
0100100001111011011010
1010010000110100011111
0101011011010000101110
0010111000001111001100
1001101010100010010101
0011100110010110110010
1111000011001101000011
0110001101100101110100
1100110101000010101001
1000001100011001100111
0110001101100100110100
0101011011010000001110
0011100110010110100010
0100100001111011010010
1010010000110100011011
1111000011001101000001
0001010110101001111000
38
00101011111100001101101010001101000101
10001001010110010110011011101110100010
01001111101000110010000111001001110011
11100010000011101001101011001010110110
00010101000011011011110110101011000101
11010000101101000000111101100101100111
01001101101000110010000111001001110011
00010100000011011011110110101011000101
01011001011001100100110010111000111100
00111111000101101101010101100100010010
01011001010001100100110010111000111100
00111011101011010010100001010110001110
10100110111000110110111100100010010100
11100010000010101001101011001010110110
11001101000100011011101100010100111100
10010100111001001111001111011000001010
01100110101110000001010110111110101000
00111111000101101001010101100100010010
10010100111001001101001111011000001010
01100110101110000000010110111110101000
01100010010000011111010001110001101111
10110010000101110010001010111101011001
00101011111100001101100010001101000101
11010000101101000000111001100101100111
00000100010110100100100101011111011111
10001001101010101001011000110011011011
10110010000101110010001010011101011001
11111111010011000100001100000011101001
00000100010110100100100101010111011111
00111011101011010010100001010010001110
10100110111000110110111100100000010100
01010000111111111111000000000110110001
10001001010110010110011011101110000010
11001101000100011011101100010100101100
11111111010011000100001100000011100001
01100010010000011111010001110001101011
10001001101010101001011000110011011001
01010000111111111111000000000110110000
46
0110110010100110110100000010011011011101010110
0011001000011110101100110110011000101011100011
0000010110000000100010111011101010111111111001
1010001011111000001000011100001111111001011100
0111001110010101011111101000011010010000111000
0101100101000100011110011000010101101111001101
1010010001110101100101101010001101000110101101
1101001000110010101010001011110011010010001111
0100011101011011100011001110010100001101011010
1110100100101001110011010110011110110010000001
0110110010000110110100000010011011011101010110
1010010001100101100101101010001101000110101101
1010111100110110010110011101101000100100001010
0011000111000011101111010011101101100000010110
0011111001010001011001000001101110011111000011
1111010100101000001011100101111001001101100100
0001110000001011011001111110000011110100101110
0111001110010101001111101000011010010000111000
1010001011111000000000011100001111111001011100
0011000111000011101011010011101101100000010110
1101001000110010101000001011110011010010001111
1111010100101000001010100101111001001101100100
1001010111101110001110000100000110010110110011
1000101110110011010011100000000001101011110111
1100000001100111000101110001110110111001101010
1010111100110110010110011001101000100100001010
0001110000001011011001111100000011110100101110
1101111011110000111000110010110100100100110000
1101111011110000111000110010010100100100110000
0011001000011110101100110110001000101011100011
0000010110000000100010111011100010111111111001
1110100100101001110011010110011010110010000001
0100011010011101000101010101110001110110010101
0110100011001010010000101101111100000010111111
1000101110110011010011100000000001001011110111
0100011010011101000101010101110001100110010101
0000101101011100110110100111100111010001100100
0101100101000100011110011000010101101011001101
1001100010101101111101001111100000001001011001
0000101101011100110110100111100111010000100100
1001010111101110001110000100000110010110010011
0100011101011011100011001110010100001101001010
1100000001100111000101110001110110111001100010
0110100011001010010000101101111100000010111011
0011111001010001011001000001101110011111000001
1001100010101101111101001111100000001001011000
62
00100011010001010101111000000101101001011011101101011001001111
10010000011111010111010100100000101100100111111011110010010100
01010101100111010000110000000101011111110111000110101100110001
10001001001010000101011111101101111011011100110011001100100000
11100111110000000010001011101101000100111111110010010010010011
11010000110110101110101011000001110001111000101100111110000100
01110100100011010100011011110010111000101100011010000101001111
01000110101001111011011111000100001111101000001001001010110110
11010000010110101110101011000001110001111000101100111110000100
00110011000110000011100011110110000011000100011111111010100111
10101110110101111100110111001000101010000100100110110000100011
10011011000011111010001000001100010010001111101010100111101110
10001001001000000101011111101101111011011100110011001100100000
00011100110010111011010011011011001001010111000011011011001000
11111010010010001001010000011011011110110000101001010100110111
00011100110010101011010011011011001001010111000011011011001000
11111010010010000001010000011011011110110000101001010100110111
00101001010101111010011000111110111101001000010000111110010001
10110010001010101000110111100000011101000011110100001111011011
00101110101100000110000100001001110101010100001011101111011111
01011011000111111101000011101101100100110000010101100001011010
00001100110100000001101011101000011110001011011101110101111100
01100000011001111011100100100001010010111100010111010111101001
10101110110101111100110011001000101010000100100110110000100011
11100000000100101101001001010010100111101111100011101001111001
11100000000100101101001000010010100111101111100011101001111001
10100101101101111001000111010111010000010011111001100100000101
11111101101110000011111100001110001000101000100101100011001001
11100111110000000010001011100101000100111111110010010010010011
01000110101001111011011111000000001111101000001001001010110110
11111101101110000011111100001100001000101000100101100011001001
01000011011100000110010111010110111010110011000000110111101010
00101001010101111010011000111110011101001000010000111110010001
11001001011001010000100111011110000101100100101110011101011100
00001100110100000001101011101000010110001011011101110101111100
10010110111111010000001100110011000011011000110000111001111010
11001110100001010111100000111010110001100011110101001110100010
01001010001100101000111100111011001000111111011110101000000110
10010000011111010111010100100000101100000111111011110010010100
01000011011100000110010111010110111010100011000000110111101010
01100000011001111011100100100001010010110100010111010111101001
10000101100000101110110000110111101110010000111110000011111100
00010111111010101101101100010110110100001101000111010100010010
00010111111010101101101100010110110100001100000111010100010010
00100011010001010101111000000101101001011011001101011001001111
10100101101101111001000111010111010000010011101001100100000101
00111000001011010110101111011011100110011011000100000010110101
01011011000111111101000011101101100100110000010001100001011010
10000101100000101110110000110111101110010000111100000011111100
00101110101100000110000100001001110101010100001010101111011111
10011011000011111010001000001100010010001111101010000111101110
00110011000110000011100011110110000011000100011111101010100111
01001010001100101000111100111011001000111111011110100000000110
11001001011001010000100111011110000101100100101110011001011100
10110010001010101000110111100000011101000011110100001101011011
01111101111010101100000100101100100011100011011000011000101101
11001110100001010111100000111010110001100011110101001110000010
10010110111111010000001100110011000011011000110000111001101010
01111101111010101100000100101100100011100011011000011000100101
00111000001011010110101111011011100110011011000100000010110001
01110100100011010100011011110010111000101100011010000101001101
01010101100111010000110000000101011111110111000110101100110000
