31
0010011011101100100110100001011
1001001011111101001001010010001
0100000001100101011010011101111
1010000000101110110111011110000
1111011010000001010110010011100
0111000111011000111010111000000
0011010110110110011100000100101
1111100011110000000101001101010
0011000001010111110001100011110
0001101000011010011110001011011
0000110011010011100111011000101
1011100000001001101100110100111
0010101110100000010001111010111
0000110101111001010100110111000
1110110100011101010011000000011
1001011101001000110001001101101
0110101101001110001101010001100
1100000100110000101111100011101
1001100110101111000010101001100
0110010010001011001001101111001
0100001110011101100100001110110
1010111001010100001010101110100
0111101101100011100010000110001
1000001111000011011111100100010
1100101010010110110000110101001
1100110011101010111000000010110
1010011100110011101000011001010
0101011000111010000011110100110
1101010101000110000100111010011
0101111000100101111101101000000
0001110110000100101011010111010
43
0101100010110000111101010000110101110111000
0010101100111010111011101011110001000000010
1001101010100010101000101100010110001110111
0100010010101111001000100111110001110010101
0001011110011101100110101001000101000111100
1110001110101001000111000010010000011111011
1001000110010010000101101011101011111100001
1011000001001100101010101010111100111011000
0100000101010110011111100110000100101110110
1111111000010111010000011011010000101110000
0000101111000001010000000011111111101011110
0011010100100001001011011101000111111010010
1010001011110101001011110000011011100100100
1110011000110011100100100100101101101001010
1000110100111001111100110010001010011010100
1110001110000000111110011101101000100010101
0001011011111000010001111110001000100011011
0011111100011100001101000100110010101001101
0000111001100100100110011010100001111100111
0111000101111000100000010111011101001100101
1011001001100110110101000111000011010011100
0011100101100111001100110001101000000111011
1000010001110001011110001111110110000101001
0111111110100100010010100110101110010100000
1001010010101110010111010001111100001000110
1100111101101010001001001001001100110101100
1010100000011101010001001100101101010110111
1010010110001110111000010010000111100101011
0010110011011010100110000101011010110110010
0000101010010111101011010111001100011001001
1111110011010000011010100001000001011001111
0101011001001011111011000000101011001110001
1101110111000101101101001110011001000000010
0010010111000011110001111100110000011101100
0110110000000010000111111010011111000011101
0110100011101101110101101001000110101000001
1101100000001001100011110111100010100101110
0101000100110111110010001000011010110001111
0100001000001100011100111101011011011101010
0111001011011011001100011010100110010000110
1100011101010100100001110001110110010010011
1001101101001011010110110100010101110000001
1100100111111110000010011100100011001011000
47
00001100100101101111100000010110110100110111001
10010010010111100011001010110010001010110100111
11010000100000011000100010111011111011111110000
10000111001000110001101101000011011110010111010
01110011100001010101101010001100110110000100111
01101000010001010110101111100101001010110011001
10100100000011101100111010001111011000101001110
11100110001110111010001110101000110100100010001
01010111010010101001110001101100100010110011100
10111011001010000110110000110101101100100110010
11101110100000100111010110100011100011000101100
00111110111001011001001000110001010001100011110
10111100001101000001100111111110000110001010100
00110001111000101000011110111111000100010101001
00101100010110010001010000101111111111010000011
11000010111011000010110100011110010011000011011
01011100011010110100010010010000011110001111101
01110001100111110011111000100010001101001011000
00111010100111101000000101001001101010001111011
00100111010001011010110101110010111000001100101
01000001001101101010000011110101111111000001110
11111101000110000010101001011001010001010101101
10100000111010111011100001000101000111101100101
11101010110100101100111001110000010110011000010
10010000110100110111011101011101111000000010100
11101011011101111100000000001110001001010110100
10011010000000011010011011000110100101011011111
00011111101000100110001001101110011011101000001
11010100011100001101101100100100101001001101011
01110001001100001111010100000011010010111010111
00001101110100001010111110001000001111100110110
11001001100010011101000101111010001100100001111
01010110000111011100011101010111000111100100000
01000100111011000110001001101011100100011110110
10001001101111010000011100100100110010111101100
01100110101100010011010011011100001000111101010
10000011010101000101010011101001010101101111001
11011111110011001011000110000101011100011000000
00011000001011111111110111101000010001010100010
00001011011110011111101010011011100010001001000
11011101111101110000110011000011100000100000011
00000111100110110100100110110101000001011010111
01001010001001100001111100011001101101111000101
01101001010010100001001111010110110001101110010
10110101010001110110000100011000100111111001010
10100101101011001101011011010000101011010010001
00110010111110000100100111000010111101110001100
59
00000111010110000111101100100110000000110110010001111111011
10101001110111010011100011111010111000110001001001010000001
10000101100001100010111101111110110100001011110000101001100
11101110110100101000011100001111110001010101010011010100000
10100001100001111101100101100001010101010010100111011110010
01001010100101011100111001110000101001111100110000010011110
01101000111010001100011111101010010100011000011100101010011
00010110110110111001010111010010110000100110101100001110100
10000000000111101110010010110011101110111100010111101100000
00101100101001001011010000100100100001101111001111111010101
11111101100100000010110111000001101110000100000000111110111
00101010010010011000000001111111101111000011000001101111110
00111100011000100011000101111001001101111100111000011101000
10010011001110001000101110101010001101001101101011011010100
11000110011101011011100010111101010101000100010100001000111
10110010111011000111011001010110011011000100100010111000010
11100000001010010001110100011000110010101101110011001111011
01110001011111101010110011100100010011011111000000000111000
00011111000101001001011001001100011110111001100101001100011
00110110101101000100101110111001110011101010001001100100010
00010011110110010010010000100001110101001001111110110101011
11001000000111100001001111101100101001000110101110100101011
01001001111110101100100000011101011000101010100010111100101
01000100110100110110101001001000011111100101001111101011000
10111100010110011010101101010000000011011010110111100000101
10010000110001101001101000011011000010011101001100110111111
00010001001000011010001111011101111000110111010110110010010
10011010011001000110110100001010111101110010000110000111101
10001101111000010100100010000110101011011111111100001100010
01001111101011001001100111010010000111100001010110110101000
00001100011010101111111110100001111010000001100101010001110
11100111010001011110010110011100001000001000101101110111000
10001010000011110110001111000101010011101001011000011110101
10000100111111000000010011001101000110110010111011010011110
10111011010000101101100011000100110100101100011011100001110
11010101010000011101011011101011100011101010000010011001001
11111111010011100000111000110001001000100011011110001010010
11100011101000001010001001100011011010100110111101000101101
00111010001101110100110011001011000000000111110101111001001
00100001011101111001111100000111101111100000111000100010001
11011001001100110000010100110110010011110000001101111001110
01101010000100000011101010010111110110011010101110011011000
01010110101011111010100101000111101000011000001011001001011
10001111101010110001011010010001011101011110000001100011001
11010010111100100101000101110100101110001011010101010010001
01001001011101010111011101010011000100001111001011000100110
10111100101100111110001010110110000100100001100010000111011
11110100001111011101001000000000111100010011011000111101100
11100111001110100111000001001011100001111001100100100010110
00100111001010110100111001111100100110010100001110010100101
01011101000011101110000000011010110111000110111001010010011
00100011100100101111010110011000001011010011011010001001111
01010100000000000101110011110111011001010001111011100110101
01100110010001110000000110100010011110111111100010110000111
01110000100010110011111010001110001101101010010101010100110
01011011111001110011001010101000100010010000110011101110100
11011010100010011111110100101101000110110111101000100000000
01110001110011000100001110010101100101110101100101001001101
00111101100111010101000100101111011010001100010110000011100
67
0010100000111001110001110010010001011011101001110001111111101000100
1000000110111110110111111011110111111010010000100010000000110100000
0100011001001101101111000110000011110110111001011001100000110101100
1110110101010000110111001000000001100001110010110111010011010110101
0110001111010110111000110111011001000001010000011011100101100011001
1100101110001001010111000111010100010111010110000100111100100010101
1101000011110001000001101011101001000111011111000011100101010100110
1010001001001110100110101011101100001100011011110000111011000011100
1011000101010100101011001000011101110111001101111100001100100010010
1100010000010110001000011011010000111110100100000111111011100111110
0011110111000011000101010010101111111011010100001001001011000011100
0010010100100011101101010101010110100100011110110011111101010000010
0001101011110100001111110000110011110100100010100000110101000011111
1001011000110010101110110100101001010111010110010001011010101100001
1011011010001000011001011111100100110000000011111001000111100100111
0101100111001110111010011101001101010010101010000001011001011000110
0000011001101010010011011110001011101101110011000110001101101010010
0010001111111100001101001101110000011101110101001101010011011000000
1101011100100000100000111110100100110011111000101100110101011011000
1000101011000011101001011000110101001000111110011110010100101101100
1000101001110010011101000011000110010011001001011010011001011111011
0000100101000101001000110111111010100011010011110100010010111110110
0011010011110011110110000111110100000101101000100101000000101111110
0011011110000000010010100001110011011010111011011111111000000110010
1010110000111100000011110101011100100010111111001011000000001011101
1101001111101000000110010001011010100001101100111010101011101100100
0001000010011101010100011100100101100001111101010010111010110011011
1011000010101100101100000010001010001011110010101111011100110001111
1011110011010001100010001101011010111000010001000000111101111101001
0011001100100111101010000011000101111001100111000010100110011110101
1111010001011010011110110010010111000000010101001100110110011000110
1011101001001100110001010101100011000110000100100111101110011111000
1001111111000111011100101010010000100110111001100011001110001000001
0000010101010010011011101101100010001011101110101000101110110001101
1000111100000101010110110001001101001101100101101001010101110101010
0001101100010000100101101111001111101100001000001111110010101000111
0011111010011111001011101110001110000011100100110110110001000100000
1101100000100011001111011111111001001000100001111101101000010010001
0001100100011010110100100110111000110100100111011110001101010101100
0110000101011011000100011000101110010110100011101011110100101110001
0100111110110110000011000000101100010000010001110111101110111001110
1000000011001011000010100100010101111111000010111111100011011001011
0101110001101110110001000001111100101111110000011000110110000100011
1111100100001011101011110001100010010101111001000110000011100001011
1110100011100000011010100110101110111100101100010011010110110010000
0101110001111101001100100101000101011000011010101110001111100110000
0010111001100101110110011010111000010010001110001110100011110000011
0100011001101001111000101001111111110001000101100111011000000001101
1101011101011101100001100010110110001000100110010001001001111010011
1110101100111111000010001110110011100001001010001001011110000101010
1010010110101111011001100000101001100100001000001100111001111110101
0100010110001000101111000110111001001010001101100010010111001111011
0101000010100111110111101001000010100010000111011101010111101011000
0110101010100010100000101100010111000110110101101000001011110110111
0111101000001010011101101000011000111001011110100001100000111111010
0111000101100101010011111110000000011100010100111010011000001101111
0110111010011001101110111001100000101111000000011010001100011010110
0110010010000100000101111011011111010101101010010100001110011101001
0001001100111001011010011000011110001110011000010101000111010111101
1000110111101110100100111100000010011001001101010101100100000110111
0111111111111010000000010011000001101110001111110100010000110001001
1000110110111001111000001011001011010100110110111000100010001011010
1110001000010111010100000101101011111010111100110100000101001000111
1101011010010111110001010100011010011101001011101010010010010010100
0100100010010100111010010010100110101101011111101101101001001100001
1111110100100100011100001100110111001111000011010010100001101001100
1110001111110001111101110100001100101010100011000100101010000101010
71
00000101010001001100011110100110101011010111010000111101110111110001000
10011000001111011011101101100011101001110011111010000110010010101000000
11010001101011110000010010001001001011111101110100011010000100111101001
10001010011000001100110001111110010111010101100111001010010000111011100
10100101111100000010110011110011010000111001010011111101000110001000101
01110001110110000111100011000100111100010101111000110010110000110010101
11101100101001001001011111010000110000000011111110001011100100010011011
01010010011100001001010110111000101101101000011001001010111111011000101
11010001000100001110011011101001000111100011100110110110101101000010110
01100010101010001000100011100111101001000010000101111110101010101111011
10000100100001011111110100100000111100111100100100011100101010011110110
10110010011010111001011000100100110100100101010010110011001110100101110
10011011101000100101100011011010100100001110110010011100110111100100010
00011101110110001001010000111011111001001101101001010111000001000111010
11011111111001010010000001101001111010000011000001000001111110110110100
10011111110011000001011101011100000101110010010001110100001000111010011
00101100000010110001010111001101010010010001101001011110111111101000110
01101011010101111010111010001000001100011010110001001111000010100011110
10110011010111011000111011000010011010000100001010001100011101011110011
10111000110000100110101100101000011001010010101011111010001111010101001
10100011100101111000000110111110110010100010111101110110010000010100100
01000100010010100001101011111010001010111011011110010000011010010111110
00111101011011101000100100110001000010001100110110100110101011110010101
00111100110111100110010011100100100001101010000110001011010001111100110
01010000001101110001001001010110111001011000100111111101001101110010100
10100001001101000101101000101101000000101001111001101001111001111111010
00100110000010011110000010010001110101111011110011000100011101110111001
11100100111100101111000101001110011010101110010000000110001101101011000
11001110011100000010001110100111000100011100101100010111011100110100011
01101011101011100111011000100011010101000000011100010100010111011011100
00100111101100111101001101100001001111001111001011011000000000110000111
10010111001110010111110110010000010011001010001100111011011010100011000
00111000100000011111011001011111001110001001010100101111011010010100001
11100001110010010100011101001010100001101100101111000101111010100001101
00011010100110011000101101101101010000111110010100011001110101000011101
11101010010001101011111111010001011001101101000101110000110001100100000
01001111011111010101000111101100011100100001100110101100000011000101001
00001110001110101110111001011000101010100000101000110101100100111101101
10010110010011101111001010001111100000001111101101101000000110001010101
00000011110111100010101101010111110111101001100000001010101110010001010
11010110110100111011100000000100000011000001110111010101110011011001011
01001011110000111101110111100101100011011000111010100001001100001110000
00111101001101001010001011001100110111011100011111010000101010001101000
00000001011010010111101110011101011001000110010111000111100100011100110
10001001010100110010010100010111101100000011011110011000101001101111101
00010000111001101011000110001011010111110000001010101101110000100111111
10111000111110110100001110110000101110011001000101100100110100001011010
11001101000111111111000001110010000001010100010001101010111100000101111
10100101011001111100100001011101101101110000001100010011010111000010011
11100110101110000010011100011101101011010100110010101000010011000110110
01110011001011101110010100111110011000011011100010010001111000001000011
01010011000000100110001101110000110010110101011101001111000011101110011
01000100100101110000111000111100010101001111001010100110110110101110001
00110111000100100001010101000011001100110110100111100011110110011111000
10001000001010110010010011100110011111101110111001100001100011010010011
01110101111010011011111000110110000110110010101101001000100101100100000
01111000000101010111110110111111100010100100000011010000000110110011011
00101010111101010101001010010010000011110111100000010011101011001110101
11111110000011000100100100000110001111101001011011011111100100000110100
01010100011001010100111101000011110110001010110001110010010001001101111
00110110100001010010100111111010001101000101111100100001001101101001110
01111110011100110100110000001011110001110111011100101100101000010000010
00001011101001000011110000000100101010111111001111100110011101000001111
01001000110111001100000000010001011110100110111111111001011110101000010
10000110100111100101111010101011111110010000010111000011101001100000001
11011111100000011100001010010111011000111000001010100010100011111001110
11101001000110001001100100001010110111011011000100100001000111111100111
01001101101010111010101110001010100100100101000011111011011001011010000
11100010010011010011000001111001100110011110001010111111100001011001000
11111101000000100001101010110101111111100110100000001101011000001001101
11010000101111101100110111010101000100010111001001000101001011010101100
22
0111001110100110110000
0010101100001101100111
0001101001010011111010
0100110100100011011101
1000011111001010101001
1110001000111000011011
0001000110110000101111
0010010000111111101000
0111010101011010000110
1101011100000101001010
0110100011000110001011
1101100001101100101100
1011001001100011000101
0011111010001000011100
0100011001010100110101
1000111010110110000110
0001010011101101010011
0100101111111001000000
1100000010001011110110
1010110101100000110010
1001100100011110010001
1010000111010101011100
66
000000110111110110111111011110111111010010000100010000000110100000
100011001001101101111000110000011110110111001011001100000110101100
110110101010000110111001000000001100001110010110111010011010110101
110001111010110111000110111011001000001010000011011100101100011001
100101110001001010111000111010100010111010110000100111100100010101
101000011110001000001101011101001000111011111000011100101010100110
010001001001110100110101011101100001100011011110000111011000011100
011000101010100101011001000011101110111001101111100001100100010010
100010000010110001000011011010000111110100100000111111011100111110
011110111000011000101010010101111111011010100001001001011000011100
010010100100011101101010101010110100100011110110011111101010000010
001101011110100001111110000110011110100100010100000110101000011111
001011000110010101110110100101001010111010110010001011010101100001
011011010001000011001011111100100110000000011111001000111100100111
101100111001110111010011101001101010010101010000001011001011000110
000011001101010010011011110001011101101110011000110001101101010010
010001111111100001101001101110000011101110101001101010011011000000
101011100100000100000111110100100110011111000101100110101011011000
000101011000011101001011000110101001000111110011110010100101101100
000101001110010011101000011000110010011001001011010011001011111011
000100101000101001000110111111010100011010011110100010010111110110
011010011110011110110000111110100000101101000100101000000101111110
011011110000000010010100001110011011010111011011111111000000110010
010110000111100000011110101011100100010111111001011000000001011101
101001111101000000110010001011010100001101100111010101011101100100
001000010011101010100011100100101100001111101010010111010110011011
011000010101100101100000010001010001011110010101111011100110001111
011110011010001100010001101011010111000010001000000111101111101001
011001100100111101010000011000101111001100111000010100110011110101
111010001011010011110110010010111000000010101001100110110011000110
011101001001100110001010101100011000110000100100111101110011111000
001111111000111011100101010010000100110111001100011001110001000001
000010101010010011011101101100010001011101110101000101110110001101
000111100000101010110110001001101001101100101101001010101110101010
001101100010000100101101111001111101100001000001111110010101000111
011111010011111001011101110001110000011100100110110110001000100000
101100000100011001111011111111001001000100001111101101000010010001
001100100011010110100100110111000110100100111011110001101010101100
110000101011011000100011000101110010110100011101011110100101110001
100111110110110000011000000101100010000010001110111101110111001110
000000011001011000010100100010101111111000010111111100011011001011
101110001101110110001000001111100101111110000011000110110000100011
111100100001011101011110001100010010101111001000110000011100001011
110100011100000011010100110101110111100101100010011010110110010000
101110001111101001100100101000101011000011010101110001111100110000
010111001100101110110011010111000010010001110001110100011110000011
100011001101001111000101001111111110001000101100111011000000001101
101011101011101100001100010110110001000100110010001001001111010011
110101100111111000010001110110011100001001010001001011110000101010
010010110101111011001100000101001100100001000001100111001111110101
100010110001000101111000110111001001010001101100010010111001111011
101000010100111110111101001000010100010000111011101010111101011000
110101010100010100000101100010111000110110101101000001011110110111
111101000001010011101101000011000111001011110100001100000111111010
111000101100101010011111110000000011100010100111010011000001101111
110111010011001101110111001100000101111000000011010001100011010110
110010010000100000101111011011111010101101010010100001110011101001
001001100111001011010011000011110001110011000010101000111010111101
000110111101110100100111100000010011001001101010101100100000110111
111111111111010000000010011000001101110001111110100010000110001001
000110110111001111000001011001011010100110110111000100010001011010
110001000010111010100000101101011111010111100110100000101001000111
101011010010111110001010100011010011101001011101010010010010010100
100100010010100111010010010100110101101011111101101101001001100001
111110100100100011100001100110111001111000011010010100001101001100
110001111110001111101110100001100101010100011000100101010000101010
70
0011000001111011011101101100011101001110011111010000110010010101000000
1010001101011110000010010001001001011111101110100011010000100111101001
0001010011000001100110001111110010111010101100111001010010000111011100
0100101111100000010110011110011010000111001010011111101000110001000101
1110001110110000111100011000100111100010101111000110010110000110010101
1101100101001001001011111010000110000000011111110001011100100010011011
1010010011100001001010110111000101101101000011001001010111111011000101
1010001000100001110011011101001000111100011100110110110101101000010110
1100010101010001000100011100111101001000010000101111110101010101111011
0000100100001011111110100100000111100111100100100011100101010011110110
0110010011010111001011000100100110100100101010010110011001110100101110
0011011101000100101100011011010100100001110110010011100110111100100010
0011101110110001001010000111011111001001101101001010111000001000111010
1011111111001010010000001101001111010000011000001000001111110110110100
0011111110011000001011101011100000101110010010001110100001000111010011
0101100000010110001010111001101010010010001101001011110111111101000110
1101011010101111010111010001000001100011010110001001111000010100011110
0110011010111011000111011000010011010000100001010001100011101011110011
0111000110000100110101100101000011001010010101011111010001111010101001
0100011100101111000000110111110110010100010111101110110010000010100100
1000100010010100001101011111010001010111011011110010000011010010111110
0111101011011101000100100110001000010001100110110100110101011110010101
0111100110111100110010011100100100001101010000110001011010001111100110
1010000001101110001001001010110111001011000100111111101001101110010100
0100001001101000101101000101101000000101001111001101001111001111111010
0100110000010011110000010010001110101111011110011000100011101110111001
1100100111100101111000101001110011010101110010000000110001101101011000
1001110011100000010001110100111000100011100101100010111011100110100011
1101011101011100111011000100011010101000000011100010100010111011011100
0100111101100111101001101100001001111001111001011011000000000110000111
0010111001110010111110110010000010011001010001100111011011010100011000
0111000100000011111011001011111001110001001010100101111011010010100001
1100001110010010100011101001010100001101100101111000101111010100001101
0011010100110011000101101101101010000111110010100011001110101000011101
1101010010001101011111111010001011001101101000101110000110001100100000
1001111011111010101000111101100011100100001100110101100000011000101001
0001110001110101110111001011000101010100000101000110101100100111101101
0010110010011101111001010001111100000001111101101101000000110001010101
0000011110111100010101101010111110111101001100000001010101110010001010
1010110110100111011100000000100000011000001110111010101110011011001011
1001011110000111101110111100101100011011000111010100001001100001110000
0111101001101001010001011001100110111011100011111010000101010001101000
0000001011010010111101110011101011001000110010111000111100100011100110
0001001010100110010010100010111101100000011011110011000101001101111101
0010000111001101011000110001011010111110000001010101101110000100111111
0111000111110110100001110110000101110011001000101100100110100001011010
1001101000111111111000001110010000001010100010001101010111100000101111
0100101011001111100100001011101101101110000001100010011010111000010011
1100110101110000010011100011101101011010100110010101000010011000110110
1110011001011101110010100111110011000011011100010010001111000001000011
1010011000000100110001101110000110010110101011101001111000011101110011
1000100100101110000111000111100010101001111001010100110110110101110001
0110111000100100001010101000011001100110110100111100011110110011111000
0001000001010110010010011100110011111101110111001100001100011010010011
1110101111010011011111000110110000110110010101101001000100101100100000
1111000000101010111110110111111100010100100000011010000000110110011011
0101010111101010101001010010010000011110111100000010011101011001110101
1111110000011000100100100000110001111101001011011011111100100000110100
1010100011001010100111101000011110110001010110001110010010001001101111
0110110100001010010100111111010001101000101111100100001001101101001110
1111110011100110100110000001011110001110111011100101100101000010000010
0001011101001000011110000000100101010111111001111100110011101000001111
1001000110111001100000000010001011110100110111111111001011110101000010
0000110100111100101111010101011111110010000010111000011101001100000001
1011111100000011100001010010111011000111000001010100010100011111001110
1101001000110001001100100001010110111011011000100100001000111111100111
1001101101010111010101110001010100100100101000011111011011001011010000
1100010010011010011000001111001100110011110001010111111100001011001000
1111101000000100001101010110101111111100110100000001101011000001001101
1010000101111101100110111010101000100010111001001000101001011010101100
75
000000000000000000000000000000000000000000000000000000000000000000000000000
100000000000000000000000000000000000000000000000000000000000000000000000000
110000000000000000000000000000000000000000000000000000000000000000000000000
111000000000000000000000000000000000000000000000000000000000000000000000000
111100000000000000000000000000000000000000000000000000000000000000000000000
111110000000000000000000000000000000000000000000000000000000000000000000000
111111000000000000000000000000000000000000000000000000000000000000000000000
111111100000000000000000000000000000000000000000000000000000000000000000000
111111110000000000000000000000000000000000000000000000000000000000000000000
111111111000000000000000000000000000000000000000000000000000000000000000000
111111111100000000000000000000000000000000000000000000000000000000000000000
111111111110000000000000000000000000000000000000000000000000000000000000000
111111111111000000000000000000000000000000000000000000000000000000000000000
111111111111100000000000000000000000000000000000000000000000000000000000000
111111111111110000000000000000000000000000000000000000000000000000000000000
111111111111111000000000000000000000000000000000000000000000000000000000000
111111111111111100000000000000000000000000000000000000000000000000000000000
111111111111111110000000000000000000000000000000000000000000000000000000000
111111111111111111000000000000000000000000000000000000000000000000000000000
111111111111111111100000000000000000000000000000000000000000000000000000000
111111111111111111110000000000000000000000000000000000000000000000000000000
111111111111111111111000000000000000000000000000000000000000000000000000000
111111111111111111111100000000000000000000000000000000000000000000000000000
111111111111111111111110000000000000000000000000000000000000000000000000000
111111111111111111111111000000000000000000000000000000000000000000000000000
111111111111111111111111100000000000000000000000000000000000000000000000000
111111111111111111111111110000000000000000000000000000000000000000000000000
111111111111111111111111111000000000000000000000000000000000000000000000000
111111111111111111111111111100000000000000000000000000000000000000000000000
111111111111111111111111111110000000000000000000000000000000000000000000000
111111111111111111111111111111000000000000000000000000000000000000000000000
111111111111111111111111111111100000000000000000000000000000000000000000000
111111111111111111111111111111110000000000000000000000000000000000000000000
111111111111111111111111111111111000000000000000000000000000000000000000000
111111111111111111111111111111111100000000000000000000000000000000000000000
111111111111111111111111111111111110000000000000000000000000000000000000000
111111111111111111111111111111111111000000000000000000000000000000000000000
111111111111111111111111111111111111100000000000000000000000000000000000000
111111111111111111111111111111111111110000000000000000000000000000000000000
111111111111111111111111111111111111111000000000000000000000000000000000000
111111111111111111111111111111111111111100000000000000000000000000000000000
111111111111111111111111111111111111111110000000000000000000000000000000000
111111111111111111111111111111111111111111000000000000000000000000000000000
111111111111111111111111111111111111111111100000000000000000000000000000000
111111111111111111111111111111111111111111110000000000000000000000000000000
111111111111111111111111111111111111111111111000000000000000000000000000000
111111111111111111111111111111111111111111111100000000000000000000000000000
111111111111111111111111111111111111111111111110000000000000000000000000000
111111111111111111111111111111111111111111111111000000000000000000000000000
111111111111111111111111111111111111111111111111100000000000000000000000000
111111111111111111111111111111111111111111111111110000000000000000000000000
111111111111111111111111111111111111111111111111111000000000000000000000000
111111111111111111111111111111111111111111111111111100000000000000000000000
111111111111111111111111111111111111111111111111111110000000000000000000000
111111111111111111111111111111111111111111111111111111000000000000000000000
111111111111111111111111111111111111111111111111111111100000000000000000000
111111111111111111111111111111111111111111111111111111110000000000000000000
111111111111111111111111111111111111111111111111111111111000000000000000000
111111111111111111111111111111111111111111111111111111111100000000000000000
111111111111111111111111111111111111111111111111111111111110000000000000000
111111111111111111111111111111111111111111111111111111111111000000000000000
111111111111111111111111111111111111111111111111111111111111100000000000000
111111111111111111111111111111111111111111111111111111111111110000000000000
111111111111111111111111111111111111111111111111111111111111111000000000000
111111111111111111111111111111111111111111111111111111111111111100000000000
111111111111111111111111111111111111111111111111111111111111111110000000000
111111111111111111111111111111111111111111111111111111111111111111000000000
111111111111111111111111111111111111111111111111111111111111111111100000000
111111111111111111111111111111111111111111111111111111111111111111110000000
111111111111111111111111111111111111111111111111111111111111111111111000000
111111111111111111111111111111111111111111111111111111111111111111111100000
111111111111111111111111111111111111111111111111111111111111111111111110000
111111111111111111111111111111111111111111111111111111111111111111111111001
111111111111111111111111111111111111111111111111111111111111111111111111100
111111111111111111111111111111111111111111111111111111111111111111111111010
