75
000000000000000000000000000000000000000000000000000000000000000000000000000
100000000000000000000000000000000000000000000000000000000000000000000000000
110000000000000000000000000000000000000000000000000000000000000000000000000
111000000000000000000000000000000000000000000000000000000000000000000000000
111100000000000000000000000000000000000000000000000000000000000000000000000
111110000000000000000000000000000000000000000000000000000000000000000000000
111111000000000000000000000000000000000000000000000000000000000000000000000
111111100000000000000000000000000000000000000000000000000000000000000000000
111111110011110111010001001101111000101000110010010100111101000110111000001
111111111011011100010011011000111001011000001101001010101110111010010000110
111111110001000000011111001110010011110011111010101000010111000011010001111
111111110000000111100011000011011011100110000111011010011110011000101101011
111111110111001111001000111010100101000011011011001101011100010000110010011
111111110011101110000010100101101011111111110000011110000000011001010011100
111111111011000011111001100001000111110000100111001111100011010110000010101
111111110010001001100011110011110100111011010110110000101001100010100011110
111111110110000101000001011110001110110000110111100110000100101101011110110
111111110110010000111011101001100010011001101011011000010101111001101110000
111111111110110010000101001011111101101010001010101011000000001011100110101
111111110001110110100000011001000110011100011011111001000011101100110001111
111111111101010110110110010010101111111101100110000100110000100001100000011
111111111101111111010010010011010000110011101101111101000101000000001100100
111111111000101010110000111110010010101010101100001010001001110101111010011
111111110000110000011110000111110101001001000111010111000100110100011011111
111111111111000010111101010010100001100100110000110011001101111000111001100
111111111011011001100001000100110101110111101000010001010010101100011110011
111111110001011100001101110110101000111100000110111001001111010101000110001
111111110101101101111100100001101001100010001111110010010001101111010000010
111111111100011001010000010101001011100001011010011011111110100101100011100
111111110110100010001010111000011101101101110100011011010111100110000100010
111111110011001010010110000011001100000100111001111000111000110111001110111
111111110000111011011000101110101101110000000000101100110011111000101101110
111111110010101101010111110000000010101101001010100111010010110010111100101
111111111111010001000110101110001010000111000110011001100001011110111000110
111111111100100100100101111101110001000100111110111100110010010000001010110
111111111000000111010110001000101100011011111110100011011011011100001011000
111111110100100001010001000000100111011110101100111101101100010111110101010
111111111001100000100011100111101110000001011100101111111101101000010100001
111111110011101010000100110110110110010000101111010011110110001011101001000
111111111110101111100111000110010001011000010011001001110001110101010101000
111111111100001011011001101011111010011101010001110011100010000001011000011
111111111101001010110010101100110010101100000011100101011100001110000111110
111111110101100100110001001110011100010111000001010111011011110011100010100
111111110101001001101111011100011100101001101001111110100000011100100001001
111111111001011110001001101001010100000111100110100010110100110101110101100
111111111010110001110000110010111000000111110011101100000110111111000001001
111111110100010000000110110001110000110010110001000111111011011101110100111
111111111010010100101010111011011111110000001000110101011000010111011001000
111111111101111001001011010011000100001100100010001110011011001011011011010
111111110110101010101010000000011001010101001110100100101111001101111010101
111111111000000110001001110100001001001011101011010101101001101011001101111
111111110111000101110010111111100101001110001000000010100111000101001101101
111111111010100101011100011000110110100101000101011000111001001001010111101
111111111111010111001010000100110010000000011100110110000011110011100111011
111111110011110011110111111101001001000001100101100001001010000001110111010
111111110100011110110111101000000100100010010100011101100110101011011011001
111111110010011011111101010101011110001110011100000101010101011001000000110
111111110000011100111010010100111111000110110011101011100001000010111110000
111111111000110111101111100100100100110101011001001010001100000111101000110
111111110101110010101001010010101010101011011101000000110010010110011111100
111111111011111000100100001000000111101011010011110110101111010001001100010
111111111010000110111100010111000000011011000000111110110110001110110110010
111111111010101100001111001011101010100110101001000101100111100100100011010
111111110111110101101100100000011010011010100000101011111100100000001011111
111111110001110011011111111010010011010110011010010110101000101100000110000
111111111101101100010101110001011111010001010000000000000101011110101111011
111111110110011010000101011101100011010111000101101110011001100110001001001
111111110001001101101100001011110011001001110100001101001010101111101100100
111111110110111100111000001111000000110101111110000011101000011010000101011
111111111110111100011011100110000111001010110101110000011010001100100000101
111111111111000000011100100101011100111110011111001100001010100000111101000
111111111100101011101110011101101110010010100010010000001110110010010100101
111111111001100001001010011101000001111110010101100001110100111011101010001
111111111000011001100100101010001001011100111101010110010101000010110111101
111111110100010111000100100111010111101101101001100000101111111010010010000
75
000000000000000000000000000000000000000000000000000000000000000000000000000
100000000000000000000000000000000000000000000000000000000000000000000000000
110000000000000000000000000000000000000000000000000000000000000000000000000
111000000000000000000000000000000000000000000000000000000000000000000000000
111100000000000000000000000000000000000000000000000000000000000000000000000
111110000000000000000000000000000000000000000000000000000000000000000000000
111111000000000000000000000000000000000000000000000000000000000000000000000
111111100000000000000000000000000000000000000000000000000000000000000000000
111111110100011101010000011000010110010111110111010011110101111001000010100
111111110001011000110010010001011100111101101100000110101000011110011110011
111111111101101110111001101000101010011100000101110010001000100001011110101
111111111000100100000101011000110101111110001001011110110010101010100100111
111111111100010010101011100110110000011110111100010110110110001101010001000
111111110011000001111101101011001101001011010101001010110010011001011000110
111111110001110001011110001110011010011101001111100111000110000000100001111
111111110100111011001110000101100001110001101101101000110000101001001111110
111111111101011000000001001001111001010000010110101101011011111100010001111
111111110111100010000011001110010010110010000111000010011011011111101110010
111111111001001111001100010111011010011001000010011100110010110101110110000
111111110001100111100101100000100100010001101010100111101011011011110011100
111111111101000011010010011000101111001001111000110100011111001001101100010
111111111110100011001010111000011100110011010000101110000100110011010011011
111111111011010010110001010111110101000101000011110111010000100011001011010
111111111100001100101100000110001111010111000000001111001101001111001101110
111111111101001111101011010011000110100000001101010001010100011010110001111
111111110010111111010001000110011111101000110100011100001010001011000011101
111111110100100100110011110111101011111101010010000000100001111001100001011
111111111111010010011100100010000001111010100010010101101100111000101010111
111111111111000110011100000000111111100100111111001010100001000100110011010
111111111011101001011101010110110100110100011000100000111101010101001000101
111111111100011001100101110100001111100010101111100110000010110101101000001
111111110010010100011001101100101110110001101010010000010110110110011101110
111111111001100101010010100101000010000110110100111110111000110110101001110
111111110010101111100000001100001001001110001011110100110101011100011011011
111111110101110110010110000101000101011000011001011011000111110111011000001
111111111110101001110100100001011000101000001110010011111111100011000101010
111111111010111010111011000000001110011011011011101001111000101110100000000
111111110000010000001010110010101101001000000111111010111101010111100111101
111111111000000111010111100011111000000011011111000100000101101110001110101
111111110000010111111100110100110011111010010101100101011001010010010100010
111111110110001110111010111011010011010000101010101110110011000010001000101
111111110011100011000000110111101111010110101110001011011100101000010100001
111111110011011011100111101001000111111100010000000110010101100100100111100
111111110111001101110011100100110101010011000100111001100110000100100110011
111111111010010011100111011100001000010100110110011001100001000011111100111
111111110001000000111111001101010110100010100011111100101101101001010101001
111111110111110100001101110001001010000100110001100101110110001111000110011
111111110100100010111101011101011001000011111000010011011000010100100111101
111111111101110001100001111110010011001001101001001000101101100110010010110
111111110100011111010101001011100000101111100010101010011100000111110000011
111111111110101001011010101101110101001100100011000101000000011111110100100
111111111010010101000000101011010011110001011001110011101000001101111101001
111111110000000110101000111101010100101100011110101001001110101101101010110
111111110111110101101100011011111100011010100100110000000001101110101001000
111111110010001011001111110000110010001101100001011011001011111100001001011
111111110110001000010101011110100010001000011100101111100100111010111111000
111111111001111100100110101010110110001010111010001001010000010001001111011
111111110111010111110010011010101000100110001001001101101010110101000101100
111111111110000100000111101111001100111101101101111101011001010000000010000
111111110111111100100110110100111000100001010011011110011100001000111000100
111111110100111001011001110011000100010110011011011100001011000000111111010
111111110011101100001011010010000001101011111110110111000001100101010100110
111111110010001000100110000011111011010110111001110000001110110011110010110
111111111011011100011110111100000001000111001100000000011011101011110011001
111111111010111110101000001111100100000001110101000110101111110000100100011
111111110101001010000000100110011100101111110001100001110011100010111101101
111111111110110110000111010001010111001111000110100000101110010000011101100
111111111001001101001011011101101001111010110011000011101110000010001011000
111111111001101010110100111010000001110101110111111000000110011110000101000
111111111000111010010110111111101110100010000000110011100011001100010010110
111111110001111010001001101001111011100111001100011101100101010011101000000
111111111111010001101000000101100010101111011010111010000011011010000110101
111111110100100001101110001010100111100101010110010101111010100110011010001
111111111010100000110000010001100010111011100101001101010111000101111011101
111111111000110101111011000010011001100100100000101011010111111000111110000
75
000000000000000000000000000000000000000000000000000000000000000000000000000
100000000000000000000000000000000000000000000000000000000000000000000000000
110000000000000000000000000000000000000000000000000000000000000000000000000
111000000000000000000000000000000000000000000000000000000000000000000000000
111100000000000000000000000000000000000000000000000000000000000000000000000
111110000000000000000000000000000000000000000000000000000000000000000000000
111111000000000000000000000000000000000000000000000000000000000000000000000
111111100000000000000000000000000000000000000000000000000000000000000000000
111111110000001011110010100111100101110110111011110110000010000010110111000
111111111010100111100100111100000011110101100110100010010101100111011010000
111111111000011101000100110101111110000000100000101111101011001011010011011
111111111110110000100101100011110011011110001010100111011110010000000010101
111111111010001101101001110001101101011011001101001011000000111010111000100
111111111100100000111111000100100100011000100110110011110011011001111100010
111111110101010010000110110000100010111011100011010011001001111110100011110
111111111001011000101100100011001110101001101011000100110111100101110100100
111111110011110101101111101001001000111100010001100101001001001001101111000
111111110001011100011010001100111011111000010110100001010110101010110010101
111111110010001001001111100110011000100001111110001011011110010100101011010
111111110111101110100010000011001010101010011010101010000011011111011000011
111111111111001000010111101001010001000011010001010010110111001011011011100
111111111000100001010010011011111000001110111110000011001101101101010101100
111111110111100100000001010101011111110010101010010001101110100011101101000
111111111110001101010100001001010000101010101101110101010000110111100110011
111111110000010001010111010111001111101110000101111000000111110001001010110
111111111001010111111001000000010010000111111001110011001111100000111000011
111111111011111100110010110110000101001001101000110001000100001100001111111
111111110001101110011101010001101101001101110011000010011100010011000110011
111111110110111011001011010101010000000101001010100100100101111010110110110
111111110100011001100000011000001110011111011110010110110100001001101011011
111111110100000110111011111011010111000000000011101111010100101101100001010
111111111100111110010000101101001010000111100111101000011010011000101101100
111111111101011000001001011010100001110100101101100100001110011111011001010
111111110101001011111101010010011010011110100000101001110000000110011111100
111111111000110010101101001110001001100010001000011010011000101011110111111
111111110010011110110101010011010100110000110110010100011001111000011001101
111111110011110000001100011111110100001111110000111110010010101110101000000
111111110010000100111101111110110010101111001111000000100011001010000101011
111111111110000000101010010010111011000001110111111100001001000011101110101
111111110010111101111011001000100011001011100010011100101010110101010011000
111111110110010111100000001110101001001000110001000111110111110010001101110
111111111011010011010111100000101111000010011110100100111000101110001100010
111111110001100011011000100011100010010001001100011101010111111011001111001
111111110111111100000011101010111110010100101101011010010001100000010110010
111111110110011011001000100100110101101110000011011001011101001101011100001
111111111011001110011010011110100110100110001000000111111001010001101010100
111111110010100010001001111000001110100010110101110111100110011100010110101
111111110111010001110110001011000111100101100100001011101100011010110100001
111111110000101100101110000101000011010110111101011101111101001110000000110
111111110111100111110100000110111100010011000101000100001110001101110010110
111111111101011111001111011111001001010011000110010111000011000100000100001
111111110100111001111110111100010110010000011001000010001010110111001100101
111111110000000111000011101010011101011101101000110000111011011111100000101
111111111100000100011000100111011011111101010000010110101000111100011110010
111111111101101011110101111100111011101000111000011100000101011000100000000
111111111010101010010110111010001000011100000011011101101110100010111000011
111111111100110101011001101011100100110010110010001000100101000110101010111
111111111010111010010001000000010111111101010100001111000011000111100101110
111111110100101010000101001111100111001001011101100001101001100100111011001
111111111001100001100011001101111110100101000011010101010000010110011001111
111111111011010010111000001101011100011000001111111010101101010110000011000
111111111110000111001110011001100110111001011000111000011110000000010101110
111111111101000100100011110100000100001110010100001100011111110110110111001
111111111011110011001010110111010011011010110101000000110000010001110001011
111111110001010110100100111001110001000100011110011001100010010101111110110
111111111001101001100000011010010101110011010011101001111011111000000110010
111111110111000000011100101100001101010111111010101101000001110001010001111
111111110001001010100011101101110000111011100100101110101100100001001100111
111111111011001101000101000110100010010100010011111010100100111101100101101
111111110111101001111000110001101001100100000100110010111011100100100001111
111111110000110100010110010000111001110011001001101110110101010100111101001
111111110101110101010001110110000000101001011111111111111000000011010000100
111111111110010010110011010101101000110101111001001001110010101101000010001
111111111101100111001110000000010101101100101111001110100010101000001011101
111111111100111110101110100010111100100111010100110001100100110011000001000
75
000000000000000000000000000000000000000000000000000000000000000000000000000
100000000000000000000000000000000000000000000000000000000000000000000000000
110000000000000000000000000000000000000000000000000000000000000000000000000
111000000000000000000000000000000000000000000000000000000000000000000000000
111100000000000000000000000000000000000000000000000000000000000000000000000
111110000000000000000000000000000000000000000000000000000000000000000000000
111111000000000000000000000000000000000000000000000000000000000000000000000
111111100000000000000000000000000000000000000000000000000000000000000000000
111111110011000100110001001011111101101000100001000110100101110010011110111
111111111010011100111101011101011011010001110101000000011100110100100011000
111111110001000110001011011011011111010010010100101111111000001001001001011
111111110100010110101011000111000010000100101101101010001011111111010110001
111111111111001111110010100110011000101010110101101001010100001100000100101
111111111010101110001101010000000100001100110100011101010111110001011101101
111111111011000010011001000001001001000111011011111001110001100111100110110
111111110000001000010101111101100111100010101101111000000111001101101000111
111111111100000101010000111001011000101101111000001100011011001111011011010
111111111111011100000010011000101110001011101111110001001001100010010001011
111111110010011111001100001001001000111001001111001111100010011100110000111
111111110011010001100111001000010000110011100000111001011110111011111100010
111111111000100111010111010110111000000000101111010101101010101000101110010
111111111011101011000011011011110110000111001100000000110110011110010010100
111111111100011110100001011010100000110000100010110111110101001111100011100
111111110000100011100000100010111101010001111101011001101101010111110001001
111111111111011001111110000011010101010100001001010101000111001001000011011
111111111001101000110001100000000011011001001101100111011010001010111111101
111111110001111000001001110110010000101011001011000100111101111101000101011
111111111010011011110111110000010101100101000110101110101001100110001000001
111111110100011111110000010100011110000111000001010010110010010011101101111
111111110000110001011011011110011001001111100010101011000111000000110011101
111111110111111010110000111111001001000010010110000101000011111011111000000
111111110001011101100010010000101011111110011100001100101111100001100110100
111111110001010100010110111100000101100100011111011011110100011010010111000
111111110101101010111010011001110000011100000111011010011101000100111100010
111111111000111010111011101101101100110110101000001101001000010010000101110
111111110001110011111110001010000110101000111110000000010000100111101011111
111111110111011001001101110011100100001010110001001011101010000110101111000
111111111001111111001100001111101001100001011000110010011111000010001100001
111111110111001100011111100110101010010101101010001100110100000011111000001
111111111110100101111011011000100001110010011011100000100010010101011101001
111111111101010010101011110100001101011001111000010010100110101100011000110
111111111011110100001010100000111111100100100011000011011011011101101000100
111111110010001000100100111110111100010100011010100011011010100101010110111
111111111001000101111110111111000110001001000000110101101001010101110100100
111111111110110000010010000111100100100001010101101110111110100001110001110
111111111000001010010010101011000010111111110011010011101110110001001010001
111111111111110110010101110010010010110010011000011010001001010000110010111
111111110010010010010110000101110011011010110010010100111011001110010101101
111111111100010010101101101010111111101011000111011100010010000001010110000
111111111111100010100100011101110011101101101000001011100000101001100101001
111111111100000001001110111010100001010111110101000110010001111010100100111
111111110101101101010101000011001101110111100110010010001000101101010101100
111111110100111111011101101000110011001100010001100001101100101011010000110
111111111101000110000100001110010101011110001011101100001110110110101001100
111111110101110111010000110001100111010001100010101101010110110100000110011
111111111001000101101001100101110010100110010110010111000110100110110001011
111111111000111100100110100011101001001110000000111000110000111100111011011
111111110011001011101000010110100011100101110011111100001000011000011011110
111111111110101001000011001100001111001000010010011110001100011111100110011
111111110110100000111100010010001011101110101100110111111110010110000000010
111111110010100110100111110011001110111101010011100000000111001010100101010
111111110010101111001010110101010101111010101001110110010000100011110010000
111111111100011001000001000111010111111100111110100001110001010000111100010
111111111010010001011000110011111010011000001110111010000100111011001101100
111111110110110100101000101001010100000111111110110100101100001000101110101
111111111100100001101100010101001110110010000011001001111101101010011010101
111111111011110011000100101100001010010110100101100110100101000101011111010
111111110110101100001010101110010011110001000100011001100011100110001111110
111111110101101001100111101001011010000000111011111110110011110000000001100
111111110110000111100111100101100001001011001110000011011101010001001011110
111111110010110101110001001110100110011111011001011111010001101100001000000
111111111001101100111100000100110100011011110110101010100011011011000010010
111111110111000011011001101100101100111100000100110000111011111000100011001
111111110101110000000111010101111000111101010101110101000000010111001010101
111111110100001010011110000000111110100011011000100111000101111100111111000
75
000000000000000000000000000000000000000000000000000000000000000000000000000
100000000000000000000000000000000000000000000000000000000000000000000000000
110000000000000000000000000000000000000000000000000000000000000000000000000
111000000000000000000000000000000000000000000000000000000000000000000000000
111100000000000000000000000000000000000000000000000000000000000000000000000
111110000000000000000000000000000000000000000000000000000000000000000000000
111111000000000000000000000000000000000000000000000000000000000000000000000
111111100000000000000000000000000000000000000000000000000000000000000000000
111111110101101010100101100001010101000011011001000000110111101111011010101
111111110000000110011101011100101000100111101010000101011010111101001011101
111111111100110001101110110000000000001110101010100111000101101111110111000
111111110110100111000110101100001110101111010111100000001100100100111000011
111111110100010100101010010001001110010010100111111000111011101001010001111
111111111101001101001001011000010111000101110100101100101100111110000101001
111111110111100000100001000100101010001101001100111111110000111010110010111
111111111010001001111111001100000011101010100001011000010111111110100000110
111111110010111100100001001000101001111010101101101001101110000110011111000
111111111100101010110000011110101000010000010111000001100101110111100101111
111111110101010000001101111010100100111011011100011010011100000111100001110
111111111011111010101111111101101110000000001000100010101001011100001001010
111111111001001011000110000110100110010000101111001110001110001010111011101
111111110000111011000000010111100101101110110010111100100000011111011000110
111111111100011011100100100010001010100011010000111101011011010010001111011
111111110011100001001110011011011011000011000110110001100110010011101011100
111111110100111111001101000111000111011110000001000011111000110000100111100
111111111001001110001010100110011001101011101101100111101001100011000000110
111111111010101000001110110010111101010110110100001011010010110100010010011
111111111010110010100011001011110010110111110000100010001010101011100100101
111111111111111110010000000000011110001011111011011011000010011101100001000
111111110111011111101010011010110100101100001010001001110011100010101000001
111111111011110100000011110010000011100000111011010100110000100100101111111
111111110111101111111110100000100001110000011110111000001000111001000110100
111111111010010100101100100101110111100101001011001001000100010011010101111
111111110110001111000011010100110001010011101000110010010101010001111101011
111111111110000011100100011001010100111001101111100110110010010100000110110
111111110111101001111010000111000010110101111000000101111110000101010001010
111111111010111001011001101010000100011101001101110100000011110001011001101
111111111111011100010111010011101000001101110011100000011101010010010010100
111111111100110001011011001100111101000011011010001100101011000000110110110
111111111000100111111011010010110110001001000101010001011000001111011110010
111111110000011001011000000001111011110101011111100010010001101110101011010
111111110010100111011100101001110000000000110001111111111001000110110001101
111111111001001001110011100001011000101110000110001010111000010101111101101
111111110110101110011001110001001110100100100100001110000111000011101110110
111111110001110101000111101100000000010101110111001011110011011011001100010
111111111110000100010110100111101101011001000000101100110010101111101101000
111111111000011110110010111100000101100101010100110011110110001000110011100
111111110110011000110111001101010101001000110110010111001000100011001011011
111111111100000101101000101011101001001100111001010010101110011001101010011
111111111111010011011000111101001011011010111100000001010000001010011100101
111111111111000001010001110100100111110110000011110011101011000111000010001
111111111001100111110001101111011100010110101010111000010100100010000011010
111111111101110111000111000001111001111100000100010101000111001100000001111
111111111001110100111100000100110110111010110100100100110101010001101010001
111111110111000100101010001110011100110110010001010110000001011110011111100
111111110011010011011101010110011000101000010001101010100110101001010111011
111111111010001101000101001011101110100010011110010111110101101001010100000
111111110100101000010110111111110010101111101101011000100001001000000111001
111111110011011001110100110000111100010111100001010101101100101000101100110
111111110101011010101101101110111011000100100111110100010010000101110100000
111111110000000010111111000010001111011101111010111011100101000100001100101
111111111011100010101000010101100001001111010111011110011111100000001101000
111111110001000011100011111001101111111001110001001101000001110001110011000
111111110000101000001011110101011100111000011011110101011110011010100100001
111111110101100000010000101010110111101000100010100011011111111000011101110
111111110001011110011010101001100010011011000010010110100110110110010110011
111111111100110010010110011000011011110100001001011110111100110011011000000
111111110100010101110011110111110010000010011101101111000110110100001000100
111111110010111101100000111110011011011001000010001110011101001101000010101
111111111101101100111101011011000001110011000011101111000000001000111000011
111111110001110101110100010111001101100001101100010010001011110110110100001
111111111001001100000100011101010010011100011000111001001011100101111110110
111111110011010010010010001011000101000110001101101101011101011101100110011
111111111110010010001001100111010000110001100110011001101101111100111010000
111111110010000110110101110010010011011110011110000100101011011010110001010
75
000000000000000000000000000000000000000000000000000000000000000000000000000
100000000000000000000000000000000000000000000000000000000000000000000000000
110000000000000000000000000000000000000000000000000000000000000000000000000
111000000000000000000000000000000000000000000000000000000000000000000000000
111100000000000000000000000000000000000000000000000000000000000000000000000
111110000000000000000000000000000000000000000000000000000000000000000000000
111111000000000000000000000000000000000000000000000000000000000000000000000
111111100000000000000000000000000000000000000000000000000000000000000000000
111111110000101010100101100110001110101000110000111101111101001011111001000
111111111011001001100111010111100101011101100011100010010100101010010101000
111111111000001010110101000011010000100111101011001101001110100111001110101
111111111010010111111001011000000110101000000010111011010100010110011110110
111111110111001111000000101100100100101001111001110111001000101100100110101
111111111110100100001101011111111110100000011010101000001111101000000100011
111111110001010001101000111111010100011100001000001100011011011111110110001
111111111110001011111000000001001111111011001100000100101100111010110000011
111111110100011001100100010000111111110100011110100011111001100111000010100
111111111010010000111010100011111010111011110001110110011001000001000110010
111111110000110000010011110000100011111101101000101001011110111000100011111
111111111100111010000110011010110101100101001001011110111000010000111100010
111111111110100010110110111110001011000000000101010000011000111111000111101
111111110001101101100001110010111110000011000101100100101110010100010111110
111111111011111110000100010001101010001110101001010001110011001110010010011
111111110000101111011010001101111001010010101010111000111100000110100111000
111111110111010110010011000110011101001110001111100101011101011000001010000
111111111010100101000001101010011110111110101011000010110000110101101001001
111111111110000111100110100000100101001110010010001100110111000001100111111
111111110011000111110110011011010011110000111001101101100001010000010001101
111111110001100110100011001001001001101101110110001010101001111101010110010
111111111001100010111100111000111101011000110111000011001110000000111010001
111111111011001100001000110110011001110101010011011001100100011011100010110
111111111101100100101010001010000110010111100110111111111010001010000000101
111111110111101000110000001100010111110110101000010010000111001001011111110
111111110010000001101011000110100011000100111101010011101111010110101100011
111111110110101000010001101011100000011000011111011110110111110010010010100
111111111011111001000110010000010010011010110110011100001101111100101100100
111111110100001000001111101001010111000011110011100000010001011110111010111
111111111011110000011110101010000100100111011100100001100101100110110111000
111111110010010010011101000100111100110101110110010100110010011100010101101
111111111001110101001101000101000011100001001111010110011101000001110011101
111111111101111010111000000111100110001100111111101000000000010101100001110
111111111001011010001011111101001111000010111000000111110110110001000100100
111111110001011110011100101000100010010100000011100110101101111011001101011
111111110111001100111111110000011000000100101100111110010100100101110000011
111111111101000001001100001011110001101000100100110101110110111101001011010
111111111111111001110011011100101000100001100010100100100011010011101010001
111111111000101101111110000100001100010001011001001111010011111100001011010
111111111001011110100001001010011001011001011100110000010011100010101101111
111111110010001100011010011011101111001101000010010101001011100101111001100
111111110110011110100100111111000000110011100110000011011111010100100001010
111111110100100111001110110001001100111101101101110000000111010011001100100
111111110101010010101011010011101100110010000001011010100101101100101011101
111111111010011100101111101100100001111010001101101000101010001101011000100
111111110100011101011101011010001011101110110101001110000010001010100111000
111111110111111001101000100001001001100110010011111001011010110000011101001
111111110010110100000100000111101101010010100100101111000000110011111110111
111111110101000000000010011100101010111011011111001101010100000111011101011
111111110000101011011010010110010000101010000111100011110011101001110100111
111111111101100111011001110110100001110110110000000100011001100110011000110
111111110111100100111101010001110000001011011000000011111000011011101101100
111111111001001001010111101101111100101110000100011011001001010010000001111
111111111110110011000011001001011000010100010001100111001110001111110001110
111111110011000011010101011101000110010111010101111000111010100001101010010
111111111100010101110000101101111010000101100101001001110101101000111100100
111111110000110001110100111111001001001111011010110110100100001100001000111
111111110101110100110111100101010111111000000011010101100010100110100100010
111111110111010011001110100110011010001001101010001010101010100010011011110
111111110010110011101001111000110101000011101111011101000001101011000001010
111111110100111111101111001110110010011111010000010001000100110001010010001
111111111000000110100010110101110010100110011110110110000010111010111011000
111111111100010100010000010100010101001011110001111010101111110111010001001
111111110011111111010010100011110111100001010100001010010110001111001000001
111111111100011101010011110011000100010000111110010001101000001001011111011
111111111110101010001001110101010011011101000100101111100001000100001111001
111111111101000011010101100010101011010011001010111011000011011101110100000
75
000000000000000000000000000000000000000000000000000000000000000000000000000
100000000000000000000000000000000000000000000000000000000000000000000000000
110000000000000000000000000000000000000000000000000000000000000000000000000
111000000000000000000000000000000000000000000000000000000000000000000000000
111100000000000000000000000000000000000000000000000000000000000000000000000
111110000000000000000000000000000000000000000000000000000000000000000000000
111111000000000000000000000000000000000000000000000000000000000000000000000
111111100000000000000000000000000000000000000000000000000000000000000000000
111111110101110011011111110000000110011010010101101000001110000110010110110
111111110010101010110111001100100000100010110100000110000110111011011101111
111111111000000011110010111101101111010101110101110100010010001000110100001
111111110110001110101011111000001001100001000111110111101010010110000010101
111111110011000110001110010110111101001110101111011100001000111010010000010
111111110111100000000010001001011011011011010110101111010001011011100100110
111111111010110100001101101100000010100100101101111100011101011101100100100
111111111110010010101000010111001010000100011100000111111100100010110111110
111111110000011001110000000110011111101000100111001110111011000111011100100
111111110101111100010110011110101001110001001000110100011001000000011111110
111111111000111001001110110110011000000011110000111011111010110001000100011
111111110001111100101100000001100111010001101110010001110110101110000100111
111111110110010011000111010101000011111100100010011010110000011100001111011
111111110011010110000001110011000101100111110001100101010011100111001101010
111111110000001110010101111011011100011000111000000010011001111110100110101
111111110010110111110000001111110110010011100000111111001100010110000011000
111111110100110111011001001100111000101101111011001001010010000010100001111
111111110100011010010001101111001100010111001111111010100100101001001000110
111111111000100110111100000000010101010100010011111110100011110000101111110
111111111001010000010110001000001100110101010011001101111100111111010011001
111111111111011000011000101101111001111010100001000100100110110100100110010
111111111101101011100000101100000001011100111100011101001001100111001010011
111111111001011110101110011101011010110010011101001011000011001100001001000
111111111111001101011100010101000100001011110111010110010101000001000011101
111111111100001000011101001001010111101111111100110001101000010010011101000
111111110101011101101000100011100001110110010001011010001000011011110101101
111111110101100001100110111111010100100110011010010100110110010110101000100
111111111100001100100011110100110010010111100011001001010101110010011110100
111111111010110100110011011001010001011110001001010010111111000011010000011
111111110101101110100100100000011010001111100001100110111100001100111001011
111111110111001101110101011100100111000000011001101011110000110101110000010
111111111101010011110011000010110000001010001101110101110001111100000101101
111111110011001111011010101101000000001000000010111001111111101010111101000
111111111100101110001010001011100110101110001010101110010010100101010110001
111111111001010101000000011100100110101111000100100010101011111010101010111
111111110001101011011001010010000001110111101100001111110111011000110010000
111111111111010010101101001110010101010010100010100001011010001001111010101
111111110000000001101111101110000111111011001011000111001101100000100101011
111111111110001101100111000011101100111100110000101101101111001000000000110
111111110100010101111011000001001010000011111010010100001011111101111010010
111111110100100110011010100111110111100000010101000001111101011001001010011
111111111100010110000110100110100001011001111110100010100111010111110001000
111111110111000101010110000010011010110100101101110011000110100011101110001
111111111000000000111010110000101101101010101000111011010100001111101011110
111111111010101001010100100111001011000110001011100001000011011110010011111
111111111110101011001010011010010110110001100001010000100001101111110001110
111111111110111001000111100001110101000001001101001110011010101010101011000
111111111101100000000001011011101100000000100111011011001111010100111101011
111111110110010000011100111010110011001101010000011111000111101100011000101
111111110011110011101110101001101100001101101001000011100001010001011110100
111111110000111101001011010101011101011100000100100101000100110101111001101
111111111111100100111001110110001110011001001000001100100010011011001101001
111111111011011011001001100000111110110000011010110110010101010010011000011
111111111010000111010100110001110000110011001110001101101000000101111100111
111111111001000111100101101011011011101001000100011000010110110001010011110
111111110110110101100000111000011101100010111110101000100101101000010111001
111111110010001001101000011010110000011101011111100000011110011101001111010
111111111011100101011011101010101011010110110110000010111000100100001001100
111111111101100011111101010101111001100101000010100010001101101111000100000
111111110001011000111111111011110010000100100110101100100001000011100011011
111111111011111100110011100110010100101101010110010011000000001100110110010
111111110001100000000001110101110010111000111011110111101010101001010011100
111111110110111010110100110000101110111110000110010001011011110001100001000
111111111011111010110010010011000011101001111011101000001100110000101000101
111111110010100000101101000111101000111011010101111000110001100110111010001
111111110011001010000011000100111111000111011000011000101111000101100111101
111111111000111111000101011010101011001010010011010101100100001011101110000
75
000000000000000000000000000000000000000000000000000000000000000000000000000
100000000000000000000000000000000000000000000000000000000000000000000000000
110000000000000000000000000000000000000000000000000000000000000000000000000
111000000000000000000000000000000000000000000000000000000000000000000000000
111100000000000000000000000000000000000000000000000000000000000000000000000
111110000000000000000000000000000000000000000000000000000000000000000000000
111111000000000000000000000000000000000000000000000000000000000000000000000
111111100000000000000000000000000000000000000000000000000000000000000000000
111111110111110101111100101011110001100110010000000101001011101000101100100
111111110001101001000011111111000111101110101000000110111100101100100001010
111111110100111111010011111001000010011001011101100101011001001001011010000
111111110010001111011010110001110011010000101011111100000010111100100101001
111111110001001111110000000011101001111111001000111010110011010001111000010
111111110101100001111010011000010101010111110011111001101110000100010010010
111111111000010001110011110110110000000001000001010110101011100111111111010
111111110100011000011000100010111101101101111001101010011000001111000111100
111111111100011101100110110000000110101101011001001011100110110000110100101
111111110000000100000000101011101011010011110101001111100111101010010011111
111111110111000101000110010110011000011100101100110011111011101010000110001
111111110100000011100111101100010111110110000101011000010011011011100011100
111111110110101011110000010110111110110011000010000100110100101001010110101
111111110111111101001001100100111110001001000100111100101111010000000001110
111111111000100101001100011110110010001011111100011000010000011100111110110
111111111001110111101010010000001011110011000100100011001000111111000101110
111111110000110000101011000111001000110101011111011100111010111100001000101
111111111000100101010100101100100001111100010110100100111110010111010101001
111111110001101110101101100100100101000011011111110111110000100010100110000
111111111011110111000001000001010000000111110011001010111101011001100111001
111111110011010010010101011100101111011111011001000000001010110000001111011
111111110000011110111111011010110010100110100100101110101100010010001010001
111111110110010010110001100100000011001010100110101011111010001100111100111
111111110110100011000001111010101010100100010011111011010101110110001100010
111111111111011010010010011101100000110101110100011101110000000010100101110
111111111011101001100011110101111001001110110101101000000000100011011000101
111111111000111100100000111100001100100110101010111101000011001001001111011
111111110010001010101110100101011010000111111000000101011111010111010100010
111111110011011001100110001110100101011001100111001111000101011101001100000
111111111100001110000110001101110111000101010010110010101001101101001000111
111111111001011001011001101101011011010100001010010011100100011010011110100
111111110011001001001111001000100000100001001010101001011110101011111011111
111111110011001110100100110000011000111100010111010110001100001100111011110
111111111101000000110000010001110110001010011110011111011110111011001001000
111111111010101010011101111010010000011111001110001011100011100101000001100
111111110101101000111101000001100010101100100101010001100001111101010111011
111111111000011001011101010101111100110010010101100011010111001100100000011
111111111101111110001000000110010011011100000001001101010110100111101010011
111111111110101111110111000011001101000000011100001000100110001110001111010
111111111100100000101111010001101011011101100010100110010111000000101111100
111111111100001011011010100110001001101011110110010001001101110000101011001
111111111110000111001001010111100101100100101111000111001010010001010010110
111111111110001000101001011010000001011010011001110100101101011011100100111
111111110000110110110011000110110100011100111010100001000101111010110001110
111111111011010000011110110010001111000100010110101100110001111001110010010
111111110101101100011110110111000100010010000011001010011001010010011101111
111111111011000100010011000010010111100111001101110101010101000100011101101
111111111001011011000101000011000110111010110010111100001011100110010110100
111111110001100011011010001000011110101000111111000110100011000011101100111
111111111011101100110011101010101110010000110000010011011010010101100010101
111111110110000100001011001101011100111010010000101111100000110101111111000
111111110101010110001011111011101100001111000110010000000110001111110100001
111111110010110100010110010101101011101010001011011001101101000111100010100
111111111110011101101000001000101110010110101111000000111001100110111001000
111111110000111010000100011011011101000000100101110001111110110001111101100
111111111010100011111100001111001110001101000001111111001000001010110001001
111111111111110010001110100110100010110010111001110010100110001001011001000
111111111101010011100110101011111000001010001011100101110000010100000011111
111111110010010101101101110011010111111001110010010001110000000011001001011
111111111101000100110101101111011010110001101111101000001100100001100100010
111111110101010111111101011100001001000000111000011110010101100101010001101
111111110110110001010100100001000100010111101100110110000100110111101010111
111111111101100010000101110000111101110001101000001101101001011110111000001
111111111010110010101010101001110101111000001100011010011101100000010110011
111111110111111000100000011111010011100001011110100010000011010110110011001
111111111011000110111000111101000100101001100001100000110111111110001010100
111111111110111100010111001000011001101011100011010110010010111010010000010
75
000000000000000000000000000000000000000000000000000000000000000000000000000
100000000000000000000000000000000000000000000000000000000000000000000000000
110000000000000000000000000000000000000000000000000000000000000000000000000
111000000000000000000000000000000000000000000000000000000000000000000000000
111100000000000000000000000000000000000000000000000000000000000000000000000
111110000000000000000000000000000000000000000000000000000000000000000000000
111111000000000000000000000000000000000000000000000000000000000000000000000
111111100000000000000000000000000000000000000000000000000000000000000000000
111111110110000101010111001000010010011001101010101110111001101110100011010
111111110010110000100011111110111011110101010010000100011010111100101000001
111111110000001100100000000010011011011101100101011101001110001011111111011
111111111110001001010000110001111110100100111001001101011001000111001000111
111111111011000111100000001001111100000001000110010110110111011101001011101
111111111011101100011110100110100010101001000111001100110000000101111110100
111111111100100110111001100101000111001101111111100100000011011010001010000
111111110101000010011011011011100001110100010001001110100110001110011011110
111111111111010001110010001111001111101000000101010011101000110010101010010
111111110110011100100101000001101011110010011011110010010000010111011111000
111111111001010100011001010010001100100111001011101111010010110001100011011
111111110110100001001110011110010111000010000010100101000011010011011111111
111111111111100011000100001111001000010110011111111100001010001101100100010
111111110111101110100011110001001110010010110100000101110010100000100111110
111111110011101001101000101001010001101111101001100110000100110100101101110
111111110011110010011010010000011000001100111100110000110000111111011110011
111111111010100111111001000010100001111000110010010011000011100111100100111
111111111010111011001010100101100011010111001000011111100000101011000011001
111111110011011001100101110010100101001001011001110100101011101001010010110
111111111011100101100111101000000100101110011000001011011110001010011110001
111111111001101001000111010100111101011100100111111010010010100010001001100
111111111110010000110001101110100000011110101110110101110100000000011001111
111111111010001010111111000100011100111010010001100100101100011011100001101
111111110000011111101100111101001010001100000011100011110010001110110000111
111111111000011100010010111101000100110011100010110000001110101111001110110
111111111110010101001011110001010001100000101111011000101010011000110101101
111111110000100100101011101111101101000000001101101000111101100111000101011
111111111001110000101101000101111000010011101000001001101011010110111010110
111111111010101000011101011011010011000011110101110011111110000100000010001
111111110001111010110011001100010110100100101011010111101011000101010101000
111111110101100101111100010000001111110111001110010100101100100110010000101
111111111000110011010100101000101111100001110000111100110110010010110101010
111111111111111110000001101010010110010100000001111000000101110110110010101
111111110001000111011101100111110110010010100001010110011000111000011100011
111111110100110111111000011100110010001010011001011000011110100001101011100
111111111010110010110010010011011111011011001011001010010101001000010100110
111111110110110110010100100010111000100111000101100011101011101010001101100
111111111101000101110010111100111001010111110001100010100001000001110110001
111111110011000110000111011100100011100111101101010001010101011011100000110
111111111100100000010101110101001001001100000000010111011101111101110111100
111111110111110110000100110100000101011001110011001011101100010101001001011
111111111101011100110110000100110011000000011100101111000110111100000100111
111111110100101011010111101001111000111001001111000001000110110001010010011
111111110000000011000001100110011111100010111110101011100100101101111010100
111111110111011000011101001001101111001110100010001000100111101001101100001
111111111100111101001011001010101110001111110100000010001000011101010001110
111111110111001001111010100110001000000011110011011001010111111110010001000
111111110010001110011010111000101101011010001100111111001011010100111000000
111111110000111101110111110011010000000110010110011110100101010011101000010
111111111101011011111101111010010101010001001100000001010000001111101101000
111111111001010011000011010001100010001011010111100101001101100110111101001
111111110110010111101111010111111100101101100000111101000100000100000110000
111111110011111101011000000101110101110100010110100001011101001000110011010
111111111011010100001100111111011010111000111100000110000111100011010001000
111111110001010011110110100011000011111110100100101000011011010101000011101
111111110010001010110100011111100100000101111110001010001000110010110111101
111111110100110000101110001001000100110001110101111111010001101001111000101
111111111100001110000110000111010101101111011000010000110011100100111001011
111111110001101101010001011111001010111001011000111001100001011000001101101
111111111101101010101110110010101010100000101010110010001101001000101011011
111111111000000000101100111000110110111110010111011001100001111100000111010
111111111101101110100000011011110001101010100010101101111000111011010000000
111111110101000000001010100011110110011101011010110011111110010011100100100
111111110101011010001001101100011001101011010110011110011001000010000110111
111111111110001011101001010100000010110101000100101010111111110001011100010
111111110100111001000000010110100100111010101101000110110111011110100110001
111111111000011111001110001010001001010100111011000101111101110000001110100
