65
01000010100100011111111011010111100000100111100001011001010011010
00111000010100101010111000111111111001111101111101001010101001111
10011000001010110101100001111111101001000111111001111011101100101
10001000110110110001001000000101101001100010110100110001101011011
10000001001001101000110101111011001000111110100110001000101100110
11111010100111011100110001011101100110000001111100101111001011110
01111000010011011110011100101100111111011000101111110011000110110
11110110111101001011100000011110001111010100001010101000111100010
01101010001010111111100110100100010100110010110110101000001110010
10101100100110010110010001110100010101111101101010010100111111000
11010110010111100000011001110101011100110011010011111010111010111
00101010100001101111111000000111011010100110011011001010000010101
11001001000101011011100010001100000101101000010011110011111101101
11110000110000110001001111001000101110100001100101110110111100110
10000111010010000010010110011010100111100111100001001010110011010
01001001001100100111110111010100001111100110100001110001110110100
00110000011001110111110000000100111101111011101101010101010111110
01011001001011100001010001110001111111001011001010101111011111001
00111100001001000100111001010010101100000000011111001111001110110
01001110011000100010101001111000101000010000000000101101101011001
00010010011001100100001010011011011111010011010110110010000000011
00110001100011000001100001111010011000000010001010111011110111100
00101101110010111100010110011111100110101001100011011001111001001
11110101011110001111110011011000110000110010101000110000001001011
01111111011100001111010000101111000111100110000001000011001101000
01010011100110101000101010001011110000001110011101000001110011110
10010101000111111010101101010011100000001000111111010101001100000
00010010100111001000000011001111010011110010000001110110011000101
10010000111100011110000000100110100110101010010101110110111110010
00001000000001100111110101100000010101000101100110001111110010001
00010110111011011101000100000101100110110111010111110100000001000
00000011110011111011010100001100011000010011000100110111010011100
00001001111110010000110010010101001011100011000011101100111010111
10111101000011110011001010101010101000111000010011111101110111100
10000100110010100000001111111110000111011011111111100110000111111
11111000000100000001010101110001110011010011010000011000001001111
11111000111010001011010101100101010001100011100001101000001101101
10001100101101000011011101101011010000011000110100101100010110110
00100111000000000111110001100101001101011111110011001111110000111
10110100000111110110011011101100100010000110011001001010100100100
10110101101101110011110110010111100110010100110100101001100011111
00010110101011001111111100111001111111000010001100100000011011100
01000111010011000011001000100100010001001000100110101111001000110
00011011100110010011010111111000010001011110000110000011011111111
00000001001110000111110011011011110100010101000110101000111010000
10001011010001111101011110010101100010000111100111100110111111100
10011000101011110001101010011111110111101011110001111011000000111
10100001011110110101011110010000110110110000001000011111100001100
11110100000001111001000111011001000111011100001101000111100100001
00011101110000000101110100000101000101001111100100011100000000011
11001000010100101010001011100100000100110001000111010100001111100
01001101100100100111000011000100101011111111110010000001110111001
00010010010011011000100111111011001000000101010010110010010110011
11111011101110110000111111000000000110011101101000011001011011100
10011001110000011001001101100010110111001100100001110100010011111
01001001111101100000100100011010101111010100110001101010001011111
10000110100100001110100110110011001111000111001001101111011010100
01111110100100000011100110100010001110011010001111100001000010000
10000010000100111000110001000111011001111000001111011010010111111
11010100001100100001101101010111100100101110101101000111110000001
01101001000011000000101110110010000110110010001111000000000100001
00101011101101010010100000111100100001110010101011001000110110100
10010001110000100101101110101110000000000000100011011000010110011
00100000010110010101011010110111010010010100110110110100110111000
10001111110001111010010011101011010001010110110100100100110001010
65
01110001011001111110001101001111110111001011001100100011011110100
00011001011100100000110111101000101111001101110010100001110100110
01011111100000101100000111011000100101110010100101000000011011000
00000110101000110001101101111000011100001001101011000110010001000
10010010000100000010010001010000111111111111100011001000001100101
11001001101101110100111100001001011000011000001100110000100001110
11000100101010101111001010110111111000110101110111101000100100101
00011010100100110100101010101000001011011001100010111011110111000
11001000000111101000111000100111010011001110011100001110101010101
00111111100101011111111001110111001101101010110111000110010100001
00101001110010101111111101111100001101001000001101001001011100100
10110010001001011101001011000011000000111111011000101111110111011
11111101010100001100010110010101101111111011000011010000010010110
01111011001010110011110110110100110000110010010100011111100011111
00001000010110010111111100110100010011011101100001000001110100001
01101010101010000100111110000101100011110011000100100010011101111
01011101000001110100111001110000101001011011101100100001010001011
01011000100001000000100110000000011111111000001001001000111110010
01110101100110011101101110110100110010101011000100110100100001000
11101101100010011100011001111011111100100010101010000100000011010
10101010000110000001010011011100110111101010001101011010101011010
10110011000100000110001101110011100100001111110111111110010000010
01101000000011000100100000010111011111100100110101010110011100010
00001011110100001001101000111011110101010110010100100010000010000
10011100111000101001011101100010100100011101010110010101111110001
00000111100011110110001100111001010110110101000111101101011001010
10101100000110010100101000011101001100010011010100101011100110110
11000101100100010100000010000111000100111110010110001100000000010
00001010110111111110011010010011100100011000001001110011111001110
01111101000100001101010111001000100001101110011111110101001001001
01111101001011111110100001100100011100100010100101001110010111000
01111001001001101110100010000110111100011001010111000101111100110
00010101111100100100001001110010010101100111011010010001110111100
01100001011110011000010010111100000101001001001000011110111100100
10100000100101110010110111011100110011011100011011110101100011000
00000111100101111010000000000100001010111110111010000111100001010
00110110011101001001010110111111110000100000111110000111100100011
00010110000101000011010011111011000110111110100010000100111100101
11010101101000101000010110101001011000011000010000110001111110111
11010000111000000011111000000110110010001111011011000100101110010
00100010000001010001001101100010100010000011000010011100110010001
10110101011011011111100000101011010010101001101111011011100100111
01010111001000100100001011001001011010100101110011110110001110000
00100100111001000101101100011110001111100000000110100100011011111
10000100101111010110100111111101111000111001000100010111000000000
10111101001010111111100001001010010001001101101000010001001111110
01101011010011110010011111110011000001101011100101111100111001100
01011001000110100101000000001000111101111010010011110010010100000
10100100101101111110101100101010010000100000111001001101011000000
11000101100101011011000110110000110111101001110000101000111010100
00111000111011100101101010010011110111011100110010001111100111100
11111010111100111101000101110011000111010001000011101101010010010
11110100010010111011001110001101101111110011110100000100011010101
11101111001010111100100100101000100000100100010101000010111100010
01101110001010101111000011010101101001111001011011011000010010010
00111110110010010111111100010010010001011011001101001110001100001
10111000011010011001011101010110000000000011110110011011001011000
00001110100001000011100100110100001110010110110000100001101111001
01010111010111101011010100110010101110001100100100110010000110111
00110100100011001011110101011100001100001001101011011010100011001
01011110011000111010011001011101010111000100101110000101000001111
11001010111010100100011110110001010011111110100111011111001000011
00110001010100101111111111010110001110011010100110010111110101000
10111011111000100010000110000110111001001010101111101001110100100
11110101001010000111111101111011111100010010111111110110100000110
67
0101011101000011100110000100101101111001111110010110000000001010001
0010001110000100000010101110000111100111110101111111110001111110010
1001100010010111000001011011000001010011100011010110100010100000110
0100011000011001111111000010000110111000011100000001010110101101010
1101000011011011101110111110100111110110100111110000000101001100100
0110100010000010001100101000111011110010110001111011100010110110101
0010110110111110100010001010000111111101111010001110010000001101100
0011110001010010010000010111000001011010010001001000110110011101001
1001000101111010000100000111100011100011110101111001001011101111111
0111011000100011001000110000000000100001010111011010010110110100100
1111110100011000000000001111000111101011111010110010101101110011001
1100010001000111100101001011100010011001111011110001001100100110001
1110010101010011101100001011111001101111001101000000010011111000001
1001110111101010111110110110001001111100000001001111101001110011011
0101000000100001100010011110110001101110000010100010001010111000101
0100011110100100010010110111111101010111000111001110011000001010111
0110010111100001010100110000001001000000001011111000111010001111000
1110111011111010001101010000101000111011010101110010000011011110011
1110001110110011100001011100001100011001100100110111010111100001110
0110001101100011001011000110111110000011011110001011111100110111010
0010010111111000111001010101011000101011011010111000011111001100011
1100111111101111100000011000111010100110110101110001101001100001111
1011001110111010011111011000111100001001110001100010110110110010010
1101011010111000000100001001011111011101011001001011000011011111101
1001000111000101110110000101010010101100010000011101101010100110011
0011011001011000110001110001101100110111011100010111010111101111100
1000010001000000111011111100011111010000001101010011011001100100010
1101111001000110111101100010011101011011010001011110001101110010011
0111001101100100101010011011011011111101100110011101001110110101001
1111101111110100111000000100001000110000101001110110010110010111011
0111101111110010000000001000000011111110100000111110111011101000111
0010010111011110110011001000111001110110000101111011110011000001111
1010000101001111111010100101010101001111111010101011000110000001011
0001000001010000011111101100010000111100011000110001000010111010001
0010000100010001101100110011000010000101101001010000010010110001101
0100000011101010100111101000000010101110011010100000110000101001001
0110110011000001100101000110010100100000010100011101111101000111000
1011010111110000111110100011010000001000100001001100010101000110111
1001001001010100101000111010110001101101111100100000110001000101111
0001110100000110100001001010011101011100010110111101010110001010101
0001000101001111110110011111000101011001001000010010011001000101010
0010100000001111101000000010111100100100100011101000110100011101010
0110110111000111011001101001101100001101010011011000010101011110101
0010011100110110100010111001011011110100111011011111010001111001011
0101010110001100011001111111011101101110100001010110101110011100001
1001001000100010001110001100101011011011100000110110101110011011000
1011001101001101000100011111100000101100101110000100000110011010101
0001001100001111000100110000000010010110010000100111100101110000001
1011100000111010011001100110010001110010100011110000111000011100101
0001110111111010110111110010000111110010111000001010101110110000110
0001100110011000100011001000100001111111011000101000110011001100011
1010101101101011110010100001011000110110111011101110001001011101000
1001101011011011011010010111110011100101101100100001000111011100001
1010110010110110010001011001100011000000000011110101101011001001010
1111111101001000011000110100010111110111011100110010100010010000100
1110011010001111110001011010001101110010100100001011011001111000001
1100101000110101000101000011000000011110111100011001000101001101110
1011011101010011100100101000110011110001010011101100001000110001000
1000101100000001110010010000010110001111111011101011111010000000100
1011101010010001101011001110001110011111100000000010010010101101100
0010010001110100001101101011110110101110100000010100001001100100010
1010000000101111001001100001001111110001000101110100011101100011101
0011101101001010001011000010101110110010110110011111111111111000101
1110110001011011010010101011001001000101001010111110101100101010100
1101000100111100110110101011110011011000110111010011110101001000011
1000111101111010100000010100100001111001001011111001101101110111001
0111101001000000101100100110000000001000110001000101011011111001000
70
0000000010000001111011101100101110000011101011000000110111000010011111
1000110011101000000000001011010001110100111101011101100000010001001001
1100111110100111010101011011100111101110001000001010101000000110000111
1110010110000111000100000111001110100100000100110011101011100111010100
1001010001010111100001000100001101010101011111010011000111000001001111
1000000000110100000000011011110100010111101100111011111101110110001001
1101110011011000100111010001100111100011001110111001000100111100111110
1100111001011001110110111110001010001001101111000101000110001101101110
0000110100001010111010101010011111011001001110111001011111111111011101
1011010010101110111010111011010001001111000011001010100011100110110111
1001101110010110111010100000000000101010110111010100111001010000110010
1111000011001001101111101010100001010001001001011010010100100000101101
1011110000100101000111010000111010010101001110010011000111011100001111
1100001110010011010011010001000111101010001100100010111110000100100111
1100011100011000000010000010000000111011010010001100111101110010101100
0100011011100010000011010110101001111111011100101111001100101101110000
0111010000001111001001110100101001000011111001101010010011110101011100
0101111000011011100111110110101101110111010100100001110011001110000111
0111111100001111010010111101000100000001000000011010100100110101011101
1100110011100111101011101000000011011011011000011000110110011110110001
0111110000000000100001110011100110011110000110100011111111110101100010
0101010111100010001000100110110000000101101100011001000011111110101111
0111111000001111000000001101111001011111100011000001111001110011010110
1101100010110010000101100000111010110000111000110100011111101101000011
0001101000101111110011010010100100010001001101110100100111011001010000
0110011011111110000110011000001010101011110000101010001010101001110110
1000101000101100101100110100000010100110101110010011011101010110001011
1000100110111011110101011110111110000101010110100110010110001100010110
0101100111100110001100000110000010000111100110111000000100001111110101
1011101100110111111110001110100011000000001110010111111100110011011011
0110011001110110001111001010110101000001110100110111111010110011011111
0100000101111011100101110110110000001110011010011011100111101001100101
0100110001110011111001101000001100100111001110011110010101010000111011
1001010100101010001011011111100110000101000101011000110101010001101111
1000110111011000101111101001111101001110101001000001011000011111000010
1011001101100100101001000111111111100110000101110001001010001110011001
1101111000011000111001011011111011010110100100010010010110101000010110
1000001110110110101100011100011000000000010001000101011101101011001100
0101100110011000001001011001011001000101011010000000001011011001100100
0111000000100100000010010010010100111100011100100011101101110111000100
0011101011011111011110001001010111010111010101001111010011101110010110
1011011111011100001011101010110011111000001101100101000001111011101001
0001000001100010011010100101101001011100100101111111111111110101101101
1010000001010010101100110100000100100110000000001001100111111001001111
0111010000010101111101011100001001111101111100100110000101101110000001
0011011010001111011111010111111110001011000110101010010110001111001110
1110100101111010001101100010010111101110100100000111000101111011100100
1010000101000111110010100101000000100111110111101000010011100111110001
1001100100101100010010111011011000111111010010100111100101100110110010
1011111011011100111111100110100101111011000101010011111110010110001100
1100001110100010010101111000100001110110010100010001111111100001101011
1010000001110110101100011101100011001010000011010000001011101001110010
0000101110011001100001010111100010111110110011110001011111101100011100
0111101101001001001001001100100100010011010110101001000111000101101010
1100101101011000111101001001100111001000110111111000010001000000111011
0111000001100000110001100100001000110010110000010001001011010000111000
0110011000110011001000100010110011100101010010101000001001011111000111
0110001100010101001100000101111000111000000001000100000000011111101001
1110100100101100010100001011100011110010000001000100011111010010000000
1011100101010101010000010101100100011100100011011011111000001101011111
1111110001110110101010100010011011000001001000011110011100100101001110
1100100000110010000000101100011111001110010100100011001100100010100110
0100101100111101101010011101000111001010001100000011111100011001100011
1010011001111110010101000011000010011000100010001100101100100100101000
1111110010001000111000111011011000111101100111000100100010111000001101
0110110100011110010011010010000101100111011111100110010011101111100101
0011000001100101010110111101100100101011100010111001000010100110010111
0100010000100001000110011010010010110000010010011011011101100011000001
0101010010010011101100001000100100010111011010110100100101100001110101
0001001100100011100010101101000000101111100001101101110100101101000000
69
001001001110000101011001100001010110010001111010100101010101011011010
100110100001101010101101010010100011001011110101011010111100110011011
010010011100001010000110000101100000110100101001011110110000101000000
101001101000001111001000100000011101101100110010011000101001101000000
100101110010111000100011011011000110010000010000010110101101011101010
011000111011001101111001101000100101101001001010110110001001110100101
101000010011001001010100110111101111101101000000000000010000100100000
110100000110011111000011001000111010111100100011111001000110101110001
010010110000011001110111010001111011010100111110001110010001001100001
010111101001110010100101010000000011101110111110101010111011100010110
011100001101011000010110011100001010000010101000100100010111110001101
101110011000001000100001111100110111011111000100101000011001101001001
101101111011011000100010011101000101000101110011001110111011111111011
111101100001000100001100101001111111001110000000110100111001001101010
100000000100010001111111011000001011100010110011101001011111011001011
011010101111101011100000001010010110101101000101100101100001111011101
100011101011111001001100011111101111001000010000100100110110011111101
011010000111110000001101101111111100111001111001001000100100111000001
101100110010010011011101101011001110001001110101011011001011011011000
011110010101110111001111100001000111011000000011101110111100011010000
001010111111100100000100001110110000010111011011011100011011111010011
100111010001100100000000011100010101000101010001101101110000010001000
110101100101010111101100110001010010000011100001100010010000111101101
001100100010110110001110011000010000111000111010000001001111110110100
011010011110101110001101000000000001100110011110100011001111011101001
101101010000010101111000101101101111001000110001110000000110001100101
111100101100000000010010100101111011011111111010001000100101011011110
110111011100011100110011100010110111101101101011001111101111011001100
101101011111111000010111111001101000100001001110110001111110100000010
010101010111001100001101100100100011010010001100011011000101101110101
100110000110101100110111100000010000011000011001101110101111110101111
011011100110101010110000110011000000100011111111011010101100100100100
111011000101100100011111100101110000001100100101100000100111000111110
011000011110001000001011101011111011101010000010111111111011010011000
001101000000100001001101100010111000101101011111001110000100110011011
101010010010000101101011000010111010001110001000010100111101010101011
110010001011110010111110011001101001011110000101110010000111100101011
010101100110111110100110110110011111001101110110111100001100010000101
101010001010101000001110100011010000000110001011101101010111010011011
110011000010001011110011010011110100000010110110000101000101010001001
101111111000100111110101010110101010010000100010011011010101111100110
001110011110011010010001110001101101101110000010000011001001011000111
000011100001010110011100100011100111101001000000001111000001001000111
001001110011010100010010000111001101101011101110010011110000010010100
010110110001111110110110010000001100110111100110010111110100010010110
101111110010111011011111011100100101001011100001100101111000011011100
011010100011010111100110010001101001100000100100111000111101001111001
100111101111010010000001101011000101010111111010011000010011001111110
011110101000100001101001001101010011000111111001011100010001111011001
100000101111101111010111101100101010001101100100001011110101111011101
100011100010010110000011110010001001100101011100000000010110011011111
010100110101001001100011111011011000100011010011011011111001110101010
100100110011011111001101011010001001011100000111101001110110111000111
011111101111110011011010011000111011110000000011101000010111111000100
100001111011001000101011110001000010111111100001101001001111111111010
000111010000000101100001111101111010110101100000000000101111001001110
101000111010000111000110011001001010101110111001111011000011110001101
001101101101110100101110000000000100000001110101100100001000011101001
111111101001010101010110001001010011010111111110110100000100000111000
011000110000000011010110010010010010010000011100001010000110010011010
100010001000011010110100111100001101011101111111001000010111010110100
001100111101010000000000010011011000100000100011000000010010001011111
010001100110000000000101000010111111111100011000000100001011100001111
111100000111001101111100001110000110011101111100111011011001011001100
001111101011011001000110110110110001110111100000000111011100001100010
001101111100000001011001010011010000010011111000000011000000100010100
111110111001111001111100100010000111101100000010100100100111000010000
001101111011000111110111110101010100010100010110110001001110100101101
101110100100010000110101001110011100000010011101000101110011100111100
72
011001001010000100010111001110010110101101001100011011100011010101100111
000110001100010101000111000101001101100100111011100001100011001111000100
010111111010101011010000010010011001001111001000111000110101001010001011
100010111110110100111100000100001001000100001101111010011101111000111000
100001010010111111101111100010101000111111110110100000001110101111110000
010100101110110100001010010110101000010100111101000110111001110111101010
110010010110100010001011100001100100100011001110010100011111010011101101
110001000001110010101001101010011010001101000001000110011110100100101100
000010110001011111111100010101111010101001110111011000001111010111010000
101010011000011100001100010101001101100111000001111100100010101101101100
010000011100111111011011000111110111000111100100011110011100111101000010
111111100110100100010000111111000110111100000110011010011000011111111111
110000001100001110110101110000011000101110110111000000110010000001100000
101000100001100001110110110101010010111000011101010111000011110010110010
110101110001010000011011110000111000100001110100000111000101100010000100
001000110000011000110111000010110111111000110101011111101101100111101010
110101000101011101111001100101001000111111110010101101101110001101100100
100101110101101100000111100101011100011001011110110110001110110101110100
111001100111001001001101000110111100010001101100111010000100110100000010
010011110100000001100110110010000011010000110000001011100100011000101100
111000000001110101010101001101100111000001100101000011110110110111110011
001001110011001010000001111111010111101011000011111101101101100110010110
001100011101100010101101001100011101001011001001000100001000110100010101
001101001101010000010000011100100111110010010011001011011011001001001101
111101001110000100101011011100001000111011101100011100101010100000110101
110110110010000111101010000101010001001100110000010011010111011101111111
011111101110111111110000010111000110001011100000100001110010011001001011
001010110000101100010000000011110011011000110100100001000100111010110111
010100101100111011001011110001001010111101100111110011001011111010001110
101111010000101100110011100000111000100100011110011011100011010111101111
111100010101110011010110111010011110011011101011010001101101001010110110
010111100101000010011001101010001001010101101100101111110001000101000100
100000100011010100011101011100000111100011000110100010101110001011011101
001111011000111010010000110111010011101101001100101010100111010110000010
011111100100101011100010110001010001010111000100110001110001011111001100
100011111001111011100000101011100000100110100001110001111011100111001000
001101010010000001111010011100110010011111000001111101100011111100101000
111100111110101000001110011001001101001110011110111110111000001111011110
010101100110001000111001000001011011000011111011010001011011111000000101
000000101000011101111111101100101000001000011100111000010001000100111100
110101011001011101111000010111010100000101100001000001001111101110101011
010101000001110100010001010101000001010100100000000111010111101100100011
101100110101010001000111000001001110110100000011011100101011110110000011
101100110111000000101110101010111111100011101111001011011101010000110000
000010011111101110011101011110001011100011100001011110100111000001111001
011000010100000010010111011000100001101011101001100110011001100110111011
101101010110011100111010111100010111100111001100100101111011001111010101
101010100011001011110000111101011110010101000010010001010000110101011000
100001111011111100011011110001100000001011111001001000011100100110010011
010011010000101010011011001100011100000011010110101010101110110111010010
010011110000111001001010011110101011001011000111000101001100001100110000
111110001001100000111001011111101111001110010001110001001001001010111110
011010101100100010000110101100100011101110100011101101000001111001011011
001111111111100001100010100000001100010100101100110000010000001011010101
000110111011011001100011010110000000001111010101101111001000000001111010
110010001100011111110110100111101100100010101000011110100101110001110100
111000000100111000111000011101010110100101001001000011010000000101001101
110001000101110000000011101011010011111100100111000111101001000010110001
001101000011001100110110000100110010010100010101101111111101110011110100
000010010111100011111010101100001000010000000001111001101000001101111101
111000101001100010010001011001111110010100011010001101101101011001101100
011010010100101110000101100000111001010111001110101101101101001101101010
100001111000111101101110100001010101000100111101110000111110000100001101
001100100000111000010001101110101000001000011000000111110110100000000001
100100010110100011110011111000010000101101011001001010111001111101000110
001100010000011000110110100110100100101111110100101100000100001100110011
011000001010001000100111001010011111011000100011110011001000001110001111
111001110110101110110001001011010111101011100000000000001000111110101111
110010001010111011101110100100110100001001110010111001010110000111000010
001111001010110100101000001000000101100011111101111010100100010101001001
010110111100101011010011100000011011101100011011001001011111101100000100
010111011110111111110100000010110111110100010001011100110010110010001010
73
0001000101110100111010011010110011011111011111011110101011000101010000111
1001110110110110110010011101110001111101111110000110101011001001111011100
1100100010011111001101101111100101001000000110001101000001101110111100100
0010110011000011011010011101111101111101100110011010100010001100010100011
1000000100001011010100010100000110111111110011101011110000010111001110011
1010100001100110100000000110010001011101111100100110000100000110011101010
1111110101010100111001110011100101010000110001001011000100111110000011011
0011010000010111011100010001011010111110001001010011110011110001011100100
1000111100010011101110111000011001001011011001000101111100000001100011100
0110100110111111000010111010001001100010101111000111010101000111001011010
0011101110001010110110100101001011111010110000110000100101100011100000001
0001110000101110101001011010011110010100011101100001111111001011010001110
1101011110000101110111101101100110001100100101011010100011100010101101010
0001100010100011001010101001110101010011101001111110011100011111001110100
1000001000001000101100001010010101111111111111010100001001001111001000101
1100011000110010110011000110010001110001110101001110111111100001000110001
0011100101000100011111000011111010000110100011111100101000001010110000000
0010010011010110001100010011101111001110111101000000110101011011101110110
0100110001101001000000111101110010010101001001111110011001011001100100111
1101011001010101001010001010110101101011111111000111011101010111001110111
0010111100010010011000011111111000000001011001010101110111010001101100111
1101110111100110011110111011101100011110111101011000111101000101100011010
1101110100010011110110010101001000110100010111101011011101111000101100010
0010010000101111100100000101110001000000100111011010011000111111110101110
0000111100100001110000110000010100101011100000111110011111111011000000001
1000001111010110110101001011001000111111110110001010111100011001010100110
0101100110101100001000111001101000100000011000010100001101011100001110110
1000110011010011000100001000010110001011101011001001011001110011001001000
0000110111110011000000101101001001111010001011111010110110000110100010001
0010101001101000010001100110100001011010111000100000110000011001111011110
1110111000001111001100011001010000111000110111001010100100110010101000001
1100010111100001101010110110111000111001101111000101101111001011111100000
0111011011000111000111111110111100111011001101000110101110110101111101111
0000100100011000101011101111001110111011000011000001101011001111011001001
1010011010011100111011010001010000011111111101111100101101110100101011010
0010000011001000110110011011000000001111110001110111000010000001111100000
0000001001010101101010110010000000000110100001011001010110011100010110111
0010001011100101000110011011111111000000101100111011101111000100000110111
0111011000011001001010110010001100000100101010110100100001110001010000010
0010001101111000110001110010111000001110001110110001001001101101000001001
1010000110010000001010100010100011000001000001000000100001110100111010101
0011000101001100101000011001100111001111101010110101101101111100101110100
0011101000101001100000111100001001011000100101011011101000000101101100111
0000101110100100101010001011110001011010110001101110110101101100010001000
0000011110111101011011001010010010111100101100011110100101001101001100011
0111010000100000000000001110010000000111010010001001100000100110001000101
1111001111001011010111010111001111001000101011010110110000011010101001100
0110111011010001010100100101011111000000100101001000011000001010001101000
0100010111110010010110000010010111010011110000100101100101011100010101110
0001101100111000010001110101111001001101101001010011010110101011010110110
0010000010110010110011000011010101101011110001011000000100010101011100011
1101010000101111111001011110111010100010100110110010011110011011111111101
0010011001000110001100111011000000011001000000010111001000111111010011001
1111011000101010100000000010001111110111111011001010100110110001110110101
0011111101101000010010000000111000011010100111101110010000100111011000011
1111100100001010101000010001010001010011101001110000101010001110110100001
0010111011100110111101110111011000100011111111111010101000001101010000001
0001111010000100100000010100111010011000001001110111111110100001101100101
1101110011010110111111000110110101011100001010111011000110011001110111110
1111010011111011100001000000100101010101001111010100001111001011111100110
1000110111101001000111000001101010110110101001000010011001000100110111100
0100000110111001111010101101011100010010000000110101010001110000011010100
1101000110000001001011100110010010111111111110001010010011101101111110010
0011011000001000100000100010101000101100110101111000000100001100011111011
1001111101010111000100001111000001001111000111011110101010000101000011001
0000101011101111011111101011101000100101011011110000000001000000100011101
1001001010110001101001011100100000001111000100001100110110101000110100101
1100001011110010100001001001111001100011100101100000101010000100110011111
1011010100111010101010111101001111010011001111111010001111010000001000111
1011100100100111111110101110101100011110111011000110011111010110001010100
0001111001101001100001101001101101110011000110010010101110000011100000010
0110000110100111100000001001101101010001110101110001110111001100111001001
0110010111011100110001110111010100110010010100111100000000111110000001100
74
01101000111100101000110111010101000001100000101101011010110011010001110101
00010111000011100010011010011011110001000100111000001111010100101111100101
01010111000011110001110010101110001000000011101100110100010101111100111010
10000100010011111111100001000011100000011110100010000100110110000101111111
01110010000100011111110100000001010101001000000001111101111000010011110001
10001010001110101011011001010101111101001011001110010111001011011110100100
10010000111011101100010101001001100110000010000010010101100010010001010100
10011110111010011001010010101111000100001110100101111001001000100110010110
01111100001000001100000110110100111101000011001101100010101010110100001110
01101100101111100011111101111101011000110010000111101000000001111001111011
01111000000000011010011000000110000011110110000001100100011011100100110001
01110011101010010101011000110010011010101110000011110110010011100011100011
10001000101001110101000101111011000111110010101011101101111010110010000101
10001101101100010000101110111000011110100001000101111001001000010001001111
00001001101101011011100010100001111100110001001001011010011100010110110110
11000110110000000010110101011011001000010001011101001011100001100101111100
01100000010111010010000010101011101011000010010001100110100010010101111110
11100101011001111001110011010100011000100110110001011110100110010100011001
10100011100111000101101111111110011111100010101000001100111000011101001100
11000010101001011000100011000000100000011000110010111000101010010010101001
01000111101110001000011000000110110000000101010011010111111001101100111001
00010000100011101011000110110011101000011011101110111101010100010000001111
10111011100010111101010011110111000111111010010101000011010100111011101101
01110101001100101101101000101011010100010011010111100100000111001101011111
00011110011110010000100100111110000000111000000110110110110000101110001010
01101001101101101000110110101111100100000110000110110111010110111111111000
11011110001000010101100000001000111000111001100000001011000001011001101110
00111011001000101001100101101110110110000011010000001101011000101010100111
10011100101100100101111000000000000001010101000101000110101110011001101100
01011010000111111001010100101011001010101011010111100010000010001000101010
10001110110001100101000000101000000101111001001001111100111100001111001111
00100000101101000111100010111010001010000101110010100000101000011010111110
10101001011111010110001110001111000111110001100101110100010111101011011110
10110011001010011001011011001111101100000110010001001100001100100101001101
11011011001010000001101111011010100001011010110101011101001101111010000010
11110000011100011101110010101101001000011101000010000000100111110010000000
11111101110000110101110111101010011101100111101011110001100110011000001010
00110011010101110101110111110101010100110101110011101010101011000110101001
01111111100000011001110101011001011100001000101100011011110111001010100001
11101111100101001110100001010101010010100111101101010111110100000100010011
11100010111011111110100101011001110011010111100110000000101100111000110001
10101110110011111011011110110110101000100001011111001011000000100010011001
11001000000001110001100010101011100101100101011101100101011000101110000100
11011011011110001111001011000000011000100000000111011000011000010011110110
00001110111101111000101111011110010100000111001101111101000101000010000101
10111111111111100010010011101010100110111001101101101011101110000001001000
00011011011101001101101111111101111101001001000100111011110000100011011000
01011010001110101111100000110011010111000000000001111101100101110000100110
11101001101001111110001000111010111000110010111101010000100100100111000011
01110110000000000011010011110001000100101000001000111000000100111111100001
11010110000000110110101000111000011100111101000010000101111011010001011011
01010000111010011010001100111101010101001110010000101010000111100010111111
00110110101100001000101111001101100110011010000010100001111100001001001000
10000001110001110001001000100101000111101101011011011011010001010010100110
00111011011011000011010100010011111110001011100111101000010001100001110110
10110000111100101111000110001111110101001001000011010010010100000011100100
01100101011101100000011101110100111000000111100001010111010110101101000000
00000111110001011101000100101101011111001100110111010000001100111110000100
11110010010100011100011111100100100110110100101111010111100111000001111101
10001111111111011011100010110101000001000111001000100110000010100110111000
01101001010001110010111010110011011000011111101111001111010000001110001101
01011011100011101111011011011111010010011111011011001001110110111001001100
10011110000001101111010100101111000011110001110000101101001010010101101001
01010001001100010000100110010110110001110110111010011011101110000001101111
10011011101111111101010000000000010101010101111110110111001100110010000111
10001010010111000001011000111101101110101101111100111111001001011001010110
10110010111001011110110100101100010010011000010100101010101001110100101010
00100101101010100101110010010101001111111110100100010100010110001010010100
00000011100011000110010110000010111110010110111010101000110011001101011101
01000100100111000011011010111110011111100010110111001101110011111010001010
11001111001110100000000000010000001100111011100111000111110000001101000001
00101000011100000101100011000100001111111100011011101000100100100010011001
11001110001010010111101001001000010101101110111001001001111111100001101101
00100111100000111010000011101101101110000011011100001111110101000111010000
1
0
2
01
00
