75
010000110111000110111100100101110101001010110101101010110010000001001100001
000110001000001110010000110101101001111111000001101110001101011111000111001
110111001101101000101110001100111001001011000100011001001000111110111010100
100001001111001011111010000001001000110011100001100100110111011001011011011
100100001100010011001000001011101100110111100101111111111111011100000010000
110010110110001010111100101100110110111000110001101011100010000010001101101
011110000011111001100110001011111000110011100001000001111001100110011001110
011110100001100110110000010110101110010100010101101011101000100111110011010
100001110001011001111010111000001001010110101011010111110011001000111000011
010000111011100100000101011011010111001010110101001101110110100010110010010
011010011000110010111011110001110110111101001110101000101110010000001001100
010011000010011111000010011110110011011000011111100110100100110000101010101
110111001001000101100110010000111110010100110001000011111001110111010000010
111101010100101100000100101101010010101101011110000111000010110110100001111
100010010110100000110011111111100010101110011110000001001101010000111101011
001111101010001011010111110100100111001010111110011100001011101000001100000
001000101100111000000101101110010000000001101111011010011111010011110100110
111001010110011010011000100011010110100011011010110101000110101001101011001
010010000101010111010011101000111110010100010010110011101010100111010100110
001010100101110010000101111111010001010010101011011001011111010010110100100
010000110101111110110001101000110101001001011110110010101110000011000000100
010110011011001001101010110100011100110101010000001110101101011111001011000
110011010100010011011000101010010000010010001110101101000110111010101010101
111111111001110001000110010110000101001100110111011000110001010101100011000
001110110101100000000001011011011000110110101101100100110010001101110000111
101111100000010011101010001010001100100011110001101111100111010010011010001
110100010010100101000101000100000011101111100111010011110001010110101010010
000110101110100001101010110001011010010110100100000011011011110111011100011
111101001010110100101100001101111001001101010000000001001000111110110010010
001001011001100110101111011000101011100100001000111110010010011110110101001
000100001100010011010111111100000011101000101010011111011011111011000100100
010110011000001100000001011001101111011111111000100001010101110101000111101
100001000111011111011011001000100000100001100011110110111110001011001111100
011100101001011010010010101111101000111010010101110110011101001100000110001
111110101000000010011111110010001101110100001000101011000101100110001111101
000111110010111011100110110100001100111110000000011000001001101100011101111
101000011101100110111011000110010000011001000000110111010100101000110111010
101000000100011111001001011011101000000001110011110100111110011010001111110
000110111000100011110110110101001010010110000100001011001001110111010100011
101101100101000111011010010000101100110011100101110101111111000110000010010
000001010011110010101101000011101010110000011100100110000010011100111100111
100001011101101100110011100101100111001010011010001000011101001010111101001
011000010011011001101110000011000111101011011010110101100100101001101011001
011110101010000010010010101101101011101100000001100110011101000110001111111
111111110100100000100101011110001101111100010100001100000010001101110100110
010101101000100001110100010011111011110001110001011001111001100110010000100
111111110100100000000100110111010111101110011100001101000010101101100000001
001000000010011101101110000111110011101011101010011101010100101001101011001
001000101100111110010101001110100001001001001111011010001111010011110100110
110101110111111000000110110110010010001011011010000100010010101100100001001
000100101001111001101000101110011100110110110000010000011011111100010101111
101001110010101010111001001110010011001001000100101001000100100001111111110
001100100110001101010011100010010001010101101111011100111011100000000101001
110100000011000110001101100001001101010011011000111010010101111110000111111
011000000000011111010010000111110111101011011011111101000100101001100011001
011001010011011101101110010010000011001010101010100100100100111010100011001
100101001101010001000011111001010010100010101011010101110011111001000100101
101001111000110100100001101111100001001010001110011010001001010011110100111
011000110001101000000101001010010111101001110101000101110100101001110011110
101001010111010001101010100011001000110010101011010100110010001001111000011
110111001010001010011101111001001100010111011000100000000101010101001111101
100001111100000101101000100000001111100101111111010110100011000010110000011
100001110111111010111001011100010010001100010100100110000100110000111111110
100101001111001111011010010000101000110001100001100110111111011011001011000
100110001011001101000001100000010101100010101011011110101011101000001100111
001011101111011100010010011011000111110111010100011011010000011010001001110
110111100010100100101100010100111111011100010100001011001000100111011011010
110011000011010101001111001000111110010100110011010011111000100111001100100
010010010100110010111001100011110100101100001110111011111110010000000000100
001110111111110001001111111010000000000100100111010000110011010101101011100
100001101010111110111000100101100001001011001110111010001101010011011000011
101010001101100110111010111110100100001110001110100000001101010010011010101
110110011100101101000101011111000100101101100011010010110001010100100010000
111011000011000101011111010001111110000001100111010010111000100100011101100
001010110110100110111101001010101000110100001100100100000010001101111100110
75
011100001010111010011000010010110111001000111010100001001110000111101111100
001000011101100110001101110110001000111011010001110010101001110000010001110
000101001101001001010111111011101110011100001110011000011101010100101101010
010010011011101010100010001111011110011010010011000110000111001000101101111
111000101110101110000001111001111000111001011001010001100101110000011000100
110110011111011000100001010010101110010110110000110111011000101100000111100
111101001010111000010000001001110111001000011100100111001110010111111100001
101010100010010111001001111011111101100000100101111000001100110100110101001
000000010111110001101010110111110000011011110000110010101000000010101011011
100100110011001011101010110111110010000110000010010110100111001011101111000
011000000000011100101111100110111110100101101001010011000101110001011101110
100010110010011111011111110011111111101000100111100000000000110100010001001
001001010111011010100110010100110101010111100000100111111101001100100100010
011110000100001111011000110010001010110001001110101001101011110011011011001
010000011000000111011100011000001100110111010000111001110110100111111011010
101101101100100000011101001111001010011010110101010100110010111001010001011
001001101010000101001010100010000001101111110110000110010001011110110011101
110111100010100100010111000010011010100101010111000001111001110000010100110
111010110001011111000000111001001101100010101100101001001000110100111100001
010111011110100010100000110101011010001010011111001110010011011100100001101
001111100000100001110011100000110001100111000111011110000111000110100010101
100111111100010010111011111100101101000010101000101101010101001001001001001
110011110000011100110001011001100001111110101010101001011000110000110000011
100100101100111010110000110111001011000101110001010111100001011000100000110
100101100000101101000010010111101101100000010101010100101110101011101011011
000100100010000111001000001011100111110111110010001110011101001110110011101
110001001111110011011001100010110011001000110100101001011010010111101010100
101011110001011011101010011011000111000110100100101101011000001101100101001
000010100000101000111110000001111111111011001011010110011010000110001111101
110001000010111011001100001000111111010100111010101001011010000111000111110
010100000000011111110001000100010101111000101101000111000101111101011100010
011001000000011110100111110100001111100100101001010111010000111101111100010
100000101100100010001010011100100101000001010011011010111111100011001011110
010010001100010111011011001000000000111001001000110001111111110111011110011
010010011000101010101110100000101100000010011111001100000111001111001111111
011111001110011101010000000000000110011000011110101101111010001011001110101
101101101100100100010101001101001011011000010111010100110010101111100010011
100000110111000011111101101100011010000010001110000110101011011011000010010
000001010110111001101101110101011010010011111100101010110100010010001110001
110110111001010100110100101010101111111010100000111001001100110000010001011
101010110011010001000001101001111101100001000111111000001101100110100110101
101101110101000100110110101101110011110100100000000110100110010101110000010
011110100100011001011000100010001111110010001000101011111010101101101101100
001000010111110000101110000110110100010111100110100010101101000010000111011
010101011101101111001001111100001000100111010011110010101100110000010101100
110111001110101000000111010011011100000101101011000101110000101100110011101
010011111010101100100101101100110100001101100001011000011111011000011010110
101001101100111010100110011101000101011101110000000111110001001100100100110
001110000110000111011001110010111010110001000111011000100111110011010011001
100100100001110011110110011101100011011001110101001111100101001000101100100
110111101111100111000001100010110100110001011101000001110000100100010001100
111010011011011001100010001001001100001110111010101011011000101000001110100
101010010001011101100110101101000111100110000110101001011000001111100110011
011100011101000110011000110010001010111011011010100000101011110011011011000
101101110011000010111110011111110010000110000010000110010110001011000011010
110110111111010000101001100000100010010111011000110001001100111100111100110
000110000111001110011101000000110010101001000101111000100111110011111011011
010001001001010111110011001111010001110000100101001111000000111001011101000
011011011011100011100111010100110000001110011101011110010100001000001000111
100001111001001100100010101111010001101101101100001110110110010101110000010
101100101100100010011101011111000011011001010011010010100011000111100011110
100101001100101000001100110111001011100010110101011110100010100011011000010
111010111011011001101010001011001100001111011000101001001001110000011101100
010110001110010101000111100000001001011100011010110101101110011011100010111
011111010011100101110111000100110000000101101111011100010111001000001010011
011111011001100011111011010010000000001110011111011100010010001010001011101
010011000011010101000100000011101111011100011010101101100110011011000111101
101101001100100000011101101111001011111010110001010110100010100111100001010
010001010001100111011011010101000000110111011101101010100001100100110100100
010010001001011110011111111000001000110101000110101001101011110111010010001
011110110011100101110111000100110000000101101001011000010111011000011000110
000010100000100001101011001000110101111011000011010110010011010110001110111
001000111101111100100110100100110100111101010000100011101101010010010100010
100011110101010010111100011110000001001010101100111101000100001001101100001
111011000110101001000001001001111000010001101011011101110101111000011010100
75
001100110000000110011101011011010011010101111101000100100111101000010100010
100000001001001100110011111011101001111011100100101100110011010111101001000
010110000011101100110001101111001111001011110100111100110011010110000001000
010000011101111111001001011010111100110110010101101000010110101101100000100
110100011010110110111000010110111000101111000011100001000010111011100010101
111110101010110011111111000011111000100000111000000011100010011000010001001
011110000110000001010111000101111110100000011110000011010110011111110001110
011001100010101100100010000001000100001011101111101010101010001111110100101
101000110011110010000100100001100010110111101110101101110100000001110111011
111011011000110110101011110011010001010100010001110110001010011000010011100
110100000100100100010010000111111000011101111000011001010110110111100110011
100011110110001011000001001110100111000100101101100011110101110100000010011
110000100001010001101111101001100011000110111100011101101001000000011010111
111000110011000011000000110111100010010001101010111111110100000001111110011
100011101110110010101001110010010101010100111101010110100000011110000001001
000001101001111001101000111000100101010101000111110111110001100101101000111
011000110010100100111010011101010011110100111000000110111111101000010011010
111010011110001010010110101001001111101001000110110101101000100111011100000
100100101011010001001101101111000101110000111100011101110000000001111001111
000100011101111100101110001100001110001011000110001010001111100111101110100
011000111011010001000000111001100001010101101000011111110001100000011110111
011110010111011110001010001000111100100010000101101000111111001100101110100
101110001001011100101001111100000111111100000000110101011010001101110010110
000010011010010111011100000000011010101011010011110001110011011010000101101
100111110011000010010101000110001010101011101011101010110100010011101110010
001001111011100001110101101000001111001110101011011100110000010010001111010
000011111110011000000001100100010110000000111111010010110100011101100011110
110101011100101101001101010011110001100001000101000101000110111100011111001
000000111000100111011111011001110111000001101000000100100110101001111100010
000110000001001100010111111000001101111111100100111110001011110110001100000
101000010100001011110011111001001001111111010010110101011001000110111001000
011000011001110101111010110001100001110101000010011111001010000001111110101
100000011101111110101010001110010110000001010100101010001111101100001111100
110011001110110010001001100100110000001001010110111100000000111111110010100
010111010110001100101100000101110101100100010001000101110110011101010010001
000111111010010000010101101000001100101010101111010010110001110111100010110
101000010111111100011000011010001100011110010011001000010111100110101101100
001011110001100001010101111110001111001001111111011100101001110010000000010
100101101101111110101100001110011010000001110001100010101101100000011001001
011001110000010001110101101110001101011001111010000000011000110110101011110
100001100111011111101010001110011110011100110101110000101100100000011001001
000101100101101010100110011000000011100010111001110001111100010101000101011
000110100100000101010111000100111110100000010110001011111110010101110101111
010010011001010101011110110111010001000000000110001101000011100001011111101
011110000100000101010111000101111110101010110100001011011110010110000101011
000011000110010010001011110010110010101101000010101100111001111110011111100
111101000111101010101110000111001010001011001001001010000110001010001100101
011001101010110011111010000011111100000100111100000001101011011001011100001
100001100010101010111000011110010011110100111011000110110101101001110001010
110111111001000010010100100110001010101100111111101000100100110010101101010
100011100101001111000011001110100011001111000001100011111111110000011000010
000111110011000000010101101000001001101111101011011010110001110011101110010
111110001010100001100111010110100110110111010101010000111001100001101111000
111100010100001010010100111011001101111110000110110110000001100111110010000
000110100110000000010010000101111100100100011010000001010110111111011111110
100011010100101001010000000111011100011010010011010001001100111110101010011
111111101011011100101001111110000111100000010010110101100001100100000000111
011011010100101101101011010001110101010100010101000111001010011100010011001
000000001001111101101000111000100101011111000100110111011001101100011000110
000111111110011001100010111110010110000111101010010000110100011100100010110
011001111100111000100111111000110010000001101011000000000101011100001110110
100100011000110111111110000010111000101010010010100011001010001011100011101
011000001011110101111000110001110001111111111000011111001000000010001101100
100011001100110010101001110010010000011010010011111110000000011011110101100
100101001101110110101110001110011010001011110001101010001111100000011101000
101001000101101010001101010101101000111110001110011000011111101010100001101
101001000101101011001001010101001010011011011111001000101110101010000000101
011110000011001100010101111001001001110101001010010110011001111001101000111
101111111111001010000011001000000111010001101000100001001101010101100100011
011111100101101110100010001000100111011110000000101001011111010001110011010
111101110000001101100001000011100000111011101011111000001010001111111000101
100110010011110101011110100011010111010000000011001101011011100000111010101
111001001011011011000000110111100010011011001001111111010100000010001100011
011111010100001001010101000101111110101010010111000011000100011111100011001
111100100100000011010110111011101101110100000100111111100011101110000100000
