23
01010001011111100111000
00100001010101010101100
10010100110001011100110
01000110010010011000001
11110100001001111101001
11000000010011110100101
11101100000001100100001
00111110000000001000001
11011111011001111100101
00001011000111001111100
01110111010010000100011
00111111101011010100101
01101011100001110101101
00010001001000001101001
01110001011101010011100
10000011011001001010000
11000110001110100001100
00010001000000111010010
01111111101111001000101
00110111101100010110110
10011011001001010100010
11011111110111111010000
11100000010000111101110
34
0001111100110010111000010000101010
1010111000110101111010011000011111
1001111111110010101111111101110100
0100111101000100001001111010100000
0000001000011011111100100100111000
0000101100000111110111100111110111
0000000001011111100110010101101000
0100101011110110000111011100111010
1101111000001011111111000100110101
1100110010101101110110011010000010
0001111010000101111101010010011100
0001010011101101010000100110000110
1111010100100101001111011011000101
1010100010000000110010111101011000
0101000001111101011100101111101111
1011000100000100001011110110001011
0001000100011011010000000111111011
0011001100001001000111011000100000
0000011101010100110010100111100101
1101000000010101101010010100101111
1001100000110010100000111010110010
1100101001010110101110101111111111
1100001111101000110100011001110001
0000110010010010101001000100001000
1000111010110001101100010101101111
1101000001101000010010100001000011
1110101110000100010100111100011001
1101100111110001010110010010001000
0100000001111101000000010111000001
1001001001011011011100011101100101
0011010011011000011010100100110001
1001101101000101110010110111101000
0011101010101100011000110011111101
1011101101110100010010010001000100
24
010011000110111101110010
000100001010111001000010
110101100101000110000110
100010010111101100001100
011001011011011001111110
010100111011010101100111
110110010101010010001110
111000000000111010101000
101100110101101111001101
010011010000101111101111
001000111100101010100111
110000010110001100110000
001011100001011101000011
001100001111001101010110
001001100000000110000111
010010110010000001001000
110111000001110101111011
001100110011001000100110
011100101000111100001111
011101111110101101100010
111001000011111001010001
110000010001100110011000
000100011001000100001100
111110110001010101010110
24
000001100001111011010101
101100110000001101001100
100001111110010000111110
101010010001000010010000
111001100010001110110000
010100000000010110101001
000101011001101001011011
100011000110100100100010
110111010101010111101001
110111100001011110100110
110101101100001010101101
011011010010110110000111
011111001110011010010011
010110110010000010100100
001101011001010110101010
101100100010110010101011
011000110000000000010110
001111010111111110000011
110100100001100011001100
010001011111011101100111
100110010101110011010101
000111111000101101000001
110111001010010000101100
011110010100011010100010
23
00110100111111111000010
10111100100100010001101
00001101001000101011110
00101111111100100100111
10000001100001100010100
00001000100110011100110
11101100000110111011110
11000110011111001011110
00100011001001010001101
01101110100011110010100
01001110010101100010000
00101000110010110110111
01111000101001110001100
01110110000100110101011
01000101100000010010110
00111001001000001100110
01011000111111100010010
11101011111010101000101
11010100100011010100000
10011100011100111110111
10000000001001001010001
01001000111010000110101
10101111011010111010000
27
011111010001101100000110001
000011110001101011111010000
010110010101001010010001110
010000111100010000110000010
000101101101001100101011101
001100110100100001011100011
101000001010010000100101110
000010101110001100011011100
111001000111111101110010110
110000100000111001001111100
111111000101101101110001101
000101110100110000000001100
001110110000001001010110001
111011010010100100101001101
000101100001010000100101010
011101100101101001001001111
100111111111111100101110101
101110110001011010101000001
101001010101100100010010111
100010100101011111001010101
101100101011101000100001101
011110011011010101111000110
001101100011011101001100001
110101001000100011110110000
110101000000101001000011000
110010010111110011011011101
011100111101001000000101100
42
000001110010001110110000001011111011110100
100000100011111011000100100001000110001010
110010101001011000000011010000111011100000
111011111100101010110101001010010101001110
110001000000000110011001101010011100101001
011000100100100100000000111010001011111100
000010000101100110011100011001001000111011
011011100000110100001011110011000010110001
110011110000100010001000010101011011110001
111010011010001110101011001001100111101111
001111111001111111000100010001010100110101
100111011100101010010000100000101011010100
101010000100011110001001001101011011000101
100111101101001000001011100100000110001000
000011111000000101001000101101101111111100
011100001001010001011001100111000100110001
001001010000011101011111011010010111010011
101111111101110000011111001100010000010101
011011111011111111011111111110101010000101
011001011110111000001110110001110001001110
111101000011000000000110110101101011001100
101011011101111100000001011110101111000000
110111101011101100000100011000111010110101
110001101011001000011010110011011110011000
101100101110100011000110000101010011101001
110110000101111101000000101001100110110111
011000011011010100011001100011100111000011
111111110111000010010011011001111101111111
011000101111111001011010110101000001010000
001111000001010011100110000000101001010100
010111111010110111000001100010001101000010
010001110101011100101100011011100000001001
010100010110010111010000111010010010010111
101001111001100001111010100011011001100101
000110100010000101010000000111110101110100
010010110010010101100011010000011000010110
010100000001110011111101001011111001000111
011110000100110000111100101000110100101010
101000011011100111100110011011101111100101
011010111000010110000101101010110000010000
101011011011111101101111100011010110001101
111101000001011000011101000011100011010100
41
00010010000000100001010110100110111101001
10100011101011110001110101000111000110010
10000110101111001011100011001011000100111
01101110100100001001011101011101101011000
11100000100101100110111100101100101011001
11001001011111010100110111111101100110011
00001101001011100011111010010100001100001
10111000111110010010011110010111000010111
10000110001001111110111001001100110111011
11111010101011000011001111101001101011100
10011000000010000011111000100101001001100
11000010111011110000101101001000011001000
10011000100001010000010101111111110001100
10010001001000111010101110011110111010010
00110101011010011100110000110100010000100
10111010011000001010110111011110110011001
11001111011110000110001011111110110100111
11110011011111010001111110010011100100100
11010100000110100101000100000001001010001
00001101100111111000001101000010100010011
10010001010010001011010011100101000010000
00100000010101001011000010110110001101110
11100100000010110010110001010111101000100
00100010101000101000111000111100010010100
01011000101110100011001101110011011011010
10001011001001100110010100010111110110011
01110011100101010111001001011010010000101
11101000111100000011100000001001100010100
11000011001000100111111011000101000110001
00100000010100000111000010110010000101101
00011110111100100010100100011001000101010
10001010100101111001010100100100000101110
01100011001100100010110110101111000000010
01111111011000000111111000011111101100010
01100101100010111101100101111111100010111
00011001011111110011101110110000101000011
10100010001110101100011000100111110100100
01100111000001101111101101111000111110010
11011110100101010011100011001010110101000
10011010011110110110101100111100000010100
01010000011111100100111110010011110011110
43
0101011101000011100110000100101101111001111
0010001110000100000010101110000111100111110
1001100010010111000001011011000001010011100
0100011000011001111111000010000110111000011
1101000011011011101110111110100111110110100
0110100010000010001100101000111011110010110
0010110110111110100010001010000111111101111
0011110001010010010000010111000001011010010
1001000101111010000100000111100011100011110
0111011000100011001000110000000000100001010
1111110100011000000000001111000111101011111
1100010001000111100101001011100010011001111
1110010101010011101100001011111001101111001
1001110111101010111110110110001001111100000
0101000000100001100010011110110001101110000
0100011110100100010010110111111101010111000
0110010111100001010100110000001001000000001
1110111011111010001101010000101000111011010
1110001110110011100001011100001100011001100
0110001101100011001011000110111110000011011
0010010111111000111001010101011000101011011
1100111111101111100000011000111010100110110
1011001110111010011111011000111100001001110
1101011010111000000100001001011111011101011
1001000111000101110110000101010010101100010
0011011001011000110001110001101100110111011
1000010001000000111011111100011111010000001
1101111001000110111101100010011101011011010
0111001101100100101010011011011011111101100
1111101111110100111000000100001000110000101
0111101111110010000000001000000011111110100
0010010111011110110011001000111001110110000
1010000101001111111010100101010101001111111
0001000001010000011111101100010000111100011
0010000100010001101100110011000010000101101
0100000011101010100111101000000010101110011
0110110011000001100101000110010100100000010
1011010111110000111110100011010000001000100
1001001001010100101000111010110001101101111
0001110100000110100001001010011101011100010
0001000101001111110110011111000101011001001
0010100000001111101000000010111100100100100
0110110111000111011001101001101100001101010
48
010100000000001011100110010100101000110001101001
001011100111000000010111011111010000011101100000
100010101101001100000011111100010010011110010101
011000110011011111001101000000101000110110101001
100101010000101100001000000011011001010111011001
101100100000010001011000001000010001000000111100
100010010111011001010110001010110011001101111001
111001001011011110111101000000011100001100010100
110111100110101110111011010001101001100000111101
100111010000010011100110111000101100111101111001
101011000100011110110101001100010110001101000100
100011001110101001111100111010100011100100110001
111101110110011111001111000011011100001010100100
111010001001000001101011001100001101100100110111
010001000100010000011001101110001111111001010100
110001100101011011011100011100011111111001010000
011011100001011001111010010010011000011111011100
011010011010001000111010010111101010000100101010
011111100000101100001000011011111101100110011000
101110000100110000100101011110001110011100110101
111000100110000000010111100000001100111101101110
001011001000011011100011111111011000000101101111
000111010011001100110000011000100001110100111110
100011100101000111100010111101100111110000000000
110111111010110111110010000010010010110010011111
000111110010111000001000101110110101001000100001
100110011000100011001000100011001100101110010100
000111111101100010101010101000010111011100010011
101101011110010100001011000100111001100011111000
101101110111011110011010110110010110101101010001
011011010010111110011100101101000011110101111110
100100001101011001011011001000100011101001011000
011001100011000000000011110101110001001111011010
111111101001000011000110100010111001000101000111
110111011100110010101110011010001100110111010100
111100010110100011011100101001000010100101100011
011011110010100011010100010100001100011111001101
000001111011110001100100011011011101000010000011
100111001001010001100111100010100111010101100000
100001001000101100000001110010010000010011011111
110001111111011101011111010101110101001000111001
001101011001110001110011111100000000010010001000
001010010010001110100001101101011110110101011110
110100000010100001001101010000000101111001000110
011000010011111100010001011101000111011000010000
110110100101000101100001010111011001011011001011
111111111111101110110001011011010010101011001001
010001010010101111101011001010111010001001111000
