75
000000000000000000000000000000000000000000000000000000000000000000000000000
100000000000000000000000000000000000000000000000000000000000000000000000000
110000000000000000000000000000000000000000000000000000000000000000000000000
111000000000000000000000000000000000000000000000000000000000000000000000000
111100000000000000000000000000000000000000000000000000000000000000000000000
111110000000000000000000000000000000000000000000000000000000000000000000000
111111000000000000000000000000000000000000000000000000000000000000000000000
111111100000000000000000000000000000000000000000000000000000000000000000000
111111110000111111110000110011000010111111000010100110111010110010010010001
111111111011100101110111000000110001011100111011100111010000010110001000011
111111111000110000111001010100010010100000011101101010011111011011010001111
111111111010010111101111100010101000000000100101110100101000110001110011111
111111110001011101000101011001011001010010001110111111001001111001000100101
111111110100000111101101011100101101001101011011101100101110001010000010100
111111110111010100111000100100001000101011011111110000000001111110101110001
111111110010000011111110001111011100001111010000001011000000111011010101011
111111110110101001100111100100011111100010010000110101011110111100110000000
111111110010001000101100111010101010111101101001110011011001001100010100110
111111110000100000010011111111011100011100010101110100101011010101001110010
111111110001110011001101101000100010001110111100000011100111111101011010000
111111111100100010100100010101101101011010101100011010011001110010111010010
111111111010001000100000111001110100001011110111101110000110100101111000101
111111111010111001011100011100011011001110100000110000110100000011101110101
111111111000001101001110001110000011111010000101101110100011101110101001010
111111110110110100001011001111110001000001100000000110011011101110011110101
111111110101001110010001100001001001001010110001100011111010001011111101110
111111111111001010001000010110000111000101110110100101111001111001001000011
111111111101100001010100010011111011101001111101010100100010101000010101001
111111110110111010011110010000010000011001001011010111001110101001101011010
111111110111011011010011001010110110101011101100111000001010010010001000110
111111111010101110100011011010001011000011110111010011000111010010000111000
111111111001011001011001011000101110010001010001001101011000110110111111000
111111111110000000010101101011000010001010011010011101111101100110000011111
111111111111101001010011110110101000101100000110001111000001001011110010100
111111110101111100101100110010000101001100000100011101000110010110011101111
111111111011001101110100000011011100000101001100000010111111011100101011100
111111110101110100111110111010111011000011010110001010111000000101100000010
111111110011011110010110111101101111100000011000100110000101000000011011011
111111110011100010000000101000110001110101010100111110110100111010100111110
111111110011101010001101110111111000110010100011001000101100011110001001001
111111110111010001100000101110010111011000101011000110101101010011110101000
111111110111100010111011010000001110010110101000101110100011100100100101101
111111111010111110100001000010011111111000011010001000100000101101011110110
111111111001100001001011100011000111000111001011111010001100001000111110011
111111111001000110100111111000110110101100000010010000011011101011101101001
111111111100010111000010110010011000010111111000111100010101001111011001000
111111110011000111111011110101010011011001000101011001110101100000011000100
111111111000100110011010101001001111111001101100000101001100011111100000101
111111110000000100011000100110111111100110101011011111010010110001001011100
111111111110010100010101111000010101110111100001001001100011011000110010011
111111111101001011110010111110100001010010001001000000010110111101000110111
111111110010001101011010010001100001100100111010011000101111110111110100010
111111110001011010100010001101011010000100101111011101110010001110110010011
111111111011011000101111100101000001111111111100001100011010000001000111000
111111110110101111001100100011110110010000011101101001010011000011100110001
111111110001111100110101000111100110010111110001010100000101101011100000110
111111110100001100010111000100100110011001100110111010110100011101010111001
111111111101101101101001111101010100100001101000110011100000100111000011010
111111110101101101001010001000011100111110110111000000011101100000010011111
111111111101010110000110010111010010101100110001101011001100110100100110100
111111110110010001100010010001100111110110010101010011101000001111001011101
111111110000010001000111110110001100110001111110000011110110100010101100111
111111111101000000101110000001111010110011000010100101100111010011011110110
111111111011110100001010011111100100011010011010110001110010011000110001100
111111110001100011110100001110000001110001110010111001001011000101111011101
111111111100011011001001100101111011011101010010010010000011010100100001111
111111111110110101110000101101101010010100100110101001001110101000001101010
111111110100111000100011001011101001101101001001101001110101110001101001001
111111111011110111000000000100101100101011000001011111111111000101000100011
111111111111010010011101001011001101110100000111110010010110100111010000000
111111110110100111000101011101000010100111001111000100010000010101111101110
111111111100111011111110101001000100100000110011011110110001011000001100100
111111111100001110111001001110110000110110011100010111101100000000111100001
111111111000111010010110100100110101000111001111100001101001100110010101100
111111110000010011111001010011110101101010100110100101010101001100100111010
75
000000000000000000000000000000000000000000000000000000000000000000000000000
100000000000000000000000000000000000000000000000000000000000000000000000000
110000000000000000000000000000000000000000000000000000000000000000000000000
111000000000000000000000000000000000000000000000000000000000000000000000000
111100000000000000000000000000000000000000000000000000000000000000000000000
111110000000000000000000000000000000000000000000000000000000000000000000000
111111000000000000000000000000000000000000000000000000000000000000000000000
111111100000000000000000000000000000000000000000000000000000000000000000000
111111110000010000000111111101100110011000010100001010110110101110110111110
111111111001001101011100111000001011001110101100010111010111101000000101010
111111111100011011011000010010011100011001000000001101011110010011110111011
111111111010001000101110001100011101000001111001001100101011001101001111110
111111111111011011110010101100100001010100001010011110100000101011010011001
111111110101001100100000100011010010111111011000101110011010101101000110101
111111111000000100010111101010011010010101100010110010101010110111101001011
111111111011100011010010110111110100000100010000100011011001111001001101110
111111111101011001011101000101100110110111110011001011111010000000001001000
111111111001011000000001111111001001001101001101101011101101010010001010101
111111111110001111000101001000110100111101001111100000001101101010100101100
111111111001010001100100000010101010100001010110110101110101001111011101101
111111111000111101110010111001111010110010000011000000001111001000011010111
111111110010110101001001000110100100011111101000110010100111001001011110011
111111110110010011110101101110011110000011100101101110010001100000010000111
111111110111110100011000001000011111100100010010101011101101100110010110010
111111110011000010110101011010100001010010011011100101111110100000101110011
111111110001111010110111001001010011011101110001110000010101010001010111000
111111110010010110010100000110111011111110001001011001010000011110001011110
111111110110011000111001110001100010000110101010101100000101010111101101110
111111111101100010101001010100111010010111110100010100101100111010000010110
111111110111101000110111101010100100101101000100011101001110011100011000010
111111110111011001000011010000010011100001111001010011000010111010111100111
111111111100100011010100100101000001100111010101011000000111100111101110011
111111111000110110100100110101110111001001101010111101001010100010011100000
111111110100111001011000111110110011001001011111110000111000001101100000010
111111110011100101100100100001010000000011101111001011111100011011110011010
111111111010011110111110000111000010101100111100000001101100100001110000111
111111111111101101000110110110001110010100111001100100010100000110111010000
111111110101000101010011000101111111001010001101000100101100110101011101001
111111110001101110011011100110110010100000100101101101100011001010100111001
111111111011000000011010100000101110011011011111111001000011110001110010100
111111111011101101110001010001101101101001100000111000110000100100100011111
111111111100100100001001101100000001111000110011101101010100111001011001111
111111111010110101111001101001010100010100011101010101110010010110000100101
111111110110101001101110001101001010011010000000111001111001111010101100001
111111111010001110011011010011010000001011010011011110110101101110011000000
111111110011111110001101111100101000100011011000000000011011110111010001001
111111111111010101000110011011110001111010110100101100100011010011000000010
111111111110111100010101000111001001000010010110110110001010011000110111100
111111111111100010001000001011110011010000101100011010011111000100111001101
111111111011010111101011100100000011111001000110000110011001010100101110010
111111110100001100111100110010100101110000100101010010111001110011011110100
111111111000001111101101011000110111000110010100101011000000011101111010001
111111110011000000111000111111011101111111110110000000000000001010111101001
111111111001111000101110010110010100110010001111111010000100110100000101011
111111110110010100101010011101111000100101000101110111010110100001101011000
111111110001101001101101000111111001011100000011000111000011100111110000110
111111111100100000010110011100110000101111101010000111110001010100110110101
111111110001111110000010001000101100001110110111011110011000000011101100111
111111110000100101110011011110000111110011011000011111001101000011100001100
111111111010111010000000101011101111110011100001000111100100111101100100000
111111110011000011011100011101000110101000100011110110001110011111000010101
111111111101110010111111100000011101101010001000100010110110001011101000100
111111110010001011000011110100011001110110100110111001111110000101010100100
111111110110100111101110110010101011001101010011001010100110010000000101101
111111110101010110001110110001000101010111000001110101101001001100110001111
111111111100000011101011101011101000101010111001110011001000000110010111010
111111110101110111011111011011001000010001101110001001000000101101001110100
111111110101011111100000101110010100001010110010010001100111110100101011100
111111111110110000100011010010000111001110100111000001011011101111000011001
111111110000101011001010001011000111100111001110100100110010110010011011110
111111110100001110110010000101101101010001111110100011010111011110000000011
111111110000010001001111100011111101100100111010011100011101111000100010001
111111110110101010000101110001011110111000011110010111100001000001001011011
111111110000110011110000010000001000111100111101101110101011111100111001000
111111111101000110100001011111001110100100001011011000110011011001110100010
75
000000000000000000000000000000000000000000000000000000000000000000000000000
100000000000000000000000000000000000000000000000000000000000000000000000000
110000000000000000000000000000000000000000000000000000000000000000000000000
111000000000000000000000000000000000000000000000000000000000000000000000000
111100000000000000000000000000000000000000000000000000000000000000000000000
111110000000000000000000000000000000000000000000000000000000000000000000000
111111000000000000000000000000000000000000000000000000000000000000000000000
111111100000000000000000000000000000000000000000000000000000000000000000000
111111110011110000100111000110100001010101110101111001011010100111000101001
111111111001010100111101101001000100110100000100101111010100011111001011100
111111110100000011011001110000110000000101100111110110001110111111100010011
111111110010010111010000011010111111110100010110010000111010010110011011000
111111110111011011001110000010001101111001001011101110010010011100001000011
111111110010001100011110000001101011011110100000111010100000101111111110010
111111111111000101000010100101101001001100011111000101010101110110101110000
111111111010100011100110110001010011111010110100110100010011011101100000100
111111111100011001101000101100010001111010101111101000100010110011010111000
111111111100010000001111011011011011001100001100100010011111001010110101001
111111110011111001010101110001010011001011011001001001001100011110010011010
111111111000101111001100010101100010101101001001010011010010110011011001101
111111111001001100100011100010001010100111111010100010011010110100110011110
111111110011001010001011001011000010000011100111010101110111011001011111000
111111110111000010110000110101101011110000101000100111111100010001010101011
111111110001111110010010001100110001001110101100001111111010011000100010101
111111111001110001010101010111011000010010101010110111110011100010001010010
111111111100111010001101001000101111100010011001110101111100100101100010000
111111111010111100111010100111110110000000001101100100001011000101011010011
111111110111110101101100010000000110000100101010111001100111010100110110101
111111110110011110110011010101000100101001011100110000110110101010000110110
111111111011100010001001010100110111010001011110101110000000101000111111100
111111110100100111101100100110000001001111010100111110111101000000011011010
111111111100111000011110010110101001110101110110000001000101011001010010110
111111111110000110110101001111100001010010001011011010001111111100010000100
111111111010011111111111100000111011000001100010001100110101100010000001101
111111111110101010000001100010111000100110001100111001100001011110001101111
111111110110000000011100101110000010111001111000000101101011101110101011101
111111111010011001100101101101101100001001110110110011101000011000111000001
111111110010001001111101011110100110100110111101001110010001010010100100010
111111111111000000001110111101011110010111000101011000111000110000000010111
111111110000100110100110111011001101100000101111011101000000101010110011011
111111111111101001010010001111010101100101100001110110100100000110110001100
111111110101011111000011111100001010010100111001111100001001001011011000100
111111110101101001110000011011101010001000010111101010110001101101000011101
111111110110110011010111101100001110001110000110000111000010100101010101110
111111111111010100000100000000110100101010110011010110011001001011010111111
111111110000110000111010110100001101000011001011010010111001011111101101100
111111111100010101110011011010100011011011000001110101000000010000101111111
111111110101010101001011100111110111100000010000011011100011111001100001010
111111110001001000110101000000011101011100011101010100100111110001111001111
111111110100101011101011001001010101010000110000000011011001110110011110111
111111110011001101011110111010010001100010011110110011001100100001001100101
111111111001010011111000000110011010101000100101011001011100101100111100110
111111111001001110100100011110010111001101000010100101101001111111000100010
111111110011110111001000001011101100011011101100100000001101110011100001110
111111111110101101111000001001011000010101011010011101011010001001100101010
111111110010010010100000001101011011100111010011101011000111000011101010111
111111110100111110010100100111010110010110110011100000010100111000101101001
111111111001110110011001101001000011111101111111010010100001000100000100011
111111110100011000100010010001110110111111101110011111001101100100001001000
111111111111110010111011010011000000101110010010001100101000110011111000001
111111110101100101100111001100110010110011001110000000110100001111111000011
111111111000010001000000111011100101000111111000001100110110101101011100111
111111111001001010011010111100100100011010010010111001010111000110110001011
111111110000000011010111100011110100111101001011101001111001000001110110100
111111110000100100001111011101111000101000110011101100101110010100001101110
111111110001101001101001100111101111111110000010010100001110001010000110101
111111111101100010110110101010111110001001111000011010000110010011001110000
111111111110101100000001110010000111011000100111001011111110000011101000110
111111111010000111101011010110011100011110111001000011100100001101000011001
111111110111100100111001111000111101101111100001100001010011101000011000000
111111111000100101010010000000001110110011010101101111101111111010010100001
111111110010111100000001111110011000111001000000011110010101110101110110001
111111111011111011100110111000100000110100000001000010101111101000101111010
111111111101001111010101010101001101100011100100001000001011000101101111001
111111110101011110101100110011111000010011010101000111100010000110110100100
75
000000000000000000000000000000000000000000000000000000000000000000000000000
100000000000000000000000000000000000000000000000000000000000000000000000000
110000000000000000000000000000000000000000000000000000000000000000000000000
111000000000000000000000000000000000000000000000000000000000000000000000000
111100000000000000000000000000000000000000000000000000000000000000000000000
111110000000000000000000000000000000000000000000000000000000000000000000000
111111000000000000000000000000000000000000000000000000000000000000000000000
111111100000000000000000000000000000000000000000000000000000000000000000000
111111110110110000110011100110100001110100011001100010110110011010101001101
111111110010011001011010001010010011100001110110110110100100011001010111110
111111110001011100110110101111010100001111010000110001100111110001100010001
111111111100001000000010110001111100100110101110101011000110110000111011110
111111110111000001101110001100111010110011000100100010001011000111101010111
111111110001100000101110011000100111011000101010010011010111111001001101011
111111111000110100001010101100001100110111111111000001010001001011010110101
111111111101110000000000000011110011111101010110011101001001010011111001001
111111111111111100110010001000010011111010001001101011011000110100010110000
111111111011011110110111010111101010010010001110000100000010010001010101101
111111110101001100001001111001000011000111101000000110111010011111110011001
111111110001111100101001010111011001101001011110000011001110101110000000110
111111111011000111000110110010011001100101001100010010110101110110011100001
111111111101001110110011001100110000000100110110011110011111001010001110000
111111110000000100110000010101111110110001110011100110111101100100110101001
111111110111111110001010111010101110001101000011101110000100000010100100011
111111110100110111010110010000110000001011100011000001101110011111111100100
111111111110101110000100001000011101010011010101010100011110111000100001111
111111111001000101011010100011001100111010010000101100011110011111001101010
111111110101010110101001111000111000110100010001010101100000110101001111110
111111110001111010100110110100001001111011100110111100110000001100101011000
111111111100111010001101110110000110010000010100100010001101111101111110000
111111110110001010111000011011001010101010110100001001110001111010101100101
111111111000011001100001001011101101011011101001010110000101010110101110100
111111111110010110100100100001000010111110101010110110101101101011000000110
111111111100100111111100100110101010101001111000010111010010010000110010010
111111111011001000011100111110010000011000001011000101111101000010111011110
111111110011101001000111101101101110100010010011010111101000111010011000000
111111110010010001100101110001010010011111010101001111010110001000011110011
111111110111000000111101100000100101000011011110111101010100100111110100100
111111111101101001101110010101000001010101110001101100100011110010010100110
111111110100110011010010111011110111010010011110000100110011100110000010010
111111111100010100011111000101000110001001000111011010110000110110001011111
111111111001010011000100001101101011000100011010101001111100011100100110111
111111111010100111011001011101000011110111000010110001000110100010101111000
111111110001110011101001100010011010000010100011111000011111110010010011101
111111110110100100000111111111100001101010110000011000001101000100010111111
111111111010010010100011101100011111001001111000001000101010100011111101010
111111111010100010101000011101110100101000001101111100100110011111010010001
111111110111110101111100001011101100010101101100001000101100101000011011000
111111110000011101111100110100110111100110001101011000001001011010100101010
111111111001101011110011101001100010101101000101000000010101101101110001110
111111111110111001111010110101011111000100100000010101011100000101001000101
111111111011111010011000100001100000000011111101110011101011000100001101011
111111110010001101000000111110100010011101111111111000011010110101001000100
111111111100100001101111011011011000001110011111110010111000000001100101000
111111110001111111010101011001010100110000111000111010010000000011111000111
111111110111100101010001100101011001001000101111100100000001111001101110011
111111111111011001001001000110110100111110100010010000110010101100110100011
111111110000101111100000000110100101001110000100100111111000100011011111111
111111110100001110001011000111111011010011001001111001110101001001011000010
111111111101000011110001111110000101110011100111001011101100010001000000011
111111111100101101100101101010010110100001001010101101100011001100001101101
111111110000101000010111000010001010110100101101011101101110100111100110011
111111110011100111001011000100010110011110111100001111100101010100100001100
111111111111011101000101010000101111101000110101100001110111000011000011000
111111110111010011000010010111000100100001001001011111011011101001100111100
111111111001000010011111010010110111101111111001100100001000101000001010101
111111110100011011011100001100001001101110011011001110000111100101011001001
111111111010110000010101011110111000000111100000101111010001111111000001010
111111110110001011110011010000001100011101011010110001001001011110010011011
111111111011100100110000010010001111000110010011011010100011001101111010110
111111111000010101011011111000101001011000000100111111101011101000110000101
111111110010101010011101100001111101111101000010001010111011010001000110100
111111110010010110101111001011000101100100100111100101011011010100111000010
111111111010001111101110100011110001010000110011001011000000101111100011001
111111110101000010010100101111011111011100100101110011000010001110010101100
75
000000000000000000000000000000000000000000000000000000000000000000000000000
100000000000000000000000000000000000000000000000000000000000000000000000000
110000000000000000000000000000000000000000000000000000000000000000000000000
111000000000000000000000000000000000000000000000000000000000000000000000000
111100000000000000000000000000000000000000000000000000000000000000000000000
111110000000000000000000000000000000000000000000000000000000000000000000000
111111000000000000000000000000000000000000000000000000000000000000000000000
111111100000000000000000000000000000000000000000000000000000000000000000000
111111110000100000100110101001001010000111101111110010011101011101101110001
111111111011001110100111100000001101010101010101000110101011001011001001011
111111111000101010011011011000011001110100001011111010101001100010100110110
111111111010100001100001101111010000011101000101111101101100111100000001110
111111110100000101010011111110100001001000111001010100111000011011100111011
111111111111101101010000001000110111000100100011000011010101101101000101111
111111111001100110100101011010110110111011111010110011100000001001100001000
111111111011000001110001110100111100000010001111001011110110010011101010100
111111111001110101011110010101001101100000110101111001111000101101001000000
111111111110001000110010101111101111100001110010110111001110100010000010000
111111110010110010010100111011100100100100111111100100110101000010011001110
111111111101001000001001101010101001110110011100111101010100001001011100101
111111111101111101100110111011010100010010000110010000011010001010010110110
111111110011110101010001001111001101110011001110100100000011110001100100011
111111110001011100110101001010001011001001011011011000110111111110010000100
111111111000010011101000000011011111101110110001100000100110011011000110111
111111110010011010000111011111100011010111100001001001010010101001101010110
111111111101010001010111000000100110101111001011111100001010000100001011111
111111110100000110000001010101010100100111010010010101111111101110101100101
111111111110011000111011010011001100011110101010000110110000111100001101000
111111111110010110000000011001101101011001000101111010110110000100110111001
111111110110111100010010010000011110111101011101000101001100011001110010100
111111111111000010001111001101010001111000111110000000011111010101000011100
111111111100100011110110110110001011011100000010100101110011000101110000101
111111110001111000101000111000100101111000100010001101101111011100101010011
111111111011100000010010100000110011111111110100010000110010110110111100010
111111110111100110111100001110101000101110100101001110001010001110100100100
111111111001001100101000011101000010001100011111100101000010100111111111010
111111111101110100001010100110010001000011101001100110100111101000111011100
111111111000110111100011011000000011100110101100001111011110110010010001001
111111111110010111111100101000000000110001011000100011010000111110101010111
111111110000101111001110000010101000101001000110010111110110110001001111110
111111110111110011100010000011111001001100011110011001000001101010101011001
111111110010110110111001000100111011010010000010110100011100001111011011010
111111110111000100011110011011010001001111000010101011101100010011011000011
111111111011010100001100110110011010110101100011011101010001010010000111001
111111110101010011001001101010011110000101110110001110111000100101110010010
111111110010111001000011111100011000101001110010101010000010001111011101101
111111110101100010010001100011000110111000000001101011011011111011011111000
111111110000001001011100001100111100011111101100100001111011101010010011001
111111110100110100001010101101101110010110011000011011100011010111000001110
111111110100010100100101100101111011111000101111000011101000100000011100111
111111111100111001101101001101110101101101000001010110010001010011111000000
111111111010011110001011100010100100001010100111110001001001110111110000101
111111110001100010111111111001111101000011010001000101000000110100010111101
111111111110100000101111010110100110100001001100001000100101101111010110011
111111111000010001011100110001100011011011010110001110001101101011100101100
111111110111001001000101010001001011100010100100110111100001011110110011110
111111110000011100110111100110010101101110010100101011010101000100100111010
111111110110101010001100110100010111001010011111111110010010111000000000011
111111111011111010110000000101000000001011111000011111111001000001010110111
111111110001101111011001110111000111011101101100010010000100000110001010101
111111111100101100111001010011111010000001110100101000011011010000101001111
111111110110011011111000111010010011100011001101010001101011000101001101000
111111110010000101100100010010110101010100111000111110001011110101011110100
111111110110101101111101100001000000110110110011011000100110100001110011001
111111111001011010010100110111111000100100001000010010001110111101110001011
111111110011000001101010011110001110111010010001010010011101100000111001111
111111110101010011111011010100100000010101110111110011000111011000010100010
111111111111111111000101111100101010001110010000100000101101110000001110000
111111110011111001001111000011110010010000011001100111111110000110100100001
111111110101001111100010110001111000111011101001101100010101100111000000010
111111110101011010110110001100010110010000100100111100100100110011101101101
111111111010000111011111101001011110001000101000011101000111001000111100010
111111111100101011000100000110001101010011111011001001001100010110111101010
111111111000001111010010001111110010110010010111001110100001011100011010001
111111110011001111101010100101100111100101001010101000111000011000110101100
75
000000000000000000000000000000000000000000000000000000000000000000000000000
100000000000000000000000000000000000000000000000000000000000000000000000000
110000000000000000000000000000000000000000000000000000000000000000000000000
111000000000000000000000000000000000000000000000000000000000000000000000000
111100000000000000000000000000000000000000000000000000000000000000000000000
111110000000000000000000000000000000000000000000000000000000000000000000000
111111000000000000000000000000000000000000000000000000000000000000000000000
111111100000000000000000000000000000000000000000000000000000000000000000000
111111110011011110111101110011011000001111000000110000011110001010110000110
111111111000111001101011100000011010101111011010100100100000100110011011101
111111110100110000111101011001001111001100000011011001000011010011011101101
111111110110001111101111000111101001100010001010011100110101000111000100001
111111111001001001111110111010000000101000110100010101010111111110001101000
111111110001101000001100101111001010111011110001101000111011000001100111001
111111110010000100101111000010010100011110101100000011011001110101110111101
111111110110110010010101010100001001101101111100000100101101110010100111010
111111110110111000101110011000110101111000110110111010110000001010110010000
111111111010011110000011110010101101110101110001001001100011001100010101100
111111110000010101011010110001111100011000101011001101111110100011000011010
111111110101011011001110001100110110011101011000010001101111010100010000011
111111110000000101000101011010001011111110010111011110001110101100010010011
111111110100000001100000100111101100011101010101010100110000011111111110110
111111111010010100001100011111111011000011011100010111110010010000001011100
111111110000110010110110110110000100100011001111110011101110000101011110000
111111110011001110011010001000001100110110010111110110101001010011001001110
111111110101011000010100100111000011010100001110101111111001101110010001100
111111111101001101100101010100011110010011101111110001000001001010000111010
111111111110101011101000100010011111101100001101101111011010010000000100010
111111110110000110110000101001110010001111110101111011100100100110000101001
111111110100101111011001101100101001010110100110100001010110010100111011000
111111111110111100001001111100000110110001000101010101011100100111100000101
111111110011110101001101110001100010110100101100100010100010011111001100011
111111110000101010010001010010110110010000011000111110010111000110101111111
111111111101110100001010010011010001011111010110101101000101000101101100010
111111111001101111100101100001000101011001011110011010100110110001100001100
111111111100111000110101101010111000010010110010000111101100011001000100111
111111111010001000110110011011001111010101101011100000110100110100101000011
111111111111100100000011000110000000001100111011111001111110011010001010101
111111110001000001000011111001111001100001011111100011011101010010110100101
111111110001110010100011001000101011001010101101110101110011101101100000110
111111110010100111110100010100111010111001010010101001011001111101001000100
111111110011101010101000110101011001010100111001010111000101101001011010001
111111111111000000011111110100101110001010011001101110000100011101110001000
111111111011001000100001011101110000100100000010111101101010110101110111010
111111111010110011001100100011100101000010010011110001001001111110100011011
111111111111010001110000000000001001110011111000011011011010000111111001011
111111111000111101010110000110111000000101100101111110000011110011110000001
111111111101101110010010010001011111000010010100000000111010111111010110001
111111110011101101111110000000100011000001000101001101101100001000111111111
111111110100011101100000010101010101101010100001100110101111011100101001101
111111111100101100010111101001110001101101001001010010011001001101001011010
111111111010011011010001001011010010111010001101001001100101011011111010000
111111111111110101110100001001100100110110011001100100010111100000010110100
111111111101010110001100100000011010100000100011011010110101110100111110110
111111111010101000001000001101101100001011101110001010001111101110011100110
111111110110000101011001101010010111000001111010110100101011101001111100000
111111110111100011000110001011011110100101100010000111000110001111100011100
111111110110011011000110111100010000000110011111001000010010101001101101111
111111110101001110000100111010100101101011101000101101000000110011011010111
111111111100000010101111000111110011110000110101100000001110100011011001110
111111111011010011010111101101011101011000100100111100001000000100001110101
111111111101010011101001011010101100000101000100101010111101101001001011001
111111110111011100110011100111101110101000010110000011000011100000101010011
111111111010010110100010101100000011011001000010100110010111011011010111011
111111110000011001011011000101000111100111110000111011010100111001000110110
111111111100100111011010011111001000111000001000110011100000101000110101111
111111110111100001111011111110010001010011000001001010100011110110000010110
111111110001110100100010101110111111110110001000011000001100111010101101000
111111111001011111111000011110100011001100111011000010001000000111100110100
111111111100000010111010110001100010110111101110011100001011011000100010101
111111111011100001010000110110110111101110100110010000110101000001010001111
111111111001000010011101000100110101111111000011000111110010101010101100001
111111110001110110111001001111010100100001111111001100010000011100010001011
111111110111111011000011010011100010011011100011010110011000110000011101000
111111111000100111100111111101000110000110110000001111111001000010111000010
75
000000000000000000000000000000000000000000000000000000000000000000000000000
100000000000000000000000000000000000000000000000000000000000000000000000000
110000000000000000000000000000000000000000000000000000000000000000000000000
111000000000000000000000000000000000000000000000000000000000000000000000000
111100000000000000000000000000000000000000000000000000000000000000000000000
111110000000000000000000000000000000000000000000000000000000000000000000000
111111000000000000000000000000000000000000000000000000000000000000000000000
111111100000000000000000000000000000000000000000000000000000000000000000000
111111110111101010001101011100110111110111001100001001100100001000111001000
111111110011101010101110110100010100001000110001011001101011100111010001110
111111110000111110111001001101000000000011111110101100110111000100001001111
111111110010001001001101111011000000111010010111010101011100001100110100111
111111110001010110001010100110000101110111011001010010111010011001101000111
111111111101000011111011101100010001100010101110010000001001111100100111010
111111110000110111111111000001110110111110011001000011000101110100000100100
111111111101010011001100100101101100001111001110011110001110000110010010100
111111110001000001110111010000000101110001111010101101011110111010011010100
111111111110100000011110100010011110100100000010001100111111011100001101101
111111111001100101010000011110111000101001011001010101000111001101101011100
111111111101100100001110011001100011000011100001111111011000110100100001101
111111110000000010100100001010001011101111110110011111100011110101111100000
111111110010110000100011111101110110000001010111011010010010011110101110000
111111111011000100101001101011101110000110011000101001011001101101011010010
111111110100100101111000110101100111101000010110000111101000010001011011011
111111111010001010111000000101111001001010100001100011111110011000111110100
111111110010111101001010101011010001101101101010101001101100010111100010000
111111110100101111000001100110110000110010000000111111110011111110010010001
111111110001001011011010010011101010000100011100011001110110110010100111011
111111111110011110010101100000000001000100010101001111000100111111101011110
111111111100110011101000001010110011100001010101101000001110101011010100111
111111110111110011001000010010011111011010110100100100010001010110101010110
111111110011100110011011000110001111000000101111110111000100001111010100001
111111111111111010010101011011000101101000011000110010101010100100001110001
111111110011010000111000111111000011111110100001001110000111101010000011001
111111110111110110100000111010001000010001001111000011111101110000010111100
111111110111001101100110001100000010101110001101100000010010010111011111101
111111110110000100010110100110110010011011111101111100101100100000001110010
111111110110010101111111110111011001000101000100110001000011100000111000101
111111111010110011010110001111010010010010001010000111011010100011111001010
111111110111010010110101101001111010101001101000010101110000011011000000111
111111110100000011100101010111011010010100111011101010101000001101100011101
111111110101011001000011101110111101001010110010001011010100100001001101101
111111111001101101100111001111001011011000000100011010101101011010001000110
111111111000010101010000111000010111011100101100111011110010001100010101110
111111110101000001011101101011100100010001100001100010100111010111111101010
111111110100101011110010111000001100001111001001101111001001001010101100011
111111111100101000110010101111101101110100111101000100110000100110110000100
111111111010010111001011011100101000011101110000000100101000111110011101001
111111111101111101101101000110000110001101100011000101110010101000100110010
111111111010001011000011110011100111001011001111100100100011111001000001100
111111110001111000100001100000111011011100001011110100001110110100111001011
111111111100111000000110110101001011010011111000000001000111011101010110011
111111111111010011100010010101100001110100000011111101110101000101001100010
111111110010110101000100000001101101100010101011011000100001101010111111111
111111110001011110110110000011110101011001000100001100011001001101110111001
111111111100011100101001010011011100110010101101011101001010010011001101000
111111111010001000101100001110110101010101011010110111000001010010000111111
111111110100110000011111001000101001011110010111110001111011001011000011000
111111111001011000010011010010110010100111100111000011101001000110011010111
111111111001100110010101110111011001101111010011101000010000010010010101010
111111111011100101100101110000110001000110111100000110111111000011100100001
111111111111000100100010000001011100111011010110100011100110101110100001011
111111110110001100011001010100101011111001001010001010011011100111100100110
111111111000100010000001100101000110111101100100110001011101100011101111101
111111111011111001111011100000001010110011010000111110100000000001110111100
111111111011011111010100101100101110110000110111101001001011010000100000001
111111110110001111000011001001011111100101110001010110011111000000010011010
111111110010111001110100010110101100100111100100110010011100111101000001010
111111110101011100010000011101010110000110010010110100101101111011110100100
111111111110100110110011011010100100011110100010011000000110010001110010111
111111111111101001011000000001010000011101111111011010010001111001011000001
111111110001101110001110111001111000110100100110100110000010101001001110110
111111111000010000001111011100011100101000001101101110110101110001110010011
111111111000001111111100111000011111010011000011010000110100100111001010001
111111111100011110101110110010100010101000111010110010010101001010111001000
75
000000000000000000000000000000000000000000000000000000000000000000000000000
100000000000000000000000000000000000000000000000000000000000000000000000000
110000000000000000000000000000000000000000000000000000000000000000000000000
111000000000000000000000000000000000000000000000000000000000000000000000000
111100000000000000000000000000000000000000000000000000000000000000000000000
111110000000000000000000000000000000000000000000000000000000000000000000000
111111000000000000000000000000000000000000000000000000000000000000000000000
111111100000000000000000000000000000000000000000000000000000000000000000000
111111110001111010111111101011101110001011110001000100100100000000110011100
111111111001100011000011101011010100011100001101111000000111101001001111100
111111111101010111011101101001000001101010010110011010100111000110010100001
111111110000011101111000111000110111000010101111111000011100101010011001000
111111110011001000001011111100000110110001011010001010000110001111111011011
111111110100101100110001100010000000111011111110010101011111100001101010001
111111110110000001011110101011100100100100110111001001010001111010100010111
111111111100101000010101111011111011010000100000001000011011011101110101001
111111110001111101010010000001001111100101111010100010110011111001010110000
111111111000110100001101001000011100011101110010100110011101101110000001111
111111110110101111011000001111010101010010001000000110101101011000011010111
111111110100100001001100011101100110101011000000110100110111110011101101010
111111110100010110000111111111101000100101001110101110011100010001011000100
111111110101110010100000100110001101000000010011011111001101111011110101010
111111110011010101110101001110001010011110000001010010010010111011111000101
111111110001001010110100110110010000111111101010101000100001110010010101111
111111110000000011110010001100100001011100110011101110111110010100101111001
111111111110011011100110100000011100111001000100000000111100111110111110000
111111110000010010000101010011010111110010011111010010111010110100100011110
111111111111011111000000011010001100010011110101101001110110010001000001011
111111110011100011010000110000111010000101000111010100111111000111010010111
111111110001110001000111110110100101010011101101000111110001001110001100001
111111110110110011100111011100010011001110111000001001010101100101010010010
111111111010111010011110100101001001010111011001111000011011000010101000010
111111110111111000110001101001100110011100001100101111101010110110000000010
111111110010010100001011100010110011111000110001100001101111010011011100110
111111110110011001101101110101010000000001110001111110101010101001000110101
111111111100111001011011010110001010101100101101010010001100010010000111011
111111111101000101100110100111111010010010111010110100000110011110000010010
111111111011001010011100000010100011001001111100011110010100111101001100110
111111110001101110101100001111010010100100011101100001111100001111100100001
111111111011110100110100011101000110110001100011011001001101010100001110100
111111110100101111001100110010001111011100100010111011100000000111101010100
111111110111001100100110101000101101101010001001110010011001000101000111111
111111110110100000111110011010011000001001011111110011100011011100011001000
111111110101000100111011010011001001000111000000001001111110101110001111110
111111111010001101010110110110000110000110010100100111001111100100110101100
111111111000100111110111100000110110100111010000011011101000011001001001011
111111111100000100110010010101111111011001011101001010100101100011100000101
111111110010110111111001010000101000110010011100101100000001011111100111100
111111111010111100100110011011100001010100010110010100100000100011011111011
111111111000101111101001110101101100001000011011000001010010110100011100111
111111111000010011110010011011000101101001101000110101001010001111110000111
111111110111101110000011011100110101001111110110010000001010011010100100100
111111111101011100010001010110110100101100010001111100110001001100111010010
111111111111100111111011111010010011110001000011100110010000100000100100010
111111110101111101001110000000110001110101001001011101000110110100110001101
111111111110100000100101000000001111100110101111101100100110001000111100111
111111111110101010010011000101100000110010100011110011110100101111010001100
111111110000001110000011001001011010000011100101111111000001110110111110011
111111111001001001101101010001100001011111000111100011001101011001110010010
111111111001100000001010111100001011111010010100111101111000111000010010101
111111111010100100101000100111010101101111100101001110010010010111010011000
111111111111110001000000000011110010001011011010101011011000000010111111101
111111111010010000011001101110111101000111001010110001100100110101100110001
111111111101011010111111000100010111000000000110100101010011010011001011101
111111111100010110101000101100100010010101101100010011110011001000110111110
111111111011001001100001111001011001100100111000010111110101010010101001100
111111110111000011101001000111101111110101110100110000001001100100011001001
111111110100011001010000101101011011111111010111000101000000001101001101110
111111111010001111000101001110101011101001001011001101101011101010000011000
111111111001111001101010001110111000100010100110001010101011100101101000110
111111110011000101011111000101011100011000101110011101111000000001110101010
111111110010011010101010010011111110111110000010011111010111001000000100001
111111110011110110010100110101111001101000100100100011000110101000101011011
111111111111010110001010110001000010001110101011000100101001111101101001001
111111111101000010011100011000111100110110111001000111001010100011011110000
75
000000000000000000000000000000000000000000000000000000000000000000000000000
100000000000000000000000000000000000000000000000000000000000000000000000000
110000000000000000000000000000000000000000000000000000000000000000000000000
111000000000000000000000000000000000000000000000000000000000000000000000000
111100000000000000000000000000000000000000000000000000000000000000000000000
111110000000000000000000000000000000000000000000000000000000000000000000000
111111000000000000000000000000000000000000000000000000000000000000000000000
111111100000000000000000000000000000000000000000000000000000000000000000000
111111110000101100111011001011011111001111010011011000000100101100011110000
111111111010011111001101011100011001011000011001010011101000111101010000010
111111111000011110011000101001010101001011111100100101010000010011110110101
111111111110000101111010111001101000000110111001001011000011001000110011011
111111110111011101101110101001000011010111000110000101111000100100000011110
111111111001000100000011101101110110100011001010100011101110101011010101010
111111110001010111110101100111100100101100110011011001011000100010110000110
111111110000000010100110011011101011101100001100000111011101101101110100101
111111111001110001000010011111101011010011111101001100001100010010011000110
111111111010010100101001010000111010101101100010000110110110010110111010110
111111110110010010010101001011110010010101110000111111101101010000010111000
111111110100110111001000110011000111111101100001100010001010000101011101011
111111110000011110100100001101001000111010101111101010010111110000001111010
111111111011010011010010000001100001001110000011111101110110011101001100011
111111110110001001111001001111101100011001101010000100111001001011001100011
111111110011100110011100110100001110001111011000010100011111011000000101110
111111111100000111101110011010110101101011100110111000101011011000000000100
111111111010111000101110000010100110101010111001110100101100100001100011011
111111110000001001010101010100000011101111010111101110100001001011010011111
111111111011100101110100110011001010011001100110110011000100111011000010001
111111110111110001001101001001110000101111001101010010000000111010101101101
111111110100000001000001111000101110001001011111111101011010110101101011000
111111111110100000011001001100001101110110100111110111011110100000010000101
111111110001101110011111011101100110110100100101000101100010011001101010000
111111110010111000110100111010010101000101001101101011111110001010101000010
111111110101100111101100001110000000100011011000011111110110000111011010001
111111110111001000001110100010101101111000010000101111000010111010011110110
111111110001011001101011010111010100000001110001100111010111111100000001101
111111111111100010100111000101001001001001110101100000111010001110110111000
111111111011011101000101111011001101100000010110010100100111000000111101001
111111110001110010100000000000111101010101111110010001100011101001011011111
111111110110010010001010110101000111110001001011011000110101111010110010001
111111110100001101110010000101011011111100011000110001101110010010101001101
111111110101001100001100010000110010010010110111110001011101001110111100011
111111111100110100000101001011001110010110010000101000110011111111100000111
111111110000110101011110100110111000000100001111100100101011110110010110001
111111111000101001110100101100110011110001100000011100010010111100110101011
111111111101011001110111010000000111000110101000010010011011110011011110000
111111110111000110110001010010011111100010101101001101100000110110000101011
111111110010110101100011100100000110011010101100111111100001001100111100100
111111111101101111000011000010010100011100001110001110011100011000110011011
111111110011110111011010001000011011100000110010101110011001101011101001000
111111110110110101010011010110110001111011010100000001010111100001100110010
111111111101011000011000100110001000101111100100001001101101111101111001000
111111111010101010000111110001010000111111111010001101001011100110001000001
111111111000000011011011111010000000110100111100110000110100101110001111110
111111111011001110011001000111100011000001001100111010001011100100101010111
111111111101010010110000111110010010011010010011000110101010101000101110101
111111111011000001001100001110010111011100101011001001000111000111100111100
111111110111101000010010101011010010101000111111010010110011010101010000110
111111111110101110100010011110000000000101000011110101000001110011111101110
111111111110111011010100010111111110100010001010100001010000001100011011100
111111110011000011110111101000011100110011000001100000001101010101111010111
111111111001111100010010011000101100111001000001011011111001000110000111101
111111110010101011111000010001100100010010010110001010101110110111110101100
111111110011011010101011111110111010011110000100111000010010000011010001001
111111111101100100111101110001110001011000001001101100110101100001011001100
111111111001101011101001100010101011110111011011100011110001010000100100000
111111111100110010111111101100100111001000010110000011000101010110001001011
111111110000100000001111110111011001000010100010011011111000010001101111111
111111110111111100100001111100100001100100111010101000001100011101000110101
111111110101101011000000111101111101001110100000110110100101100110100010010
111111110100011110010111100010101001010011101011010110000110001111100001100
111111111110001111000110100100111110000101110101001010110100100001001100101
111111111101010000111110010101011100110101011110111110000000000101100100010
111111111010000100100000100111110101110110010101010110011001011111001011000
111111111100111011101001100001011010100000000101011101001111001011000110110
