3
010
000
110
4
0111
0011
0001
0000
4
0111
0001
0100
0010
4
0110
0011
0001
1000
9
010111000
001111000
100111000
000010111
000001111
000100111
111000010
111000001
111000100
3
001
100
010
7
0100101
0011100
1001001
1000110
0010011
1110000
0101010
11
00101001110
10001010101
01001100011
11100010010
00010011011
11011001000
10100101001
01110000101
00111110000
01000111100
10010100110
19
0000100000111110111
1001001110100110001
1100110010100011100
1010010110011000101
0101010100011111000
1100001101001010110
1011100100101001010
1010000011010111010
1000111001001101001
1111101000010100100
0001110111000100110
0110011010101100010
0110000101100101101
0011011000000011111
0001001011111001100
1101010001110000011
0100101110010001011
0111100011001010001
0010111101110010000
23
01111110010010001100001
00111001110100110110000
00010101100001101100111
00001101001010011111010
00100110100100011011101
01000011111001010101001
01110001000111000011011
10001000110110000101111
10010010000111111101000
00111010101011010000110
11101011100000101001010
10110100011000110001011
01101100001101100101100
11011001001100011000101
10011111010001000011100
10100011001010100110101
01000111010110110000110
00001010011101101010011
10100101111111001000000
11100000010001011110110
11010110101100000110010
11001100100011110010001
01010000111010101011100
