62
01111111111111111111111111111111111111111111111111111111111111
00111111111111111111111111111111111111111111111111111111111111
00011111111111111111111111111111111111111111111111111111111111
00001111111111111111111111111111111111111111111111111111111111
00000111111111111111111111111111111111111111111111111111111111
00000011111111111111111111111111111111111111111111111111111111
00000001111111111111111111111111111111111111111111111111111111
00000000111111111111111111111111111111111111111111111111111111
00000000011111111111111111111111111111111111111111111111111111
00000000001111111111111111111111111111111111111111111111111111
00000000000111111111111111111111111111111111111111111111111111
00000000000011111111111111111111111111111111111111111111111111
00000000000001111111111111111111111111111111111111111111111111
00000000000000111111111111111111111111111111111111111111111111
00000000000000011111111111111111111111111111111111111111111111
00000000000000001111111111111111111111111111111111111111111111
00000000000000000111111111111111111111111111111111111111111111
00000000000000000011111111111111111111111111111111111111111111
00000000000000000001111111111111111111111111111111111111111111
00000000000000000000111111111111111111111111111111111111111111
00000000000000000000011111111111111111111111111111111111111111
00000000000000000000001111111111111111111111111111111111111111
00000000000000000000000111111111111111111111111111111111111111
00000000000000000000000011111111111111111111111111111111111111
00000000000000000000000001111111111111111111111111111111111111
00000000000000000000000000111111111111111111111111111111111111
00000000000000000000000000011111111111111111111111111111111111
00000000000000000000000000001111111111111111111111111111111111
00000000000000000000000000000111111111111111111111111111111111
00000000000000000000000000000011111111111111111111111111111111
00000000000000000000000000000001111111111111111111111111111111
00000000000000000000000000000000111111111111111111111111111111
00000000000000000000000000000000011111111111111111111111111111
00000000000000000000000000000000001111111111111111111111111111
00000000000000000000000000000000000111111111111111111111111111
00000000000000000000000000000000000011111111111111111111111111
00000000000000000000000000000000000001111111111111111111111111
00000000000000000000000000000000000000111111111111111111111111
00000000000000000000000000000000000000011111111111111111111111
00000000000000000000000000000000000000001111111111111111111111
00000000000000000000000000000000000000000111111111111111111111
00000000000000000000000000000000000000000011111111111111111111
00000000000000000000000000000000000000000001111111111111111111
00000000000000000000000000000000000000000000111111111111111111
00000000000000000000000000000000000000000000011111111111111111
00000000000000000000000000000000000000000000001111111111111111
00000000000000000000000000000000000000000000000111111111111111
00000000000000000000000000000000000000000000000011111111111111
00000000000000000000000000000000000000000000000001111111111111
00000000000000000000000000000000000000000000000000111111111111
00000000000000000000000000000000000000000000000000011111111111
00000000000000000000000000000000000000000000000000001111111111
00000000000000000000000000000000000000000000000000000111111111
00000000000000000000000000000000000000000000000000000011111111
00000000000000000000000000000000000000000000000000000001111111
00000000000000000000000000000000000000000000000000000000111111
00000000000000000000000000000000000000000000000000000000011111
00000000000000000000000000000000000000000000000000000000001111
00000000000000000000000000000000000000000000000000000000000111
00000000000000000000000000000000000000000000000000000000000011
00000000000000000000000000000000000000000000000000000000000001
00000000000000000000000000000000000000000000000000000000000000
70
0000000000000000000000000000000000000000000000000000000000000000000000
1000000000000000000000000000000000000000000000000000000000000000000000
1100000000000000000000000000000000000000000000000000000000000000000000
1110000000000000000000000000000000000000000000000000000000000000000000
1111000000000000000000000000000000000000000000000000000000000000000000
1111100000000000000000000000000000000000000000000000000000000000000000
1111110000000000000000000000000000000000000000000000000000000000000000
1111111000000000000000000000000000000000000000000000000000000000000000
1111111100000000000000000000000000000000000000000000000000000000000000
1111111110000000000000000000000000000000000000000000000000000000000000
1111111111000000000000000000000000000000000000000000000000000000000000
1111111111100000000000000000000000000000000000000000000000000000000000
1111111111110000000000000000000000000000000000000000000000000000000000
1111111111111000000000000000000000000000000000000000000000000000000000
1111111111111100000000000000000000000000000000000000000000000000000000
1111111111111110000000000000000000000000000000000000000000000000000000
1111111111111111000000000000000000000000000000000000000000000000000000
1111111111111111100000000000000000000000000000000000000000000000000000
1111111111111111110000000000000000000000000000000000000000000000000000
1111111111111111111000000000000000000000000000000000000000000000000000
1111111111111111111100000000000000000000000000000000000000000000000000
1111111111111111111110000000000000000000000000000000000000000000000000
1111111111111111111111000000000000000000000000000000000000000000000000
1111111111111111111111100000000000000000000000000000000000000000000000
1111111111111111111111110000000000000000000000000000000000000000000000
1111111111111111111111111000000000000000000000000000000000000000000000
1111111111111111111111111100000000000000000000000000000000000000000000
1111111111111111111111111110000000000000000000000000000000000000000000
1111111111111111111111111111000000000000000000000000000000000000000000
1111111111111111111111111111100000000000000000000000000000000000000000
1111111111111111111111111111110000000000000000000000000000000000000000
1111111111111111111111111111111000000000000000000000000000000000000000
1111111111111111111111111111111100000000000000000000000000000000000000
1111111111111111111111111111111110000000000000000000000000000000000000
1111111111111111111111111111111111000000000000000000000000000000000000
1111111111111111111111111111111111100000000000000000000000000000000000
1111111111111111111111111111111111110000000000000000000000000000000000
1111111111111111111111111111111111111000000000000000000000000000000000
1111111111111111111111111111111111111100000000000000000000000000000000
1111111111111111111111111111111111111110000000000000000000000000000000
1111111111111111111111111111111111111111000000000000000000000000000000
1111111111111111111111111111111111111111100000000000000000000000000000
1111111111111111111111111111111111111111110000000000000000000000000000
1111111111111111111111111111111111111111111000000000000000000000000000
1111111111111111111111111111111111111111111100000000000000000000000000
1111111111111111111111111111111111111111111110000000000000000000000000
1111111111111111111111111111111111111111111111000000000000000000000000
1111111111111111111111111111111111111111111111100000000000000000000000
1111111111111111111111111111111111111111111111110000000000000000000000
1111111111111111111111111111111111111111111111111000000000000000000000
1111111111111111111111111111111111111111111111111100000000000000000000
1111111111111111111111111111111111111111111111111110000000000000000000
1111111111111111111111111111111111111111111111111111000000000000000000
1111111111111111111111111111111111111111111111111111100000000000000000
1111111111111111111111111111111111111111111111111111110000000000000000
1111111111111111111111111111111111111111111111111111111000000000000000
1111111111111111111111111111111111111111111111111111111100000000000000
1111111111111111111111111111111111111111111111111111111110000000000000
1111111111111111111111111111111111111111111111111111111111000000000000
1111111111111111111111111111111111111111111111111111111111100000000000
1111111111111111111111111111111111111111111111111111111111110000000000
1111111111111111111111111111111111111111111111111111111111111000000000
1111111111111111111111111111111111111111111111111111111111111100000000
1111111111111111111111111111111111111111111111111111111111111110000000
1111111111111111111111111111111111111111111111111111111111111111000000
1111111111111111111111111111111111111111111111111111111111111111100000
1111111111111111111111111111111111111111111111111111111111111111110000
1111111111111111111111111111111111111111111111111111111111111111111000
1111111111111111111111111111111111111111111111111111111111111111111100
1111111111111111111111111111111111111111111111111111111111111111111110
75
001110101000101000110001010000110111111010100101101101100001001111101011100
101111111000111011110101010010110111111010100101111111110001011111111011100
000000001000100000010001000000100001000000000100000001100000000000100001000
001010001000101000110001000000110011011010100100001101100001001101101001100
001000001000101000010001000000100011010000000100000001100000001101100001000
101110111000111011110101010010110111111010100101111111110001011111111011100
001110001000101000110001000000110011111010100100001101100001001111101001100
101110101000111001110001010000110111111010100101101101110001001111111011100
000000000000100000000000000000000000000000000000000000100000000000000000000
111111111001111011110111010010110111111110110111111111110101011111111011100
111111111101111011110111010010110111111110110111111111110101011111111011111
111111111000111011110101010010110111111110100111111111110101011111111011100
000000000000000000000000000000000000000000000000000000000000000000000000000
101110101000101001110001010000110111111010100101101101100001001111101011100
001000001000100000010001000000100001010000000100000001100000000000100001000
111111111111111011111111111010111111111111111111111111111101111111111111111
101110111000111001110001010000110111111010100101101101110001001111111011100
101110101000101000110001010000110111111010100101101101100001001111101011100
001010001000101000010001000000110011011010100100001101100001001101101001100
000000001000100000000000000000100001000000000100000001100000000000100001000
111111111111111011110111010010110111111111110111111111111101111111111111111
101110111000111011110001010000110111111010100101111111110001011111111011100
111111111001111011110101010010110111111110110111111111110101011111111011100
000000001000100000010000000000100001000000000100000001100000000000100001000
111111111111111011111111011010110111111111110111111111111101111111111111111
001110101000101000110001000000110111111010100101101101100001001111101011100
111111111111111011111111010010110111111111110111111111111101111111111111111
111111111111111111111111111010111111111111111111111111111101111111111111111
101110111000111011110101010000110111111010100101111111110001011111111011100
111111111111111111111111111110111111111111111111111111111111111111111111111
000000001000100000000000000000000001000000000100000001100000000000100000000
001010001000101000010001000000100011011000000100000001100001001101101001100
111111111111111011111111111010110111111111111111111111111101111111111111111
001110101000101000110001000000110011111010100100001101100001001111101001100
001000001000101000010001000000100001010000000100000001100000001101100001000
000000001000100000000000000000000000000000000000000000100000000000000000000
001110001000101000110001000000110011011010100100001101100001001111101001100
001000001000100000010001000000100001000000000100000001100000000000100001000
001010001000101000010001000000100011010000000100000001100000001101100001100
111111111000111011110101010010110111111010100111111111110101011111111011100
001010001000101000010001000000110011011000100100001001100001001101101001100
111111111111111011110111010010110111111110110111111111111101111111111111111
001010001000101000010001000000110011011000000100001001100001001101101001100
111111111001111011110101010010110111111110100111111111110101011111111011100
111111111111111011111111111010110111111111110111111111111101111111111111111
000000001000100000000000000000000001000000000000000000100000000000000000000
111111111000111011110101010010110111111010100101111111110001011111111011100
001110101000101000110001000000110111111010100100101101100001001111101001100
001110101000101000110001000000110111111010100100001101100001001111101001100
101110111000111011110001010000110111111010100101101101110001001111111011100
001010001000101000010001000000110011011000000100000001100001001101101001100
001010001000101000010001000000110011011010100100001001100001001101101001100
101110111000111011110001010000110111111010100101111101110001011111111011100
000000001000100000000000000000000001000000000100000000100000000000000000000
000000000000100000000000000000000000000000000000000000000000000000000000000
101110101000111001110001010000110111111010100101101101100001001111111011100
111111111111111011110111010010110111111110110111111111110101011111111011111
111111111000111011110101010010110111111010100111111111110001011111111011100
111111111111111111111111111110111111111111111111111111111101111111111111111
001010001000101000010001000000100011011000000100000001100000001101100001100
111111111111111011110111010010110111111110110111111111111101011111111011111
101110111000111011110001010000110111111010100101111101110001001111111011100
001000001000101000010001000000100001010000000100000001100000000101100001000
001000001000101000010001000000100001010000000100000001100000000001100001000
001110001000101000110001000000110011011010100100001101100001001101101001100
001000001000101000010001000000100001010000000100000001100000000000100001000
000000001000100000000000000000000001000000000100000001100000000000000000000
101110101000111001110001010000110111111010100101101101100001001111101011100
001010001000101000010001000000100011011000000100000001100001001101100001100
111111111111111011110111010010110111111110110111111111111101111111111011111
001110101000101000110001000000110111111010100101101101100001001111101001100
000000001000100000000000000000100001000000000100000001100000000000100000000
001010001000101000010001000000100011010000000100000001100000001101100001000
111111111101111011110111010010110111111110110111111111110101011111111011100
111111111101111011110111010010110111111110110111111111110101011111111011110
75
000000000000000000000000000000000000000000000000000000000000000000000000000
100000000000000000000000000000000000000000000000000000000000000000000000000
110000000000000000000000000000000000000000000000000000000000000000000000000
111000000000000000000000000000000000000000000000000000000000000000000000000
111100000000000000000000000000000000000000000000000000000000000000000000000
111110000000000000000000000000000000000000000000000000000000000000000000000
111111000000000000000000000000000000000000000000000000000000000000000000000
111111100000000000000000000000000000000000000000000000000000000000000000000
111111110000110001100111101101111111110000100101011000001110000110010100011
111111111000001000010111100011010111111000111010000000010011110001100111111
111111111100000010110110111001110000010101010000111100100101000011011111101
111111111110011101000101111111000001001000001001100111100110000101001110011
111111110111000011001111111111010100001010000110001000101011011000111100100
111111110110101011101000101010100010100000110100100101111110010010100111110
111111111010100110101001001010110100001001101011010010001100110100011111101
111111111110110000111010001111011100010010111010000101000100001111101000110
111111111101000100001111111001100101000111101101000101010100110010110001010
111111110110001110000010010100101101110010101111110000110100001001110110101
111111110101100011000100010011011011010011111001100110001101011100100101001
111111111001111011100110000110110011101111101110000101100000000001011101000
111111111111000001110100100110111000101111100001100010000010101010110010111
111111110000011101000000011011111110001101101100011110010001001010101110110
111111110001011000101100101101011000010000111111110110110010111000011011000
111111110010010101111110010001101010001101011111000000101110011001000001111
111111110000001101110101000010100100010110111110101011100111010110111000001
111111111100011100011010100110101010100000001001001100101001111110111101001
111111110100000001111001110100101011011011101000010101011011010101011010100
111111110110011010100101100000011001001101011010010001111101101110110100010
111111111010000011000011001101001110111101011100100110101000110111110010000
111111110000011001011000111100010100101111110011111101001100110001100100001
111111110101100100100010000111000000101110011011011110011111010011010110010
111111110001010011000001111010100010111010011011101000010100101111011001110
111111110111111010010000100001110100011100001101001111011010000101110001101
111111110011010000111011011100110001100110011100100010011001000100101111011
111111110011101111001010100101101100011011011000110001000011100010001101011
111111110010111100001111110011111010110110000010100111001101100000010010100
111111110011101110100111101100001010000101100011101100010001010101101000111
111111110001111010011101010101100100100001110001000011100001011111010110110
111111111010010111100010110000000101110001110011001111001011001000111011010
111111111101111101100010011000010010011010010101010001100001110100110010111
111111111111011000000111010110001000111001110100011011011100010010001001101
111111111101110101000010110000111101000100110010100010111010110111001100100
111111110011100000000001010110111111000100010000011101100110111001111011011
111111111001101011011100011000001001100000001110010110001111100011111000111
111111111010110000001000000001000001111111100100101100110111111100011100111
111111110111001100101000011101110011111001100010001010100111100111100001000
111111111011010010101100011010001110010110101001001001111011100011000110001
111111110110110100010100101110000111000011111100111010101001100001010001110
111111111100101110010101011100101000011110110110001100001010101100000111010
111111110101110110111001110010011101111001001110101100100000010010000010011
111111110101011111111011001110000111010101010000000110010110101000010100101
111111111100101001001001100100010110010111000111000010111101001011001011011
111111111110110111010001011101010010100100101010110001010011011010010001001
111111111110101001101111010010110100100001011101111100010011101101000000000
111111111100001110101100001001111111101010010000101011011000011001011000011
111111111011101100111001110011000011011100110101110000001000001011111100000
111111110111000111011110100000010010110100101100011011000100111101001110010
111111110100100000011110011010001110111101000011110011110010000100111101010
111111110010001111110100010111010101110110000001010100111000110110001001110
111111111001011111011011000011011000000011100000111000111110000101110011010
111111111011110101110101101000101100111010000000010110110101011001100101000
111111111011000101011100000100011111001000010111101101010101000110010111100
111111111111011010010000101011101111100111010111010000000111010100001010000
111111110110110011011111000001100011001010110011011110110000100010101010001
111111110101101001110011001001001101101100101001101001101101101000001011100
111111111000111010101110110100000111001110001000111010000110011110100011100
111111111011001000010011001000110011010011001011111111101010011010000100110
111111110101010100100101000001000110100011000110110101001010101111101111101
111111111100010011101001000111101001010100000111111011000001110001100101110
111111110000000110001011101010011001101110110101010111100011001111000001101
111111111000100110110001110101011010100011011101001011110110100000101100100
111111111001100101001100101111100001110101011010011001111000001100100010101
111111111001000010110010110111100110001000100110110111111101101100000000011
111111110010101001110010111011001001000011000110001011010000111111010111001
111111110000110110010110001110110001011001000101100001011111111011101010000
75
000000000000000000000000000000000000000000000000000000000000000000000000000
100000000000000000000000000000000000000000000000000000000000000000000000000
110000000000000000000000000000000000000000000000000000000000000000000000000
111000000000000000000000000000000000000000000000000000000000000000000000000
111100000000000000000000000000000000000000000000000000000000000000000000000
111110000000000000000000000000000000000000000000000000000000000000000000000
111111000000000000000000000000000000000000000000000000000000000000000000000
111111100000000000000000000000000000000000000000000000000000000000000000000
111111110100101000010000001111010010111001010000100011100110111110111110101
111111110010001010010001110110001110110111101110101011100011001101001000010
111111111000001100000010111011100111011111010110000100111001000111100110100
111111111110000000111111101101100000011001101100100110001001101001001011101
111111110111001111100000111101101000101110100001001010110101010000101010101
111111111111100100011001101110001010010100000010111000011001010100110101111
111111110001010010010000001001111010011000011111011110111010010101001011011
111111111101001010101001010100100111011010011001001001000001110111011101001
111111111011010000110111010111010110110011001001010000101101010010100010011
111111111111011110100000100011011101010101010101100000001110100001011000111
111111111110011000011010111000001111101010000011111100001110111000001110000
111111110010100101001100100101111101011010001110101001101000110010111010010
111111111110101011000010010010100100010100001010010111111100111010001001111
111111111110111101101000101110010010010011111101001100110010011010000001000
111111111100111101010100000100100001100101101111010000101011110101101100001
111111111010101001111110000001100110000100010001101000110111001101111011010
111111111000001110001011001101110100110110100101110111001110010100110001000
111111111001011001010111100010111001010110111000101010100100110100000111100
111111110100000111011011010100011101000001011111100100110101011100010010101
111111110010001001101001010010010001101101011100011110001011010000111111110
111111110001101100110011101000011111100100101000000101111011100010011011001
111111110100010100101110011110001100110000111000001110111100100101111100010
111111111100010011100100001111001111000100001110101111000111000010100111001
111111110111110100101011000001100011110010011110110011110111000000001100100
111111111011000110001111100100010011001100110010000110100110011011101100011
111111111001111000000110010100011011011001100111001011011101001000111001100
111111110001100001011010111101000001110111011011001101000110100001100001111
111111111101111010001101100001000000101111001100001101111100001100010110011
111111110011011101011101011000101100011101011001100011011010001010100100001
111111110000100000100011001110101001000111110101111001011100011011001110011
111111110100010011001111111011110010010101100011000001010011110000011110010
111111111001001110110100001001010100000011111010111101010001111000101100110
111111111001011001001011001111101100101000110110011000100011101010010000111
111111110000111100111001110011111000000010000111000110000101101110101101011
111111111010011111111001001100110011100001000010001011011100100111000010110
111111110101110010111010100010100101001001100001101111101011010110100000110
111111111010110001100001100000001100011011110010010111010111110101110010001
111111111000110110101001010011001010101100111011100001101000111001100011100
111111111001100111000101110111000001110000010001111110011011101110001010000
111111111111010000011000010111111001000110101000010101010010001111111010100
111111110010101110001110000111001111001011101001010010010010100100000111111
111111111111100101010101011011101111101001110100000101000100010100001001010
111111111011000011001010101010011000101001001101110001110101100111101101000
111111111100110111010011010000010100111010100100101000010010000011101111111
111111110010010111110111001010000011011110000101011101100000101100111000101
111111110011111011100111011101001000000011000010100100101010010111011101100
111111110001010101100000100100100110111101101011110100000100001110011111110
111111111101000111110010110100101010000011010100010011101010101000110111010
111111111100100100000101011000111010001111001001111110100111100011010000110
111111110111011100010110000110000000101110010111100111010001110011010011010
111111110011110110011000011001000101010101100100011010100101111011010111000
111111111000001001111100110001001011110000100101110111110000010011010100111
111111110110111010000101101100111101110000010001010101100001001001100111110
111111110111000001000001000011110111100011100011101110111000101001110101001
111111110010111111010010110111110010001000111000111101001101000001010100001
111111110001100011111100000110111110111110000100000100011111111001000100100
111111110101111001100011111101010111001100001100110010010000111101100000010
111111111000110010111100111110110101101111010010110010110000000000011001001
111111110101001101101100011010010001011010100010110001101111001101000011011
111111110111101010101110010000111010110101110110111100000000100110100010001
111111110010010010000100111000100011100010111100100000011111111110110001111
111111110101101011011101101010000110000010111111010010001100000011111010100
111111110100010101001110100001011110100111010000011011001001011111001001101
111111111110100011110010001001011001111110111011000010001001001110010100010
111111110100001110110111100011101001111001001010011000010110011011110001000
111111111011100100100110111010110100100000001111001011000010011101010110101
111111110110000000110101110101010100001100110111011001111110100110000101100
75
000000000000000000000000000000000000000000000000000000000000000000000000000
100000000000000000000000000000000000000000000000000000000000000000000000000
110000000000000000000000000000000000000000000000000000000000000000000000000
111000000000000000000000000000000000000000000000000000000000000000000000000
111100000000000000000000000000000000000000000000000000000000000000000000000
111110000000000000000000000000000000000000000000000000000000000000000000000
111111000000000000000000000000000000000000000000000000000000000000000000000
111111100000000000000000000000000000000000000000000000000000000000000000000
111111110001000001010001010101011110111110000110110101011110010110110001100
111111111000111000100010111111110100100100010100011011100010111010100011100
111111111100100010001100110101001000111111011001100101010000111001101110100
111111110110100110111100010001101011100110001110101011100110001010001001010
111111111000000100100111011101010011101011101101010110111001000010001111000
111111111011100000100101011001101100010001110011110011011111101011000000001
111111111011110011010100001001110001111100101101011000110100011000110100001
111111111110011010010101000101010001011001010110110000101010101100001011111
111111111100110001110010100000111101111001100011100101100010000011010111010
111111110111110100010000101110000100101010001001110011111111001100000110110
111111111010001101011011010110001000011001001011011111100100011010100010011
111111110110110000001111000100110110010100100110000111101101011101101110000
111111111100111111000111010000110010110010000001111011010001000101100001111
111111111100000011100001011010111101000111001011000000101101111100100101110
111111111011011101000100010010100111000101001010110110010010011001011111100
111111110111001011000010110111010011010011010101100010100111001011110100000
111111111001111100111110000011011110011011000010001000110111100000101100100
111111110000001111010000101000011110100101110110110111110001101000101100011
111111111011000110111011100000110100101011010100101110001100011001000101101
111111110001011010001110111000000101011111101110111001101001010011000000110
111111111011111110011000011100010000100010100011000100001011111011111001010
111111110000000011111110011110101101111000000100000010011011001001111010111
111111111010100101100001110110010000010110111110001001111010000001011100111
111111110011010001100010000101000101110110111011101110000101100000101011111
111111110100101101011011001110110101011110111000110000010100101011001001000
111111110011101100101001000010100011111101010101100001111001110000110011010
111111110110011111100100001111111000101111010010011101001101000001010010000
111111111110010001111000111010100010011111100101111110001010100100101000000
111111110000010100110111100100101001000010011111111100110011111101110000000
111111110101100001000110011010000010101011110110001100110110111101000011011
111111110101010000011111010010110000100101011101010101000111100010011100111
111111110000110111101001101011000000110001001110110000000111010111101111001
111111110100011110110010010001000100001101111001000011111110010101111001001
111111111101001001011000000011111000100000111111101010111001010111001010100
111111111111000101101111101001000110101100010011010000100000001111111000110
111111111001101011111110100111000001000100000111010111011100100101000101010
111111111100010110011001111011000111010000110111001101010101001000010011100
111111110010010011101110100010011010000010100001110001111100111010011011101
111111110110101001001001001001001101001010000101011111100011110001011101101
111111111101000100010010111101101010010100000000111000101101110001011111011
111111110100101000110100100011100010011010111010010110001001011010110101111
111111110011000010010101101011110100010011001000001111110000100111111011010
111111111010110111010111010011001100001110110100100010000001110110010110010
111111110101011101001101100101101100000111100101001000011010001010100111011
111111111010001110000100100110101110111100101101000100100111100111000001101
111111110000101100000111101011011001110101100001101110001110011100011000110
111111111010010000001010001011011011001100011000101101011011001111100101011
111111110101000110110101001110010011001100100011101011000010110011100110101
111111110111001010101011110000011000111100101010011010010011101100010111000
111111110110100110001010010111100101100001100010111100111000100110110100101
111111110010101000111100011100011110000001111101111000000100000101110111110
111111111111001110100010001000101001010010110100010101010110010110101110110
111111111001101011111011001101100010000111101000100101100011001100010010101
111111110001110111001001110001111011001000111000010110101110100001100010110
111111111000100010001000100100110111001111010011011010010111010110011010011
111111110111111010100011111111111110001000001111100100010000010000001000011
111111110010001101011110111001110111110010011011000001001010110100000110001
111111111101101101100100110000010101001000001100101101001101101110111010001
111111110001110111000010001100101010011001011111001011001000101110011101100
111111110111110101111100111100011001010101010000000110110001010110000001101
111111111100011011101101001100000110110000011000101110111110110010010100010
111111111101010100101000000111011111110011101100010011000000111101010000011
111111111001011000001101111110101001101010110010100011100100000100111101001
111111110010011001110001110101100011101001100000001001010101111111001100110
111111110001111010110001010010001111110110010001011100101000001111001110001
111111111110111000010011101000001011100111001110000010011100100011110010101
111111111111100011010111100110001111100001111000011001001011010000101001000
75
000000000000000000000000000000000000000000000000000000000000000000000000000
100000000000000000000000000000000000000000000000000000000000000000000000000
110000000000000000000000000000000000000000000000000000000000000000000000000
111000000000000000000000000000000000000000000000000000000000000000000000000
111100000000000000000000000000000000000000000000000000000000000000000000000
111110000000000000000000000000000000000000000000000000000000000000000000000
111111000000000000000000000000000000000000000000000000000000000000000000000
111111100000000000000000000000000000000000000000000000000000000000000000000
111111110110000001000100011000011001101111010000111111001001001111111010110
111111110010111001100111010000011100100000111110010010111000110011000011111
111111110000001101111101001001100111100001110001111011011100100010101101000
111111111110000100001011100001111100010011101100010111001011010010101100011
111111111011010110101010000100010111001011101001101000111001101010100010110
111111111011000011000100110011101100011011100011100111010100110110000011100
111111111001110010110001000001111101011010010110001011000000101001111111010
111111111100011010010010001010101000101000101111110001011011101110011001010
111111111111000000110110111000000011110110101110000010101101100100101111000
111111110001101110001110101110110000101111110010000010001010111011001110000
111111111001010101001111001010100101100110001011010101100000011000111011101
111111111101110001100111100011011101100101000000101000110011110110011100000
111111111100011110010101100110001011000001001110001110011100010011111010100
111111110001101100000011010111011010111010001001110110100101100011111001000
111111111010011000001001011010111111011111111010011000110110000101001000000
111111111000110111000000111100010111010000010010110110011011111100101001001
111111111110101100100110001101111010010100110011001101010001100000011010101
111111110011101101111000100011001001011100100110110001111001011001101000100
111111110101111000011100010101000101001010111111111100000001010110001110001
111111111111011110110010010010110001110001110001110010000000010101110100101
111111111111101010000001101001100011101110001000111100011000110001000101111
111111111100100111101011000100000000001111110110110110110100000100011101110
111111111100100010011101011001000110111101100011000010110001011011110000011
111111110010010110101000011011100001000100100100101110100111110011011011011
111111110010100011100001001111110011110001001111010000000101011110001110110
111111111000000111001100110111011011100010100111011001101000100101010100011
111111111101011101110000011101010000111011000010001001101110010010001001111
111111110101010101000100100001100010011000111000010000110110101111111110111
111111110001111000001011111001010001000001100011000101011111000101110111110
111111111110100101111000001011010100101010011101000100011110110101110010000
111111110111000010111001100100011100100100100011011100000110101111101001101
111111110111111100001101001100001111110010100100100011000110111100010000110
111111110110000100011001110100111001101001011010100001110101111000010111001
111111110100001110100101111010010101011100011111100101100010100010100100110
111111111000001000111101000010001010010011010001100100101011111101001111111
111111110001110110111100010010111110101100001000000111011101000100001100111
111111111010011001010001110101110110101100100101100110101010001000011110100
111111111010110001110111100110100011101010110010100101000111000011100000011
111111111011100000010100000110010001010100111001011111111110011010010101010
111111111101001011011011010011010011000110010100010011010111101010000010101
111111110101001011101010100000101111111000010011011110101111010000010010010
111111110000111011011000100000110010110111111100001101100001110110110001100
111111110101010111100101010101101001110111111101000100011011001001000001000
111111110110101111010010010100101111000110000001000001110010010111101111010
111111110000100100110010111010001111111011100100011100010010001010010111101
111111110100100011011111001111111001011000101000101010101010000100100011101
111111111011011101001001101110001000111100010101001010010001000110100111011
111111111001001011100100001100011110001101101100110001000111010001110111001
111111110000011000110110101101111001001111000101010110110100111100100000011
111111111101101101110001111110100100000001101000011111100001101101000010010
111111111110111010101100111111101100000010010000010000101101001010110101100
111111110110011001101010000111000111011101001010000111001000101111010101001
111111111001000000101010011101101010100000011110101111110010011111100100100
111111111010101110000110100001000101101001011101001011100111001101001001101
111111110111010010011110101111010110110001010100110101110000000001001011010
111111110111101001101100110010110010000011001111101010010010001000111001011
111111110000001010100011110111000100110110111000101001011100011100111010011
111111110011110110110001101001001010000111011011110011101010000110010010001
111111110100010101010010101011011110000110111011101010000101011001000101110
111111110111110011000011011010001010001001110101001101101100111000101100001
111111110100110000000000000110100100110111000111111011111111100001100110101
111111111100110100101111110000110010011100000101111001001100011111000011000
111111110011000100010111010111100110001101010110011000001011110100110001110
111111111001100001011010111100101101010101011101100000001100100011011000111
111111110011001111010111001000110100010010000110101100111101001111010100001
111111110010010011111111111100000000011010001001011011010011110001011100100
111111111010111111011110010001001000110101001010111100000110101000100110010
75
000000000000000000000000000000000000000000000000000000000000000000000000000
100000000000000000000000000000000000000000000000000000000000000000000000000
110000000000000000000000000000000000000000000000000000000000000000000000000
111000000000000000000000000000000000000000000000000000000000000000000000000
111100000000000000000000000000000000000000000000000000000000000000000000000
111110000000000000000000000000000000000000000000000000000000000000000000000
111111000000000000000000000000000000000000000000000000000000000000000000000
111111100000000000000000000000000000000000000000000000000000000000000000000
111111110011111011000101000111001011110100011010001001010010000011110111001
111111111011110101011000101110000011010011100111101111001100000110000110000
111111110001100010010001110001010001111011000111100000110100101111011101011
111111110000111110101101001100000000101011110110000011101100011001100011111
111111110000010111100111110110010010010100000000110101101101000101011111110
111111110010001001111110100100110010110001111001001110110100100011001001101
111111110110100101101100011111100111000010010011100000001010101011011001110
111111111010010000010100000001111011001011011001110011101001000111110010111
111111110100011101110101110000001011111010110100111010010010101100010010100
111111110011000100011011000101010011101100111010110111011010011100001001010
111111111110000101010100111010100010101101010100010101010100011010110101011
111111111001101000000110111111110010010000001110111010000000111100100011111
111111111010100110110011101101010111011110010100011000000111010011000000101
111111110110000001001010011101000001110110100111010101110001110101110010101
111111111111001110100001000110100001000001010110010110110011100110001110111
111111110100011100110100010101010110000101100111101000111011010110100101001
111111111001001101000111000001100110110011101111010001001111001000011100101
111111111101010101001010100100011001100111001100011000101010101011100101110
111111111010110111000011110011000100100000111101001010111000010110111000110
111111110010000110100000101001101010000110101101001011010111101101101111010
111111110011010111001101110100111101010101010101100011000001111000101000001
111111110101110010100010010010100011110011011101110110011111010001100001000
111111111111100011001101011000011010011011100000001100011011000100101001111
111111111101001010100110101101000101101111010001101111000000000100111101100
111111110111111001111111101001010000000001011101000100000011011101010110010
111111111111110111110110010101101010101111001010000000100100110100001010000
111111110011000000000110011010011000101101110110101010001111110011011110100
111111110001110000110001101100101110100001000010011101011001111111111000100
111111110100101100011011000110101000011111001101101001010001010010011011110
111111110001001101100011011100011111001010001001000110011100110010110110011
111111111100111000010111111111001001000101100001010011011110100001001000011
111111110111011110010010101001101001010000100000100100101110011010111011101
111111111000110001110011001010001011001100111111100100100001101000101101101
111111111000101011011100001100000000010110011000110010111111111110111100000
111111111010101100111010010011011101110001010000000001011101101100100111100
111111110110100000010101110100100101111100001011001110101111001000100110110
111111110111101010101111000010110011001100100101011001101100101110110000000
111111111000111101000000000000110101011101110011011100000110110101111011010
111111110000110110101000011111111000111101101001010110000010001110010100101
111111111001100011111010010000100111000101100000101011110010011001010110111
111111111001010000101110111100101101011000111110000001110111000110010001010
111111111111011000000001001110111110110110110001100000110100011101000100110
111111110011101101100110100011001100011111100010110110110001001011100000010
111111111011001110011001111110000110101001101001110000100011100001110011000
111111111010101000101101110000101101100110101100110100001000010111001111001
111111110010011010011011011001101110010111010110011110101000100000010101010
111111111100001011111000100111111011111000100110000010001001010001111100010
111111110101101100011000110010011110000110011110000111100110000101111000101
111111111010010010111110000110011100100010000111111100010110001000111010011
111111111000001111010111011010111001100010000011001111100011011111000001000
111111110111110100110100001010010101110010101000011011100001110000011101011
111111111111011011110000011000010100011100001111010011011000001011001011100
111111111101100101101001101001111000100100010011111010111101000000010011001
111111111110111110000010110100110000001010111010101101011001101001010100001
111111111100110100001111001001110110111000000100100111110010100011101110000
111111111001011000101000110011000010111110010001001101101011111010001010011
111111110001100011010100100111111100001010110101010101111010110000000111100
111111110100000011110011101010110100110111111010100001001010100110100010011
111111110110111011001010100000001110101000000011110011000111110110000101111
111111110101010001011011010111100100001010110000011010000101001111101111001
111111111101000110111101010001001000010000111011111101000100110011100100110
111111110001011111011100001011100101101100001100101100011101100101000000111
111111110010011001101001111011110001001011001010111001110110010000101100100
111111110100000110001110101010001111011001011011011000111000011101001110001
111111111110000001100001000111001100011001001100101111101110111101010001001
111111111100010010001101100011010111000111101010000110010101111010010011100
111111110100101011000000011101011111100001111100111101100101001010001010010
75
000000000000000000000000000000000000000000000000000000000000000000000000000
100000000000000000000000000000000000000000000000000000000000000000000000000
110000000000000000000000000000000000000000000000000000000000000000000000000
111000000000000000000000000000000000000000000000000000000000000000000000000
111100000000000000000000000000000000000000000000000000000000000000000000000
111110000000000000000000000000000000000000000000000000000000000000000000000
111111000000000000000000000000000000000000000000000000000000000000000000000
111111100000000000000000000000000000000000000000000000000000000000000000000
111111110101111111101110011010000111001010100101000010100001100011100001101
111111110011000111000001110000001110000111001110101010110110110111000110101
111111111001101000100011110000110000011011100101011100100101111110010100011
111111110000000111110011000100100001011100110101101011010111011000101101101
111111110101011101100000000011111100001111111000001111010001110000011010110
111111110111001000010011001110101110011101010110011010101000001001010001111
111111110101000001111010100101001001100011100110010000101111111001111010100
111111110010011001101111100110110010101110000011101010001000110101111100000
111111110010111100110101001100101010100010100000110110110011001110011010101
111111110010010010111000111101101101000110100111001101000001000101010111011
111111110100010000000000111010011111111101101011100110100111001000111100001
111111111110100100100011001011101011101001100010100001000100110011001111011
111111110111110010110010100100011000011010111010110110010010100011100101010
111111110111111001111000010011000000100001110001101011111110001101000100011
111111110100100011100101001001010110010000110111011111101010010011011110000
111111111000101001101100100110011111010101100100110011000010101100000111110
111111111001110010010110001110000001101111001100101011101011010010010110010
111111110001111110011011101011001011010000111100101100001100100100011100100
111111110111101100001101000101110111100110111110001000000111001010100100010
111111111110100000110110010001111111011011001101101000011011000101001000100
111111110111001011001010001100011010111100000101000101011111100110001010011
111111111111010110101001100010100010010101101101110001011001001011110010000
111111111100001000101111110010001001100110011100011111010110000011011001001
111111111101011011010100110001101010111110110110100001100000011110001001000
111111111011000100000110101001000101101100110101111110110000101101101010010
111111110011001110011100110011110011011000000000010010110111010001011111010
111111110011101001001100100000101001001001011011111101101001000010101111101
111111110110110110001110000011010000001111010111110100000110011100010011101
111111111111110001001011010101000111010110000000110101110000010000111100111
111111111100101111010100101000101011000111010001000100011010111001110100011
111111110100001011000111011001100000110111101000110110001101000101100111110
111111111010001010011110010100000110000001111011100111000101111011011000110
111111110001010000110111010011001110000100011001010000001011111110101111011
111111111001000111001010011010111100100010100011111000011010001010011101110
111111110100010100000000100110100111110010010001111101101111110111000001110
111111111110001111110001100111000100101001001101000100100010000110111101110
111111111011011111010111000010011101110001100010011101000011010101100000001
111111110000100110111100000000000110111111101010011001111100100100111001011
111111111011100010000101110111101100111010110001000011001110100000110010101
111111110100111010011001111000110100101000001100111001000010111001101010111
111111111010111001000010001010100100010010011110000001110111101101111111000
111111111101100101110100111110010000010100010010101000000101000111111010111
111111111000001010111001000011010101111110010010100100111001101011000110101
111111111101011100010101101101010100000011000111110011011101100000001101001
111111110010001001010000011111010011110011111101111000010000110010110011001
111111111110011110101000011100001101011011010000011010001100011110101110000
111111110001100101011001011111100001011111001011010111000010101111001000000
111111111010011101110011111000010011001110111011010001101110000000000010110
111111111111100011111001001000111101100100011001110010100101110100010001000
111111111000110111001011100101011010110011011001001010100001001001001011011
111111111010110101010000010001011010101100000100011111001101101011110101100
111111110100010100011111010000111001110001010111000011110000100110110110110
111111110001010011100110101101110111101001011000010001010100001111010100101
111111111000010011101101011111101010001001010110111100110111100000100000010
111111111100100101011010110110100110101000111110010110011001010100000110001
111111111001111000111010101001100110110101000011001110010110010010100011100
111111110001111101100101010100001101111000001111100100011100011001010011010
111111110011100010100001111010010011100011010110000111011001011100101001110
111111110110110011010111110110110101000101100000001100111100101010001011000
111111111101000000011101001110011010001010101001001101110100011101100111100
111111111110010001001101101001000001011000101010001010011011111110010001111
111111111000111010000000000111111001000100101111010010111100010111101000111
111111111011010100101100011100110000110101111100000100101010110001001101101
111111110110101110100110111111001000110100001011011001110001111000000100100
111111110010000101111110101011111100010010001100100111101100011010100000011
111111111101001110100010010101110011000000001010101111101010101100110011001
111111110000101100001011111101011100001101110000100001111011010111110001000
75
000000000000000000000000000000000000000000000000000000000000000000000000000
100000000000000000000000000000000000000000000000000000000000000000000000000
110000000000000000000000000000000000000000000000000000000000000000000000000
111000000000000000000000000000000000000000000000000000000000000000000000000
111100000000000000000000000000000000000000000000000000000000000000000000000
111110000000000000000000000000000000000000000000000000000000000000000000000
111111000000000000000000000000000000000000000000000000000000000000000000000
111111100000000000000000000000000000000000000000000000000000000000000000000
111111110111110110001011000101000001011011100110111011011001100000011000110
111111110011000001100110111001001010110100100010110000111001101111011011010
111111110000011011111001101111010110111100000100100011110101000100010101100
111111110010111001011101111000110000011000101001010101011010110101111000100
111111110110001110111110001010101011101111110000100100101000110001010100100
111111110100100010111110011110111000010010101000100011000111101000101111010
111111111100010010101101110001001110000101111010001001010110101001011100101
111111110111011001000100100111111000000111111100111000001011000100110101001
111111110101000101001111110011011100111011000001010101000101110010010110001
111111111000111000001101010010101010111110011110110010000001111110000000111
111111111001000111001100001111100100100010111011100101011111000111000000110
111111111100001111100010110000000000110000110111111110000110110100110101110
111111110100000100010011111011101001101000111101001011110001001101110000011
111111111010000000011000110111100011010110010100111101010100010011111110010
111111110011001101100101000110001010011111010001001111110110101100101000010
111111110100110100110100110100001100101011001110110110111100000111101100000
111111111000110001100010000010111101000111100101010011110010100111010110110
111111111010100100100010101101100000001101011000010111011101111100000111101
111111111000001111010111100100100111000110101010010111100001100010111001001
111111110101101011011000100001101011001100000111000110001111100101001110011
111111111101001000010001011101011001000111000011100011001100111111110001100
111111110001110001010011101000110011101011011010101100010110101010010101010
111111111110001010010011000010011100101101001010111101010011010101001011010
111111111100101001111111011100000111010011010001011000011001000101000101011
111111111011000000110100011001010101011110101111101110110011110000000100001
111111111101110101011110010111000010001100001001111110100010001001010011100
111111111001010110111001110010101001010001000000101100111011100110100011101
111111110111011111110011010000100100010110011100000010011111011011010010000
111111111001011100000110111110011111001000010010000010011011010000111110110
111111110000101100101001111111100100100111001111001000101010110000011011010
111111110100011100110100101010010011010101101111011101001101001010000010110
111111111001010010111001000001010010100011111001010110101001011100111110010
111111110111001000011000010100100110101001110111010001110011101010100111100
111111110111010001111100001100001101100000011100001111000000110110011011111
111111110010000011000111010111110111110001001110001110001000101101100110100
111111111111010010000001101110101110011000101001011010101100110011000101010
111111111110100010010110100110010010100010000101001000111111111110011000101
111111110101111010100010011011110110100100010001111111011000100010101000001
111111110011110110001110110000010111000101011101100001100101110101100001010
111111111110111101000101011001100011100001100000101011100111010110001110000
111111110001001010001010111100010001111111111000011010100110000111001010101
111111110010111000101010000111001011110001101011000110010111010011110001001
111111110111110011100001111110000001100110000010010101100011011001100100111
111111111110011101001000100010010001110010011011100011111000101001001111001
111111110101101110100100000001110010011010001010001001110000010111110111111
111111110100100101010001000101011111110100111000110000111110110000100010111
111111111001011111110100010111110001101001100100010000010100111001001001011
111111110000110111010000001110000100011101110011101000000001111111111110001
111111110010011011011110101001101100000011000011111010110100011000100010111
111111111101100101001000101000111110110111100100001110010001011001101001100
111111111110100011001101011010010000001101110110000110111100000010110011011
111111110001101000010111100011000100010001110100100111101010011011001101111
111111110010000100101101000000110101101100000001111010001111001011111101111
111111111110011100101011101101010110001010100100100100000010101111100010011
111111111011100110110101101100111010110001010111110011000010000001010010001
111111111000111010000100001001001101111010010100011101101111101001110011000
111111111011111100011010010100111100110100100010001101101100001100010100011
111111111010010111010010011001001010111111001101000001001010000010101101111
111111111110101011100000110101111101011001011001100100100001001010011000110
111111110000010001100011010100111010001010110111101101101101010001001011101
111111110010100111111000110011011111001010110010011011001010011110000001000
111111111101000001101010001010100111011001001110110001101110011100111000001
111111111011101101111011001011011000000000011110011000100101100011101100100
111111111001101011101111100100001001101100101101101001011000011010100110000
111111110100010110001111001101111001010100010111010100110010011110001101000
111111110011101110000001011010001111000010101101110100010100001100011111101
111111111111110000110111100011100101111110110011000000000100000100101011100
