9
011100001
000110101
010110101
000010100
100000110
111110111
100000010
111100000
000110110
8
01010111
00100011
10011000
01000110
11010000
01101000
00101101
00111100
13
0111001011111
0001110110001
0101000010101
0000000100001
1011010111001
1011000011111
0111110010100
1010011001011
0001000100001
0111001010011
0101100111001
0111101010100
0000001000010
8
01101010
00000110
01001101
11101011
01000001
10011001
00101100
11000010
17
00001011101010101
10100000111110100
10000100011110110
11100000010000001
01110111000100110
11010010101000011
01110000111011000
01110110000000100
00111001001000100
10001101101010001
00011001000010001
10010111111000001
00011101100101101
11111101111100011
00010110011101001
11010011111110100
01101011100000010
16
0001000111001010
1000001110010001
1101000101010101
0100001100101111
1111001010010101
1111100000001000
1010010110011101
0000110010101010
0011010001100010
0101111100000101
1110111001010010
1001010111000100
0110100011110110
1100010110100010
0110111001010001
1000010110111100
18
001000010010011010
100010100011010110
010001100010111011
111001000011100000
101101111000101011
110000000110111101
100101010001110111
011101001001111011
111101100000100101
111110111010010010
000010111000111101
101011001110100011
110000000100001100
000110001001101101
010100101101000111
101110010101000010
000101001010110000
110100000100100110
15
011010111011001
000101100111101
010011010001001
101000110101100
010101110110001
100100110000101
001000000000101
010000100101000
011111110000001
101001101001101
001101111101000
000011101000001
101010011011001
111111111111101
000100010010000
19
0011101111000000111
1010101100011011000
0001010101000010010
0100101000011010010
0010010100011110110
1101000010000111111
0010110110000101101
0001010011011100101
0111100001011101110
0101111000010010100
1111111111011111111
1010011000001010101
1010011001000010000
1111000001011001100
1000001110000100000
1011100101011010100
0111000000001010011
0100001101011111000
0111100011001111010
20
01010111010000111001
00100011100001000000
10011000100101110000
01000110000110011111
11010000110110111011
01101000100000100011
00101101101111101000
00111100010100100100
10010001011110100001
01110110001000110010
11111101000110000000
11000100010001111001
11100101010100111011
10011101111010101111
01010000001000011000
01000111101001000100
01100101111000010101
11101110111110100011
11100011101100111000
01100011011000110010
