100 1234 56
100 -25
200 -49
300 -72
400 -94
500 -115
600 -135
700 -154
800 -172
900 -189
1000 -205
1100 -220
1200 -234
1300 -247
1400 -259
1500 -270
1600 -280
1700 -289
1800 -297
1900 -304
2000 -310
2100 -315
2200 -319
2300 -322
2400 -324
2500 -325
2600 -325
2700 -324
2800 -322
2900 -319
3000 -315
3100 -310
3200 -304
3300 -297
3400 -289
3500 -280
3600 -270
3700 -259
3800 -247
3900 -234
4000 -220
4100 -205
4200 -189
4300 -172
4400 -154
4500 -135
4600 -115
4700 -94
4800 -72
4900 -49
5000 -25
5000 25
4900 49
4800 72
4700 94
4600 115
4500 135
4400 154
4300 172
4200 189
4100 205
4000 220
3900 234
3800 247
3700 259
3600 270
3500 280
3400 289
3300 297
3200 304
3100 310
3000 315
2900 319
2800 322
2700 324
2600 325
2500 325
2400 324
2300 322
2200 319
2100 315
2000 310
1900 304
1800 297
1700 289
1600 280
1500 270
1400 259
1300 247
1200 234
1100 220
1000 205
900 189
800 172
700 154
600 135
500 115
400 94
300 72
200 49
100 25
