1 10
5 5 7
2 12
5 5 7
8 6 3
3 10
3 11 2
2 1 1
2 16 3
3 15
-5 2 5
9 2 9
5 8 6
3 38
-25 -10 8
30 5 7
-3 35 11
3 39
-25 -10 8
30 5 7
-3 35 11
3 800
-400 400 2
300 300 1
300 302 1
3 800
400 -400 2
300 300 1
307 300 3
8 147
130 80 12
130 -40 12
-110 80 12
-110 -40 12
70 140 12
70 -100 12
-50 140 12
-50 -100 12
3 493
345 154 10
291 111 75
-275 -301 46
4 55
54 0 1
40 30 5
27 36 10
0 48 7
3 30
0 3 3
-3 0 4
400 0 3
3 7
2 3 2
-5 -4 2
-4 3 2
3 10
-5 -4 5
2 3 5
-4 3 5
4 6
4 6 1
5 5 1
1 7 1
0 1 1
3 493
345 154 10
291 111 75
-275 -301 46
5 20
-9 12 5
0 15 5
3 -3 3
12 9 5
-12 9 5
3 38
-25 -10 8
30 5 7
-3 35 11
18 400
-32 -372 39
121 -357 10
134 -351 12
271 -195 31
288 -190 26
328 60 38
-74 321 34
-52 310 40
137 267 56
181 260 23
-308 134 34
-324 154 33
-365 62 46
-357 -137 38
-335 -162 28
-334 -185 30
-137 -361 31
-34 -371 18
13 599
-290 -252 76
-334 -237 74
-387 330 58
-361 347 63
302 -328 78
222 -295 80
315 -270 82
257 -264 95
271 -295 17
-314 -251 21
-382 331 22
90 145 52
-41 24 248
27 375
-34 -351 30
57 -332 52
150 -281 52
240 -215 18
292 -152 20
337 -75 25
300 2 47
234 92 24
254 142 40
147 201 48
-4 224 28
-170 220 46
-235 137 39
-290 1 52
-225 -94 41
-188 -190 42
-142 -274 28
-81 -337 50
321 75 53
215 232 33
68 260 37
-107 277 46
-260 -194 42
-192 -271 30
-247 58 42
21 -17 121
-15 258 58
27 374
-34 -351 30
57 -332 52
150 -281 52
240 -215 18
292 -152 20
337 -75 25
300 2 47
234 92 24
254 142 40
147 201 48
-4 224 28
-170 220 46
-235 137 39
-290 1 52
-225 -94 41
-188 -190 42
-142 -274 28
-81 -337 50
321 75 53
215 232 33
68 260 37
-107 277 46
-260 -194 42
-192 -271 30
-247 58 42
21 -17 121
-15 258 58
27 429
-34 -351 30
57 -332 52
150 -281 52
240 -215 18
292 -152 20
337 -75 25
300 2 47
234 92 24
254 142 40
147 201 48
-4 224 28
-170 220 46
-235 137 39
-290 1 52
-225 -94 41
-188 -190 42
-142 -274 28
-81 -337 50
321 75 53
215 232 33
68 260 37
-107 277 46
-260 -194 42
-192 -271 30
-247 58 42
21 -17 121
-15 258 58
13 400
-190 -220 76
84 -240 82
-225 -227 29
38 -248 26
-100 -77 56
-148 95 14
-130 108 10
-112 111 11
-94 112 12
-75 108 8
-57 105 10
-42 95 7
-31 94 7
86 499
-415 -172 16
-418 -144 24
-412 -114 14
-402 -87 15
-390 -62 16
-378 -40 25
-394 -171 23
-358 -160 16
-322 -148 19
-284 -137 17
-258 -122 18
-374 -94 20
-344 -115 12
-305 -241 22
-281 -221 20
-251 -191 7
-241 -198 11
-212 -204 10
-195 -218 20
-172 -242 18
-310 -277 20
-297 -300 13
-287 -321 20
-255 -322 9
-141 -474 21
-110 -447 24
-74 -432 25
-42 -408 16
-244 -357 11
-222 -342 15
-202 -332 17
-172 -308 14
-144 -292 11
-225 -368 18
-191 -367 14
-161 -364 18
-137 -368 14
-148 -402 13
-158 -430 17
-162 -454 10
-188 -105 13
-207 -71 17
-222 -42 16
-245 -15 11
-257 12 12
-274 38 19
-124 -28 13
-135 -11 14
-162 14 18
-171 50 13
-165 80 21
-145 98 11
-100 -34 14
-72 -40 22
-48 -11 15
-118 108 14
-98 100 10
25 -11 18
8 15 13
-7 35 18
-22 60 18
-38 85 12
-50 101 17
-67 124 14
60 -7 17
85 21 10
98 47 18
84 85 11
57 94 22
24 78 18
0 57 16
158 80 14
147 97 14
135 121 10
122 140 11
111 161 11
178 80 13
200 87 7
220 105 13
94 188 8
115 195 13
125 212 10
137 228 12
158 228 8
221 118 18
181 225 8
8 344
-318 4 42
-222 15 47
-145 4 41
-67 15 63
41 14 45
134 0 38
201 -2 46
272 0 55
8 343
-318 4 42
-222 15 47
-145 4 41
-67 15 63
41 14 45
134 0 38
201 -2 46
272 0 55
8 499
-318 4 42
-222 15 47
-145 4 41
-67 15 63
41 14 45
134 0 38
201 -2 46
272 0 55
14 331
-8 -311 46
-2 -252 22
0 -224 37
-4 -171 25
-5 -140 22
-1 -110 28
7 -70 20
-1 -42 48
10 24 47
1 84 52
-2 148 32
-4 194 53
11 264 15
-8 -367 14
14 330
-8 -311 46
-2 -252 22
0 -224 37
-4 -171 25
-5 -140 22
-1 -110 28
7 -70 20
-1 -42 48
10 24 47
1 84 52
-2 148 32
-4 194 53
11 264 15
-8 -367 14
14 399
-8 -311 46
-2 -252 22
0 -224 37
-4 -171 25
-5 -140 22
-1 -110 28
7 -70 20
-1 -42 48
10 24 47
1 84 52
-2 148 32
-4 194 53
11 264 15
-8 -367 14
11 404
234 -304 39
151 -245 42
88 -168 34
-1 -115 47
-121 -22 50
-231 71 37
-340 151 30
-160 -202 49
137 -114 30
-187 107 23
264 -332 5
11 405
234 -304 39
151 -245 42
88 -168 34
-1 -115 47
-121 -22 50
-231 71 37
-340 151 30
-160 -202 49
137 -114 30
-187 107 23
264 -332 5
11 472
234 -304 39
151 -245 42
88 -168 34
-1 -115 47
-121 -22 50
-231 71 37
-340 151 30
-160 -202 49
137 -114 30
-187 107 23
264 -332 5
19 413
-270 -298 23
-275 -301 46
-202 -245 34
-114 -185 41
-20 -117 38
81 -50 59
182 25 73
251 75 60
291 111 75
345 154 10
-180 -184 35
-220 -137 21
104 68 21
87 97 10
-90 -250 33
8 -230 27
107 -172 27
161 -100 25
182 -52 30
19 412
-270 -298 23
-275 -301 46
-202 -245 34
-114 -185 41
-20 -117 38
81 -50 59
182 25 73
251 75 60
291 111 75
345 154 10
-180 -184 35
-220 -137 21
104 68 21
87 97 10
-90 -250 33
8 -230 27
107 -172 27
161 -100 25
182 -52 30
19 493
-270 -298 23
-275 -301 46
-202 -245 34
-114 -185 41
-20 -117 38
81 -50 59
182 25 73
251 75 60
291 111 75
345 154 10
-180 -184 35
-220 -137 21
104 68 21
87 97 10
-90 -250 33
8 -230 27
107 -172 27
161 -100 25
182 -52 30
75 429
144 -364 15
95 -372 36
60 -341 10
27 -350 12
17 -377 21
-2 -352 10
-14 -328 8
-47 -351 17
-77 -345 10
-88 -328 5
-120 -331 28
-117 -292 5
-121 -268 8
-135 -278 25
-98 -277 10
-88 -248 5
-102 -245 25
-68 -211 7
-151 -224 27
-208 -218 2
154 -341 10
158 -318 10
165 -302 7
191 -298 7
222 -287 8
257 -290 29
247 -251 9
250 -237 8
274 -231 6
284 -232 8
288 -217 5
287 -200 11
304 -182 8
295 -191 6
308 -165 7
320 -130 5
320 -144 10
324 -95 26
272 -55 10
280 -31 20
261 14 12
-85 -207 18
-67 -248 16
-31 -237 12
-11 -224 19
0 -180 21
-7 -124 15
-12 -82 12
-27 -51 17
-52 -14 9
-15 -4 15
-15 25 31
-50 62 6
-78 72 15
-90 111 11
-67 132 18
-42 182 25
-55 211 24
-21 232 24
1 155 21
44 162 14
85 207 18
112 242 25
120 308 39
174 264 8
191 240 13
151 207 11
212 188 9
241 137 18
250 85 12
257 30 22
-88 -175 14
-114 -24 19
-154 -44 18
-150 21 31
24 299
-241 -45 99
-55 -130 39
-58 -77 18
-52 -45 20
-54 -18 30
-51 15 21
-32 -60 18
-4 -80 19
17 -104 20
41 -121 26
120 -134 19
151 -131 18
182 -135 18
214 -132 12
235 -132 13
114 24 15
147 22 22
184 20 20
220 27 20
170 -60 23
134 -38 13
122 -17 18
198 -84 16
221 -108 14
24 298
-241 -45 99
-55 -130 39
-58 -77 18
-52 -45 20
-54 -18 30
-51 15 21
-32 -60 18
-4 -80 19
17 -104 20
41 -121 26
120 -134 19
151 -131 18
182 -135 18
214 -132 12
235 -132 13
114 24 15
147 22 22
184 20 20
220 27 20
170 -60 23
134 -38 13
122 -17 18
198 -84 16
221 -108 14
24 399
-241 -45 99
-55 -130 39
-58 -77 18
-52 -45 20
-54 -18 30
-51 15 21
-32 -60 18
-4 -80 19
17 -104 20
41 -121 26
120 -134 19
151 -131 18
182 -135 18
214 -132 12
235 -132 13
114 24 15
147 22 22
184 20 20
220 27 20
170 -60 23
134 -38 13
122 -17 18
198 -84 16
221 -108 14
22 380
-38 -302 57
-37 -234 44
-35 -174 42
-28 -108 41
-30 -51 54
-32 25 42
-24 101 32
-27 157 71
-24 234 41
-21 278 41
-21 312 69
25 -21 29
64 -12 71
144 -12 28
188 -8 51
252 -32 47
297 -30 37
-165 -28 59
-282 -28 38
-350 -35 65
-411 -30 10
-41 -350 17
22 379
-38 -302 57
-37 -234 44
-35 -174 42
-28 -108 41
-30 -51 54
-32 25 42
-24 101 32
-27 157 71
-24 234 41
-21 278 41
-21 312 69
25 -21 29
64 -12 71
144 -12 28
188 -8 51
252 -32 47
297 -30 37
-165 -28 59
-282 -28 38
-350 -35 65
-411 -30 10
-41 -350 17
22 400
-38 -302 57
-37 -234 44
-35 -174 42
-28 -108 41
-30 -51 54
-32 25 42
-24 101 32
-27 157 71
-24 234 41
-21 278 41
-21 312 69
25 -21 29
64 -12 71
144 -12 28
188 -8 51
252 -32 47
297 -30 37
-165 -28 59
-282 -28 38
-350 -35 65
-411 -30 10
-41 -350 17
22 496
-38 -302 57
-37 -234 44
-35 -174 42
-28 -108 41
-30 -51 54
-32 25 42
-24 101 32
-27 157 71
-24 234 41
-21 278 41
-21 312 69
25 -21 29
64 -12 71
144 -12 28
188 -8 51
252 -32 47
297 -30 37
-165 -28 59
-282 -28 38
-350 -35 65
-411 -30 10
-41 -350 17
31 488
-322 -274 93
282 252 76
244 -338 60
-331 238 60
-240 162 46
-175 90 64
-87 -2 97
32 -90 50
100 -168 80
174 -264 70
-220 -194 81
-147 -128 110
-60 -38 73
15 15 77
74 82 79
138 138 75
201 190 83
281 -375 11
-380 -331 16
-355 261 27
308 275 45
-367 -268 48
-352 -340 18
-324 274 20
274 291 36
-354 244 36
320 252 40
238 -374 22
285 -342 18
258 -381 19
285 -362 14
31 499
-322 -274 93
282 252 76
244 -338 60
-331 238 60
-240 162 46
-175 90 64
-87 -2 97
32 -90 50
100 -168 80
174 -264 70
-220 -194 81
-147 -128 110
-60 -38 73
15 15 77
74 82 79
138 138 75
201 190 83
281 -375 11
-380 -331 16
-355 261 27
308 275 45
-367 -268 48
-352 -340 18
-324 274 20
274 291 36
-354 244 36
320 252 40
238 -374 22
285 -342 18
258 -381 19
285 -362 14
3 800
-400 400 2
300 300 1
300 302 1
3 800
-400 400 2
300 300 1
300 307 3
3 800
-400 400 2
380 380 1
378 379 2
3 800
-400 400 2
380 380 1
379 378 2
3 419
379 -413 7
339 359 8
299 319 1
3 419
379 -413 7
339 359 8
299 334 4
3 419
379 -413 7
339 359 8
329 324 3
3 419
379 -413 7
339 359 8
329 328 2
3 419
379 -413 7
339 359 8
360 321 1
3 419
379 -413 11
339 359 8
340 365 2
16 138
106 2 39
-81 -14 13
-56 -42 19
-11 -74 14
-21 10 29
-104 2 29
21 32 20
48 9 16
64 -25 24
6 91 40
17 -53 12
-22 11 8
6 -98 9
2 80 13
-95 6 8
-90 -4 6
16 140
106 2 39
-81 -14 13
-56 -42 19
-11 -74 14
-21 10 29
-104 2 29
21 32 20
48 9 16
64 -25 24
6 91 40
17 -53 12
-22 11 8
6 -98 9
2 80 13
-95 6 8
-90 -4 6
33 147
111 -45 24
140 -10 25
170 90 12
2 -25 34
170 -30 12
-70 90 12
-65 85 9
-67 -25 10
-70 -30 12
96 129 18
110 150 12
37 -37 25
110 -90 12
-10 150 12
-10 144 6
-8 -87 8
110 -86 6
-49 28 15
-20 45 24
-10 -90 12
82 104 13
59 111 22
114 89 15
150 73 21
-4 86 22
-4 128 16
131 35 17
71 -55 23
68 -69 20
51 21 17
81 41 13
43 56 19
67 51 44
33 146
111 -45 24
140 -10 25
170 90 12
2 -25 34
170 -30 12
-70 90 12
-65 85 9
-67 -25 10
-70 -30 12
96 129 18
110 150 12
37 -37 25
110 -90 12
-10 150 12
-10 144 6
-8 -87 8
110 -86 6
-49 28 15
-20 45 24
-10 -90 12
82 104 13
59 111 22
114 89 15
150 73 21
-4 86 22
-4 128 16
131 35 17
71 -55 23
68 -69 20
51 21 17
81 41 13
43 56 19
67 51 44
33 148
111 -45 24
140 -10 25
170 90 12
2 -25 34
170 -30 12
-70 90 12
-65 85 9
-67 -25 10
-70 -30 12
96 129 18
110 150 12
37 -37 25
110 -90 12
-10 150 12
-10 144 6
-8 -87 8
110 -86 6
-49 28 15
-20 45 24
-10 -90 12
82 104 13
59 111 22
114 89 15
150 73 21
-4 86 22
-4 128 16
131 35 17
71 -55 23
68 -69 20
51 21 17
81 41 13
43 56 19
67 51 44
4 52
15 36 13
24 10 26
36 -15 13
15 -36 13
4 52
15 36 13
15 -36 13
24 10 26
36 -15 13
4 52
15 36 13
36 -15 13
15 -36 13
24 10 26
8 52
15 36 13
24 10 26
36 -15 13
15 -36 13
-12 36 13
-21 10 26
-33 -15 13
-12 -36 13
8 52
-12 36 13
36 -15 13
15 -36 13
-21 10 26
-33 -15 13
15 36 13
-12 -36 13
24 10 26
5 52
15 36 13
24 10 26
36 -15 13
15 -36 13
26 0 26
6 52
15 36 13
24 10 26
36 -15 13
15 -36 13
26 0 26
0 26 26
7 52
15 36 13
24 10 26
36 -15 13
15 -36 13
26 0 26
0 26 26
-20 -20 18
8 52
3 -24 13
39 0 13
-18 -3 13
36 15 13
-21 12 13
15 36 13
0 33 13
18 -21 13
8 52
13 -24 13
-8 -3 13
39 0 13
0 33 13
-11 12 13
36 15 13
15 36 13
28 -21 13
0 0
