20 53
0 1 510
3 1 2107
3 2 1140
0 5 1447
3 5 255
2 6 2718
6 5 2361
7 3 961
4 7 3225
8 4 3495
7 8 3299
4 9 821
5 9 1374
9 8 1866
3 10 2358
10 4 1618
7 10 147
11 2 9
11 5 244
8 11 2101
12 1 322
12 4 127
6 12 566
13 1 1495
13 2 2985
13 4 3309
13 6 1355
13 10 1349
5 14 1979
14 6 1409
14 8 1269
9 14 1528
5 15 1870
14 15 1641
6 16 80
9 16 1389
16 15 2279
17 0 1882
2 17 1296
5 17 2823
8 17 860
17 10 3236
17 11 863
0 18 1809
18 7 2247
10 18 3343
17 18 2702
19 3 2672
5 19 775
19 8 1143
19 16 2981
17 19 2175
18 19 2170
